8202;2023-03-09 08:14:57.870000;3;101332;1;1;10800.0000;1;19056.0000;None;205800.0000
8202;2023-03-09 08:14:57.870000;3;104554;1;1;4800.0000;1;19056.0000;None;205800.0000
8202;2023-03-09 08:14:57.870000;3;102886;1;1;5800.0000;1;19056.0000;None;205800.0000
8202;2023-03-09 08:23:33.380000;1;108353;1;1;21800.0000;1;19056.0000;None;205800.0000
8202;2023-03-09 08:23:33.380000;7;1000;4;1;0.0000;1;19056.0000;None;205800.0000
8202;2023-03-09 08:23:33.380000;1;102554;1;1;9800.0000;1;19056.0000;None;205800.0000
8202;2023-03-09 08:23:33.380000;7;1000;4;1;0.0000;1;19056.0000;None;205800.0000
8202;2023-03-09 08:23:33.380000;1;102561;1;1;9800.0000;1;19056.0000;None;205800.0000
8202;2023-03-09 08:23:33.380000;7;1000;4;1;0.0000;1;19056.0000;None;205800.0000
8202;2023-03-09 08:23:33.380000;1;102209;1;1;3800.0000;1;19056.0000;None;205800.0000
8202;2023-03-09 08:23:33.380000;1;102255;1;1;5800.0000;1;19056.0000;None;205800.0000
8202;2023-03-09 08:23:33.380000;1;100995;1;1;10800.0000;1;19056.0000;None;205800.0000
8202;2023-03-09 08:23:33.380000;1;100995;1;1;10800.0000;1;19056.0000;None;205800.0000
8202;2023-03-09 08:23:33.380000;3;100606;1;1;6800.0000;1;19056.0000;None;205800.0000
8202;2023-03-09 08:23:33.380000;3;101333;1;1;15800.0000;1;19056.0000;None;205800.0000
8202;2023-03-09 08:23:33.380000;3;101332;1;1;10800.0000;1;19056.0000;None;205800.0000
8202;2023-03-09 08:23:33.380000;7;1207;1;1;0.0000;1;19056.0000;None;205800.0000
8202;2023-03-09 08:27:05.247000;1;109526;1;1;21800.0000;1;19056.0000;None;205800.0000
8202;2023-03-09 08:27:05.247000;1;109525;1;1;0.0000;1;19056.0000;None;205800.0000
8202;2023-03-09 08:27:05.247000;7;1000;4;1;0.0000;1;19056.0000;None;205800.0000
8202;2023-03-09 08:27:05.247000;6;101405;2;1;0.0000;1;19056.0000;None;205800.0000
8202;2023-03-09 08:38:01.333000;1;108353;1;1;21800.0000;1;19056.0000;None;205800.0000
8202;2023-03-09 08:38:01.333000;7;1000;4;1;0.0000;1;19056.0000;None;205800.0000
8202;2023-03-09 08:38:01.333000;7;1000;4;1;0.0000;1;19056.0000;None;205800.0000
8202;2023-03-09 08:47:58.160000;3;100606;1;1;6800.0000;1;19056.0000;None;205800.0000
8202;2023-03-09 08:51:40.503000;3;100614;1;1;5800.0000;1;19056.0000;None;205800.0000
8202;2023-03-09 08:51:40.503000;1;100590;1;1;5800.0000;1;19056.0000;None;205800.0000
8202;2023-03-09 09:06:52.753000;3;100614;1;1;5800.0000;1;19056.0000;None;205800.0000
8202;2023-03-09 09:32:20.577000;3;104554;1;1;4800.0000;1;19056.0000;None;205800.0000
8202;2023-03-09 09:33:50.013000;1;100590;1;1;5800.0000;1;19056.0000;None;205800.0000
8203;2023-03-09 08:47:46.220000;3;100606;1;1;6800.0000;1;3593.0000;None;38800.0000
8203;2023-03-09 08:47:46.220000;3;100606;1;1;6800.0000;1;3593.0000;None;38800.0000
8203;2023-03-09 09:19:40.893000;3;100614;1;1;5800.0000;1;3593.0000;None;38800.0000
8203;2023-03-09 10:15:36.127000;3;100614;1;1;5800.0000;1;3593.0000;None;38800.0000
8203;2023-03-09 10:31:40.470000;3;100606;1;1;6800.0000;1;3593.0000;None;38800.0000
8203;2023-03-09 10:31:40.470000;3;100606;1;1;6800.0000;1;3593.0000;None;38800.0000
8204;2023-03-09 12:06:25.873000;3;100614;1;1;5800.0000;1;5778.0000;None;62400.0000
8204;2023-03-09 12:06:25.873000;3;200644;1;1;6800.0000;1;5778.0000;None;62400.0000
8204;2023-03-09 12:06:25.873000;3;101641;1;1;0.0000;1;5778.0000;None;62400.0000
8204;2023-03-09 12:06:25.873000;6;101061;1;1;0.0000;1;5778.0000;None;62400.0000
8204;2023-03-09 12:06:25.873000;1;103076;1;1;49800.0000;1;5778.0000;None;62400.0000
8205;2023-03-09 12:14:50.717000;3;200644;1;1;6800.0000;1;9093.0000;None;98200.0000
8205;2023-03-09 12:14:50.717000;3;101641;1;1;0.0000;1;9093.0000;None;98200.0000
8205;2023-03-09 12:14:50.717000;3;201146;1;1;6800.0000;1;9093.0000;None;98200.0000
8205;2023-03-09 12:14:50.717000;6;101061;1;1;0.0000;1;9093.0000;None;98200.0000
8205;2023-03-09 12:14:50.717000;1;108794;1;1;48800.0000;1;9093.0000;None;98200.0000
8205;2023-03-09 12:14:50.717000;7;1006;1;1;0.0000;1;9093.0000;None;98200.0000
8205;2023-03-09 12:14:50.717000;8;109320;1;1;35800.0000;1;9093.0000;None;98200.0000
8205;2023-03-09 12:14:50.717000;8;107228;1;1;0.0000;1;9093.0000;None;98200.0000
8205;2023-03-09 12:14:50.717000;7;1000;4;1;0.0000;1;9093.0000;None;98200.0000
8206;2023-03-09 12:15:59.810000;1;100848;1;1;28800.0000;1;14111.0000;None;152400.0000
8206;2023-03-09 12:15:59.810000;1;100848;1;1;28800.0000;1;14111.0000;None;152400.0000
8206;2023-03-09 12:15:59.810000;8;109320;1;1;35800.0000;1;14111.0000;None;152400.0000
8206;2023-03-09 12:15:59.810000;8;107227;1;1;0.0000;1;14111.0000;None;152400.0000
8206;2023-03-09 12:15:59.810000;8;109320;1;1;35800.0000;1;14111.0000;None;152400.0000
8206;2023-03-09 12:15:59.810000;8;107228;1;1;0.0000;1;14111.0000;None;152400.0000
8206;2023-03-09 12:15:59.813000;3;103904;1;1;4800.0000;1;14111.0000;None;152400.0000
8206;2023-03-09 12:15:59.813000;6;101061;1;1;0.0000;1;14111.0000;None;152400.0000
8206;2023-03-09 12:22:57.053000;3;103911;1;1;6800.0000;1;14111.0000;None;152400.0000
8206;2023-03-09 12:22:57.053000;3;103911;1;1;6800.0000;1;14111.0000;None;152400.0000
8206;2023-03-09 12:15:59.813000;3;103904;1;1;4800.0000;1;14111.0000;None;152400.0000
8207;2023-03-09 12:17:06.040000;3;201207;1;1;6800.0000;1;12315.0000;None;133000.0000
8207;2023-03-09 12:17:06.040000;3;200644;1;1;6800.0000;1;12315.0000;None;133000.0000
8207;2023-03-09 12:17:06.040000;3;101641;1;1;0.0000;1;12315.0000;None;133000.0000
8207;2023-03-09 12:17:06.040000;6;101061;1;1;0.0000;1;12315.0000;None;133000.0000
8207;2023-03-09 12:17:06.040000;1;103076;1;1;49800.0000;1;12315.0000;None;133000.0000
8207;2023-03-09 12:17:06.040000;1;103076;1;1;49800.0000;1;12315.0000;None;133000.0000
8207;2023-03-09 13:06:12.347000;1;103166;1;1;19800.0000;1;12315.0000;None;133000.0000
8208;2023-03-09 12:18:59.903000;1;103700;1;1;32800.0000;1;10278.0000;None;111000.0000
8208;2023-03-09 12:18:59.903000;1;105065;1;1;0.0000;1;10278.0000;None;111000.0000
8208;2023-03-09 12:18:59.903000;7;1000;4;1;0.0000;1;10278.0000;None;111000.0000
8208;2023-03-09 12:18:59.903000;1;103076;1;1;49800.0000;1;10278.0000;None;111000.0000
8208;2023-03-09 12:18:59.903000;6;101061;1;1;0.0000;1;10278.0000;None;111000.0000
8208;2023-03-09 12:18:59.903000;3;102747;1;1;4800.0000;1;10278.0000;None;111000.0000
8208;2023-03-09 12:18:59.903000;7;1034;3;1;0.0000;1;10278.0000;None;111000.0000
8208;2023-03-09 12:18:59.903000;3;201269;1;1;6800.0000;1;10278.0000;None;111000.0000
8208;2023-03-09 12:18:59.903000;3;101641;1;1;0.0000;1;10278.0000;None;111000.0000
8208;2023-03-09 12:40:57.327000;1;104004;1;1;16800.0000;1;10278.0000;None;111000.0000
8209;2023-03-09 12:20:19.663000;1;103076;1;1;49800.0000;1;10667.0000;None;115200.0000
8209;2023-03-09 12:20:19.663000;1;103076;1;1;49800.0000;1;10667.0000;None;115200.0000
8209;2023-03-09 12:20:19.663000;6;101061;1;1;0.0000;1;10667.0000;None;115200.0000
8209;2023-03-09 12:20:19.663000;3;102635;1;1;8800.0000;1;10667.0000;None;115200.0000
8209;2023-03-09 12:20:19.663000;3;201269;1;1;6800.0000;1;10667.0000;None;115200.0000
8209;2023-03-09 12:20:19.663000;3;108191;1;1;0.0000;1;10667.0000;None;115200.0000
8212;2023-03-09 12:24:59.110000;1;102678;1;1;36800.0000;1;19926.0000;None;215200.0000
8212;2023-03-09 12:24:59.110000;1;102678;1;1;36800.0000;1;19926.0000;None;215200.0000
8212;2023-03-09 12:24:59.110000;1;103515;1;1;44800.0000;1;19926.0000;None;215200.0000
8212;2023-03-09 12:24:59.110000;1;104293;1;1;44800.0000;1;19926.0000;None;215200.0000
8212;2023-03-09 12:24:59.110000;1;101552;1;1;0.0000;1;19926.0000;None;215200.0000
8212;2023-03-09 12:24:59.110000;7;1002;1;1;0.0000;1;19926.0000;None;215200.0000
8212;2023-03-09 12:24:59.110000;1;103759;1;1;10800.0000;1;19926.0000;None;215200.0000
8212;2023-03-09 12:24:59.110000;1;101954;1;1;19800.0000;1;19926.0000;None;215200.0000
8212;2023-03-09 12:24:59.110000;7;1001;1;1;0.0000;1;19926.0000;None;215200.0000
8212;2023-03-09 12:24:59.110000;7;1001;1;1;0.0000;1;19926.0000;None;215200.0000
8212;2023-03-09 12:24:59.110000;7;1001;1;1;0.0000;1;19926.0000;None;215200.0000
8212;2023-03-09 12:24:59.110000;7;1001;1;1;0.0000;1;19926.0000;None;215200.0000
8212;2023-03-09 12:24:59.110000;7;1000;4;1;0.0000;1;19926.0000;None;215200.0000
8212;2023-03-09 12:24:59.110000;3;102644;1;1;6800.0000;1;19926.0000;None;215200.0000
8212;2023-03-09 12:24:59.110000;3;102645;1;1;7800.0000;1;19926.0000;None;215200.0000
8212;2023-03-09 12:24:59.110000;3;201420;1;1;6800.0000;1;19926.0000;None;215200.0000
8213;2023-03-09 12:26:37.927000;3;201146;1;3;20400.0000;1;21019.0000;None;227000.0000
8213;2023-03-09 12:26:37.927000;3;101641;1;3;0.0000;1;21019.0000;None;227000.0000
8213;2023-03-09 12:26:37.927000;7;1034;2;3;0.0000;1;21019.0000;None;227000.0000
8213;2023-03-09 12:26:37.927000;3;201269;1;1;6800.0000;1;21019.0000;None;227000.0000
8213;2023-03-09 12:26:37.927000;7;1034;2;1;0.0000;1;21019.0000;None;227000.0000
8213;2023-03-09 12:26:37.927000;3;200644;1;1;6800.0000;1;21019.0000;None;227000.0000
8213;2023-03-09 12:26:37.927000;3;101641;1;1;0.0000;1;21019.0000;None;227000.0000
8213;2023-03-09 12:26:37.927000;7;1034;2;1;0.0000;1;21019.0000;None;227000.0000
8213;2023-03-09 12:33:21.910000;1;102678;1;1;36800.0000;1;21019.0000;None;227000.0000
8213;2023-03-09 12:33:21.910000;1;102680;1;1;36800.0000;1;21019.0000;None;227000.0000
8213;2023-03-09 12:33:21.910000;1;102680;1;1;36800.0000;1;21019.0000;None;227000.0000
8213;2023-03-09 12:33:21.910000;8;107298;1;1;48800.0000;1;21019.0000;None;227000.0000
8213;2023-03-09 12:33:21.910000;8;107228;1;1;0.0000;1;21019.0000;None;227000.0000
8213;2023-03-09 12:33:21.910000;7;1000;4;1;0.0000;1;21019.0000;None;227000.0000
8213;2023-03-09 12:33:21.910000;6;101061;1;3;0.0000;1;21019.0000;None;227000.0000
8213;2023-03-09 12:49:52.710000;1;102677;1;1;33800.0000;1;21019.0000;None;227000.0000
8214;2023-03-09 12:32:20.130000;3;200644;1;2;13600.0000;1;6019.0000;None;65000.0000
8214;2023-03-09 12:32:20.130000;3;101641;1;2;0.0000;1;6019.0000;None;65000.0000
8214;2023-03-09 12:32:20.130000;6;101061;1;1;0.0000;1;6019.0000;None;65000.0000
8214;2023-03-09 12:32:20.130000;1;103773;1;1;9800.0000;1;6019.0000;None;65000.0000
8214;2023-03-09 12:32:20.130000;1;103763;1;1;14800.0000;1;6019.0000;None;65000.0000
8214;2023-03-09 12:32:20.130000;7;1001;1;1;0.0000;1;6019.0000;None;65000.0000
8214;2023-03-09 12:32:20.130000;1;103842;1;1;26800.0000;1;6019.0000;None;65000.0000
8214;2023-03-09 12:32:20.193000;7;1006;1;1;0.0000;1;6019.0000;None;65000.0000
8215;2023-03-09 12:39:39.013000;3;200644;1;1;6800.0000;1;4037.0000;None;43600.0000
8215;2023-03-09 12:39:39.013000;3;101641;1;1;0.0000;1;4037.0000;None;43600.0000
8215;2023-03-09 12:39:39.013000;1;101127;1;1;36800.0000;1;4037.0000;None;43600.0000
8215;2023-03-09 12:39:39.013000;7;1006;1;1;0.0000;1;4037.0000;None;43600.0000
8215;2023-03-09 12:39:39.013000;7;1000;4;1;0.0000;1;4037.0000;None;43600.0000
8215;2023-03-09 12:39:39.013000;7;1000;4;1;0.0000;1;4037.0000;None;43600.0000
8217;2023-03-09 12:42:26.817000;1;103076;1;1;49800.0000;1;5426.0000;None;58600.0000
8217;2023-03-09 12:42:26.817000;3;102635;1;1;8800.0000;1;5426.0000;None;58600.0000
8217;2023-03-09 12:42:26.817000;6;101061;1;1;0.0000;1;5426.0000;None;58600.0000
8218;2023-03-09 12:48:09.380000;3;102747;1;1;4800.0000;1;7778.0000;None;84000.0000
8218;2023-03-09 12:48:09.380000;7;1034;3;1;0.0000;1;7778.0000;None;84000.0000
8218;2023-03-09 12:48:09.380000;3;201269;1;1;6800.0000;1;7778.0000;None;84000.0000
8218;2023-03-09 12:48:09.380000;3;108191;1;1;0.0000;1;7778.0000;None;84000.0000
8218;2023-03-09 12:48:09.380000;6;101061;1;1;0.0000;1;7778.0000;None;84000.0000
8218;2023-03-09 12:48:09.380000;1;102680;1;1;36800.0000;1;7778.0000;None;84000.0000
8218;2023-03-09 12:48:09.380000;1;103700;1;1;32800.0000;1;7778.0000;None;84000.0000
8218;2023-03-09 12:48:09.380000;1;101520;1;1;0.0000;1;7778.0000;None;84000.0000
8218;2023-03-09 12:48:09.380000;1;104429;1;1;2800.0000;1;7778.0000;None;84000.0000
8219;2023-03-09 12:48:53.853000;3;102747;1;1;4800.0000;1;19278.0000;None;208200.0000
8219;2023-03-09 12:48:53.853000;3;201420;1;1;6800.0000;1;19278.0000;None;208200.0000
8219;2023-03-09 12:48:53.853000;3;201237;1;1;6800.0000;1;19278.0000;None;208200.0000
8219;2023-03-09 12:48:53.853000;3;201146;1;1;6800.0000;1;19278.0000;None;208200.0000
8219;2023-03-09 12:48:53.853000;6;101061;1;2;0.0000;1;19278.0000;None;208200.0000
8219;2023-03-09 12:48:53.853000;1;100846;1;1;30800.0000;1;19278.0000;None;208200.0000
8219;2023-03-09 12:48:53.853000;1;100848;1;1;28800.0000;1;19278.0000;None;208200.0000
8219;2023-03-09 12:48:53.853000;1;100851;1;1;23800.0000;1;19278.0000;None;208200.0000
8219;2023-03-09 12:48:53.853000;1;103076;1;2;99600.0000;1;19278.0000;None;208200.0000
8220;2023-03-09 13:01:44.837000;3;201420;1;2;13600.0000;1;7889.0000;None;85200.0000
8220;2023-03-09 13:01:44.837000;1;100855;1;1;28800.0000;1;7889.0000;None;85200.0000
8220;2023-03-09 13:01:44.837000;1;103841;1;1;42800.0000;1;7889.0000;None;85200.0000
8220;2023-03-09 13:01:44.837000;7;1006;1;1;0.0000;1;7889.0000;None;85200.0000
8221;2023-03-09 13:05:17.133000;2;201615;1;1;14800.0000;1;12898.0000;None;139300.0000
8221;2023-03-09 13:17:51.220000;8;109320;1;1;35800.0000;1;12898.0000;None;139300.0000
8221;2023-03-09 13:17:51.220000;8;107228;1;1;0.0000;1;12898.0000;None;139300.0000
8221;2023-03-09 13:17:51.220000;1;104294;1;1;65800.0000;1;12898.0000;None;139300.0000
8221;2023-03-09 13:17:51.220000;1;101522;1;1;0.0000;1;12898.0000;None;139300.0000
8221;2023-03-09 13:17:51.220000;7;1006;1;1;0.0000;1;12898.0000;None;139300.0000
8221;2023-03-09 13:17:51.220000;1;102141;1;1;1800.0000;1;12898.0000;None;139300.0000
8221;2023-03-09 13:17:51.220000;6;101061;1;1;0.0000;1;12898.0000;None;139300.0000
8221;2023-03-09 13:32:52.927000;3;201420;1;1;6800.0000;1;12898.0000;None;139300.0000
8221;2023-03-09 13:32:52.927000;3;101641;1;1;0.0000;1;12898.0000;None;139300.0000
8221;2023-03-09 13:54:11.597000;1;102910;1;1;5500.0000;1;12898.0000;None;139300.0000
8221;2023-03-09 13:55:51.033000;1;104958;1;1;8800.0000;1;12898.0000;None;139300.0000
8222;2023-03-09 12:22:27.637000;3;201146;1;1;6800.0000;1;41204.0000;None;445000.0000
8222;2023-03-09 12:22:27.637000;3;102747;1;1;4800.0000;1;41204.0000;None;445000.0000
8222;2023-03-09 12:22:27.637000;3;201207;1;1;6800.0000;1;41204.0000;None;445000.0000
8222;2023-03-09 12:22:27.637000;3;201207;1;1;6800.0000;1;41204.0000;None;445000.0000
8222;2023-03-09 12:22:27.637000;1;103171;1;1;28800.0000;1;41204.0000;None;445000.0000
8222;2023-03-09 12:22:27.637000;1;101520;1;1;0.0000;1;41204.0000;None;445000.0000
8222;2023-03-09 12:22:27.637000;1;102132;1;1;6800.0000;1;41204.0000;None;445000.0000
8222;2023-03-09 12:22:27.637000;1;102678;1;1;36800.0000;1;41204.0000;None;445000.0000
8222;2023-03-09 12:22:27.637000;1;102228;1;1;8800.0000;1;41204.0000;None;445000.0000
8222;2023-03-09 12:22:27.637000;1;102671;1;1;38800.0000;1;41204.0000;None;445000.0000
8222;2023-03-09 12:22:27.637000;1;100848;1;1;28800.0000;1;41204.0000;None;445000.0000
8222;2023-03-09 12:22:27.637000;1;104294;1;1;65800.0000;1;41204.0000;None;445000.0000
8222;2023-03-09 12:22:27.637000;7;1002;1;1;0.0000;1;41204.0000;None;445000.0000
8222;2023-03-09 12:22:27.637000;1;101522;1;1;0.0000;1;41204.0000;None;445000.0000
8222;2023-03-09 12:22:27.637000;6;101061;1;4;0.0000;1;41204.0000;None;445000.0000
8222;2023-03-09 12:22:27.637000;3;201420;1;1;6800.0000;1;41204.0000;None;445000.0000
8222;2023-03-09 12:22:27.637000;3;201420;1;1;6800.0000;1;41204.0000;None;445000.0000
8222;2023-03-09 12:22:27.637000;3;102747;1;2;9600.0000;1;41204.0000;None;445000.0000
8222;2023-03-09 12:22:27.637000;7;1034;3;2;0.0000;1;41204.0000;None;445000.0000
8222;2023-03-09 12:22:27.637000;1;103076;1;2;99600.0000;1;41204.0000;None;445000.0000
8222;2023-03-09 12:22:27.637000;1;103340;1;1;30800.0000;1;41204.0000;None;445000.0000
8222;2023-03-09 12:22:27.637000;1;101522;1;1;0.0000;1;41204.0000;None;445000.0000
8222;2023-03-09 12:51:22.930000;1;104293;1;1;44800.0000;1;41204.0000;None;445000.0000
8222;2023-03-09 12:51:22.930000;1;104397;1;1;0.0000;1;41204.0000;None;445000.0000
8222;2023-03-09 12:51:22.930000;7;1006;1;1;0.0000;1;41204.0000;None;445000.0000
8222;2023-03-09 12:56:53.740000;3;201269;1;1;6800.0000;1;41204.0000;None;445000.0000
8222;2023-03-09 12:56:53.740000;3;101641;1;1;0.0000;1;41204.0000;None;445000.0000
8223;2023-03-09 13:09:37.017000;3;201420;1;1;6800.0000;1;5963.0000;None;64400.0000
8223;2023-03-09 13:09:37.017000;6;101061;1;1;0.0000;1;5963.0000;None;64400.0000
8223;2023-03-09 13:09:37.017000;1;100855;1;1;28800.0000;1;5963.0000;None;64400.0000
8223;2023-03-09 13:09:37.017000;1;100853;1;1;28800.0000;1;5963.0000;None;64400.0000
8225;2023-03-09 13:10:46.763000;1;100855;1;1;28800.0000;1;11463.0000;None;123800.0000
8225;2023-03-09 13:10:46.763000;1;100855;1;1;28800.0000;1;11463.0000;None;123800.0000
8225;2023-03-09 13:10:46.763000;6;101061;1;1;0.0000;1;11463.0000;None;123800.0000
8225;2023-03-09 13:10:46.763000;3;201420;1;1;6800.0000;1;11463.0000;None;123800.0000
8225;2023-03-09 13:10:46.763000;3;201420;1;1;6800.0000;1;11463.0000;None;123800.0000
8225;2023-03-09 13:16:04.210000;1;100855;1;1;28800.0000;1;11463.0000;None;123800.0000
8225;2023-03-09 13:16:04.210000;1;100851;1;1;23800.0000;1;11463.0000;None;123800.0000
8225;2023-03-09 13:16:04.210000;7;1000;4;1;0.0000;1;11463.0000;None;123800.0000
8226;2023-03-09 13:15:28.403000;1;103076;1;1;49800.0000;1;6519.0000;None;70400.0000
8226;2023-03-09 13:15:28.403000;6;101061;1;1;0.0000;1;6519.0000;None;70400.0000
8226;2023-03-09 13:15:28.403000;3;102747;1;1;4800.0000;1;6519.0000;None;70400.0000
8226;2023-03-09 13:27:13.620000;1;103372;1;1;15800.0000;1;6519.0000;None;70400.0000
8227;2023-03-09 13:09:37.020000;3;201420;1;1;6800.0000;1;None;None;4800.0000
8227;2023-03-09 15:14:38.080000;3;201420;1;-1;-6800.0000;1;None;None;4800.0000
8227;2023-03-09 17:00:45.680000;3;103904;1;1;4800.0000;1;None;None;4800.0000
8228;2023-03-09 13:19:12.347000;3;104554;1;1;4800.0000;1;10444.0000;None;112800.0000
8228;2023-03-09 13:19:12.347000;3;200644;1;1;6800.0000;1;10444.0000;None;112800.0000
8228;2023-03-09 13:19:12.347000;3;101641;1;1;0.0000;1;10444.0000;None;112800.0000
8228;2023-03-09 13:19:12.347000;6;101061;1;1;0.0000;1;10444.0000;None;112800.0000
8228;2023-03-09 13:19:12.347000;1;102407;1;1;34800.0000;1;10444.0000;None;112800.0000
8228;2023-03-09 13:19:12.347000;6;101442;1;1;0.0000;1;10444.0000;None;112800.0000
8228;2023-03-09 13:19:12.347000;1;103515;1;1;44800.0000;1;10444.0000;None;112800.0000
8228;2023-03-09 13:57:45.923000;3;100614;1;1;5800.0000;1;10444.0000;None;112800.0000
8228;2023-03-09 13:57:45.923000;3;100614;1;1;5800.0000;1;10444.0000;None;112800.0000
8228;2023-03-09 13:59:00.033000;1;100581;1;1;10000.0000;1;10444.0000;None;112800.0000
8228;2023-03-09 13:59:00.033000;7;1347;1;1;0.0000;1;10444.0000;None;112800.0000
8228;2023-03-09 13:59:00.033000;7;1346;1;1;0.0000;1;10444.0000;None;112800.0000
8228;2023-03-09 13:59:00.033000;7;1348;1;1;0.0000;1;10444.0000;None;112800.0000
8228;2023-03-09 12:15:59.813000;3;103904;1;1;4800.0000;1;10444.0000;None;112800.0000
8228;2023-03-09 14:01:01.910000;3;103904;1;-1;-4800.0000;1;10444.0000;None;112800.0000
8229;2023-03-09 13:21:00.757000;3;102747;1;1;4800.0000;1;3111.0000;None;33600.0000
8229;2023-03-09 13:21:00.757000;1;100855;1;1;28800.0000;1;3111.0000;None;33600.0000
8229;2023-03-09 13:21:00.757000;6;101061;1;1;0.0000;1;3111.0000;None;33600.0000
8230;2023-03-09 13:28:03.037000;1;100853;1;1;28800.0000;1;29463.0000;None;318200.0000
8230;2023-03-09 13:28:03.037000;1;100853;1;1;28800.0000;1;29463.0000;None;318200.0000
8230;2023-03-09 13:28:03.037000;1;100847;1;1;26800.0000;1;29463.0000;None;318200.0000
8230;2023-03-09 13:28:03.037000;1;100844;1;1;28800.0000;1;29463.0000;None;318200.0000
8230;2023-03-09 13:28:03.037000;1;103791;1;1;39800.0000;1;29463.0000;None;318200.0000
8230;2023-03-09 13:28:03.037000;6;101535;1;1;0.0000;1;29463.0000;None;318200.0000
8230;2023-03-09 13:28:03.037000;1;103076;1;1;49800.0000;1;29463.0000;None;318200.0000
8230;2023-03-09 13:28:03.037000;1;103076;1;1;49800.0000;1;29463.0000;None;318200.0000
8230;2023-03-09 13:28:03.037000;6;101061;1;2;0.0000;1;29463.0000;None;318200.0000
8230;2023-03-09 13:28:03.037000;3;201420;1;1;6800.0000;1;29463.0000;None;318200.0000
8230;2023-03-09 13:28:03.037000;3;201207;1;1;6800.0000;1;29463.0000;None;318200.0000
8230;2023-03-09 13:28:03.037000;3;201207;1;1;6800.0000;1;29463.0000;None;318200.0000
8230;2023-03-09 13:28:03.037000;3;200644;1;1;6800.0000;1;29463.0000;None;318200.0000
8230;2023-03-09 13:28:03.037000;3;102747;1;1;4800.0000;1;29463.0000;None;318200.0000
8230;2023-03-09 13:28:03.037000;3;104446;1;1;5800.0000;1;29463.0000;None;318200.0000
8230;2023-03-09 13:28:03.037000;3;104446;1;1;5800.0000;1;29463.0000;None;318200.0000
8230;2023-03-09 13:55:35.460000;1;100582;1;1;18000.0000;1;29463.0000;None;318200.0000
8230;2023-03-09 13:55:35.460000;7;1350;1;6;0.0000;1;29463.0000;None;318200.0000
8230;2023-03-09 13:55:35.460000;1;104272;1;1;4000.0000;1;29463.0000;None;318200.0000
8230;2023-03-09 13:55:35.460000;7;1345;1;1;0.0000;1;29463.0000;None;318200.0000
8230;2023-03-09 12:49:34.053000;3;201609;1;1;6800.0000;1;29463.0000;None;318200.0000
8230;2023-03-09 14:04:23.270000;3;201609;1;-1;-6800.0000;1;29463.0000;None;318200.0000
8231;2023-03-09 13:28:24.127000;1;103076;1;1;49800.0000;1;5148.0000;None;55600.0000
8231;2023-03-09 13:28:24.127000;6;101061;1;1;0.0000;1;5148.0000;None;55600.0000
8231;2023-03-09 13:28:24.127000;3;100614;1;1;5800.0000;1;5148.0000;None;55600.0000
8232;2023-03-09 13:29:59.160000;1;102684;1;1;17800.0000;1;1648.0000;None;17800.0000
8232;2023-03-09 13:29:59.160000;6;101061;1;1;0.0000;1;1648.0000;None;17800.0000
8233;2023-03-09 14:06:13.717000;1;101954;1;1;19800.0000;1;11019.0000;None;119000.0000
8233;2023-03-09 14:06:13.717000;7;1001;1;1;0.0000;1;11019.0000;None;119000.0000
8233;2023-03-09 14:06:13.717000;1;104719;1;1;39800.0000;1;11019.0000;None;119000.0000
8233;2023-03-09 14:06:13.717000;1;101522;1;1;0.0000;1;11019.0000;None;119000.0000
8233;2023-03-09 14:06:13.717000;1;103551;1;1;49800.0000;1;11019.0000;None;119000.0000
8233;2023-03-09 14:06:13.717000;6;101061;1;1;0.0000;1;11019.0000;None;119000.0000
8233;2023-03-09 14:06:13.717000;3;102747;1;1;4800.0000;1;11019.0000;None;119000.0000
8233;2023-03-09 14:06:13.717000;7;1034;3;1;0.0000;1;11019.0000;None;119000.0000
8233;2023-03-09 14:06:13.717000;3;102747;1;1;4800.0000;1;11019.0000;None;119000.0000
8234;2023-03-09 14:09:54.993000;6;101061;1;2;0.0000;1;5796.0000;None;62600.0000
8234;2023-03-09 14:18:19.727000;1;102502;1;1;47800.0000;1;5796.0000;None;62600.0000
8234;2023-03-09 14:18:19.727000;6;101563;1;1;0.0000;1;5796.0000;None;62600.0000
8234;2023-03-09 14:18:19.727000;7;1007;1;1;0.0000;1;5796.0000;None;62600.0000
8234;2023-03-09 14:18:19.727000;2;201615;1;1;14800.0000;1;5796.0000;None;62600.0000
8234;2023-03-09 14:49:45.407000;1;100581;1;1;10000.0000;1;5796.0000;None;62600.0000
8234;2023-03-09 14:49:45.407000;7;1346;1;3;0.0000;1;5796.0000;None;62600.0000
8234;2023-03-09 15:00:00.927000;1;100581;1;-1;-10000.0000;1;5796.0000;None;62600.0000
8234;2023-03-09 15:00:00.927000;7;1346;1;-3;0.0000;1;5796.0000;None;62600.0000
8235;2023-03-09 14:09:54.993000;3;201609;1;1;6800.0000;1;2417.0000;None;26100.0000
8235;2023-03-09 14:19:28.353000;3;201609;1;-1;-6800.0000;1;2417.0000;None;26100.0000
8235;2023-03-09 15:46:07.150000;1;102906;1;1;5500.0000;1;2417.0000;None;26100.0000
8235;2023-03-09 15:48:36.057000;1;108825;1;1;13800.0000;1;2417.0000;None;26100.0000
8235;2023-03-09 16:08:05.653000;3;201146;1;1;6800.0000;1;2417.0000;None;26100.0000
8237;2023-03-09 14:45:44.783000;3;102631;1;1;7800.0000;1;7796.0000;None;84200.0000
8237;2023-03-09 14:45:44.783000;3;102616;1;1;6800.0000;1;7796.0000;None;84200.0000
8237;2023-03-09 14:45:44.783000;1;103788;1;1;39800.0000;1;7796.0000;None;84200.0000
8237;2023-03-09 14:45:44.783000;6;101535;1;1;0.0000;1;7796.0000;None;84200.0000
8237;2023-03-09 14:45:44.783000;1;103784;1;1;29800.0000;1;7796.0000;None;84200.0000
8237;2023-03-09 14:45:44.783000;6;101624;1;1;0.0000;1;7796.0000;None;84200.0000
8237;2023-03-09 14:45:44.783000;6;101061;1;1;0.0000;1;7796.0000;None;84200.0000
8238;2023-03-09 14:46:56.653000;3;201207;1;1;6800.0000;1;9111.0000;None;98400.0000
8238;2023-03-09 14:46:56.653000;7;1207;1;1;0.0000;1;9111.0000;None;98400.0000
8238;2023-03-09 14:46:56.653000;3;201422;1;1;6800.0000;1;9111.0000;None;98400.0000
8238;2023-03-09 14:46:56.653000;6;101061;1;1;0.0000;1;9111.0000;None;98400.0000
8238;2023-03-09 14:46:56.653000;1;102678;1;2;73600.0000;1;9111.0000;None;98400.0000
8238;2023-03-09 14:51:47.140000;1;100582;1;1;18000.0000;1;9111.0000;None;98400.0000
8238;2023-03-09 14:51:47.140000;7;1349;1;6;0.0000;1;9111.0000;None;98400.0000
8238;2023-03-09 15:16:36.987000;3;201422;1;-1;-6800.0000;1;9111.0000;None;98400.0000
9472;2023-03-09 10:15:58.877000;1;100582;1;1;18000.0000;1;None;None;18000.0000
9472;2023-03-09 10:15:58.877000;7;1348;1;6;0.0000;1;None;None;18000.0000
9473;2023-03-09 11:13:07.207000;1;103171;1;1;28800.0000;1;None;None;28800.0000
9473;2023-03-09 11:13:07.207000;1;104397;1;1;0.0000;1;None;None;28800.0000
9473;2023-03-09 11:13:07.207000;7;1000;4;1;0.0000;1;None;None;28800.0000
9473;2023-03-09 11:13:07.207000;7;1000;4;1;0.0000;1;None;None;28800.0000
9474;2023-03-09 11:37:06.257000;8;107296;1;1;55800.0000;1;None;None;158600.0000
9474;2023-03-09 11:37:06.257000;8;107228;1;1;0.0000;1;None;None;158600.0000
9474;2023-03-09 11:37:06.257000;7;1000;4;1;0.0000;1;None;None;158600.0000
9474;2023-03-09 11:37:06.257000;8;104791;1;1;2200.0000;1;None;None;158600.0000
9474;2023-03-09 11:37:06.257000;8;107296;1;1;55800.0000;1;None;None;158600.0000
9474;2023-03-09 11:37:06.257000;8;107228;1;1;0.0000;1;None;None;158600.0000
9474;2023-03-09 11:37:06.257000;1;104293;1;1;44800.0000;1;None;None;158600.0000
9474;2023-03-09 11:37:06.257000;1;101433;1;1;0.0000;1;None;None;158600.0000
9474;2023-03-09 11:37:06.257000;7;1002;1;1;0.0000;1;None;None;158600.0000
9474;2023-03-09 11:37:06.257000;7;1000;4;1;0.0000;1;None;None;158600.0000
9475;2023-03-09 12:21:48.103000;1;100847;1;1;26800.0000;1;None;None;26800.0000
9475;2023-03-09 12:21:48.103000;7;1000;4;1;0.0000;1;None;None;26800.0000
9476;2023-03-09 12:22:43.493000;8;107298;1;1;43800.0000;1;14982.0000;None;161800.0000
9476;2023-03-09 12:22:43.493000;8;107228;1;1;0.0000;1;14982.0000;None;161800.0000
9476;2023-03-09 12:22:43.493000;8;107298;1;1;43800.0000;1;14982.0000;None;161800.0000
9476;2023-03-09 12:22:43.493000;8;107228;1;1;0.0000;1;14982.0000;None;161800.0000
9476;2023-03-09 12:22:43.493000;6;101061;1;1;0.0000;1;14982.0000;None;161800.0000
9476;2023-03-09 12:22:43.493000;3;201146;1;1;6800.0000;1;14982.0000;None;161800.0000
9476;2023-03-09 12:22:43.493000;3;200644;1;1;6800.0000;1;14982.0000;None;161800.0000
9476;2023-03-09 12:34:00.747000;1;103076;1;1;49800.0000;1;14982.0000;None;161800.0000
9476;2023-03-09 12:34:00.747000;3;201146;1;1;6800.0000;1;14982.0000;None;161800.0000
9476;2023-03-09 12:34:00.747000;7;1207;1;1;0.0000;1;14982.0000;None;161800.0000
9476;2023-03-09 12:58:58.977000;1;104272;1;1;4000.0000;1;14982.0000;None;161800.0000
9476;2023-03-09 12:58:58.977000;7;1347;1;1;0.0000;1;14982.0000;None;161800.0000
9477;2023-03-09 12:28:14.627000;1;105188;1;1;31800.0000;1;None;None;63600.0000
9477;2023-03-09 12:28:14.627000;1;105188;1;1;31800.0000;1;None;None;63600.0000
9477;2023-03-09 12:28:14.627000;7;1000;4;1;0.0000;1;None;None;63600.0000
9478;2023-03-09 12:33:22.860000;3;201146;1;1;6800.0000;1;19296.0000;None;208400.0000
9478;2023-03-09 12:33:22.860000;7;1034;2;1;0.0000;1;19296.0000;None;208400.0000
9478;2023-03-09 12:33:22.860000;3;201146;1;1;6800.0000;1;19296.0000;None;208400.0000
9478;2023-03-09 12:33:22.860000;7;1034;2;1;0.0000;1;19296.0000;None;208400.0000
9478;2023-03-09 12:33:22.860000;3;102635;1;1;8800.0000;1;19296.0000;None;208400.0000
9478;2023-03-09 12:34:41.500000;6;101061;1;1;0.0000;1;19296.0000;None;208400.0000
9478;2023-03-09 12:34:41.500000;8;104655;1;2;77600.0000;1;19296.0000;None;208400.0000
9478;2023-03-09 12:34:41.500000;7;1000;4;1;0.0000;1;19296.0000;None;208400.0000
9478;2023-03-09 12:34:41.500000;1;103076;1;2;99600.0000;1;19296.0000;None;208400.0000
9478;2023-03-09 13:17:34.767000;1;103097;1;1;8800.0000;1;19296.0000;None;208400.0000
9479;2023-03-09 12:41:29.147000;1;100581;1;1;10000.0000;1;None;None;10000.0000
9479;2023-03-09 12:41:29.147000;7;1347;1;3;0.0000;1;None;None;10000.0000
9481;2023-03-09 12:49:34.053000;1;101954;1;1;19800.0000;1;16296.0000;None;176000.0000
9481;2023-03-09 12:49:34.053000;7;1001;1;1;0.0000;1;16296.0000;None;176000.0000
9481;2023-03-09 12:49:34.053000;7;1001;1;1;0.0000;1;16296.0000;None;176000.0000
9481;2023-03-09 12:49:34.053000;7;1001;1;1;0.0000;1;16296.0000;None;176000.0000
9481;2023-03-09 12:49:34.053000;1;102228;1;1;8800.0000;1;16296.0000;None;176000.0000
9481;2023-03-09 12:49:34.053000;1;100855;1;1;28800.0000;1;16296.0000;None;176000.0000
9481;2023-03-09 12:49:34.053000;1;100854;1;1;26800.0000;1;16296.0000;None;176000.0000
9481;2023-03-09 12:49:34.053000;1;109323;1;1;54800.0000;1;16296.0000;None;176000.0000
9481;2023-03-09 12:49:34.053000;7;1007;1;1;0.0000;1;16296.0000;None;176000.0000
9481;2023-03-09 12:49:34.053000;1;100624;1;1;1000.0000;1;16296.0000;None;176000.0000
9481;2023-03-09 12:49:34.053000;3;201609;1;1;6800.0000;1;16296.0000;None;176000.0000
9481;2023-03-09 12:49:34.053000;3;101641;1;1;0.0000;1;16296.0000;None;176000.0000
9481;2023-03-09 12:49:34.053000;3;102635;1;1;8800.0000;1;16296.0000;None;176000.0000
9481;2023-03-09 13:26:51.723000;3;102635;1;1;8800.0000;1;16296.0000;None;176000.0000
9481;2023-03-09 13:26:51.723000;3;100614;1;1;5800.0000;1;16296.0000;None;176000.0000
9481;2023-03-09 13:26:51.723000;3;100614;1;1;5800.0000;1;16296.0000;None;176000.0000
9482;2023-03-09 12:53:48.607000;3;102747;1;1;4800.0000;1;6222.0000;None;67200.0000
9482;2023-03-09 12:53:48.607000;3;200644;1;1;6800.0000;1;6222.0000;None;67200.0000
9482;2023-03-09 12:53:48.607000;1;100851;1;1;23800.0000;1;6222.0000;None;67200.0000
9482;2023-03-09 12:53:48.607000;1;103134;1;1;31800.0000;1;6222.0000;None;67200.0000
9485;2023-03-09 13:26:10.087000;1;100581;1;1;10000.0000;1;None;None;15500.0000
9485;2023-03-09 13:26:10.087000;7;1347;1;3;0.0000;1;None;None;15500.0000
9485;2023-03-09 13:26:10.087000;1;102905;1;1;5500.0000;1;None;None;15500.0000
9486;2023-03-09 13:27:51.183000;1;103092;1;1;8800.0000;1;None;None;30400.0000
9486;2023-03-09 13:27:51.183000;1;103095;1;1;8800.0000;1;None;None;30400.0000
9486;2023-03-09 13:27:51.183000;1;104275;1;1;8800.0000;1;None;None;30400.0000
9486;2023-03-09 13:27:51.183000;1;104272;1;1;4000.0000;1;None;None;30400.0000
9486;2023-03-09 13:27:51.183000;7;1345;1;1;0.0000;1;None;None;30400.0000
9487;2023-03-09 12:38:01.247000;3;201420;1;1;6800.0000;1;13556.0000;None;146400.0000
9487;2023-03-09 12:38:01.247000;1;104727;1;1;69800.0000;1;13556.0000;None;146400.0000
9487;2023-03-09 12:38:01.247000;1;101522;1;1;0.0000;1;13556.0000;None;146400.0000
9487;2023-03-09 12:38:01.247000;7;1002;1;1;0.0000;1;13556.0000;None;146400.0000
9487;2023-03-09 12:38:01.247000;1;104727;1;1;69800.0000;1;13556.0000;None;146400.0000
9487;2023-03-09 12:38:01.247000;1;101522;1;1;0.0000;1;13556.0000;None;146400.0000
9487;2023-03-09 12:38:01.247000;7;1002;1;1;0.0000;1;13556.0000;None;146400.0000
9488;2023-03-09 12:38:01.247000;3;201207;1;1;6800.0000;1;3296.0000;None;35600.0000
9488;2023-03-09 12:38:01.247000;1;100853;1;1;28800.0000;1;3296.0000;None;35600.0000
9488;2023-03-09 12:38:01.247000;6;101061;1;1;0.0000;1;3296.0000;None;35600.0000
9489;2023-03-09 12:38:01.247000;3;201420;1;1;6800.0000;1;5704.0000;None;61600.0000
9489;2023-03-09 12:38:01.247000;1;109323;1;1;54800.0000;1;5704.0000;None;61600.0000
9489;2023-03-09 12:38:01.247000;7;1007;1;1;0.0000;1;5704.0000;None;61600.0000
9490;2023-03-09 13:01:44.837000;3;104554;1;1;4800.0000;1;3204.0000;None;34600.0000
9490;2023-03-09 13:01:44.837000;6;101061;1;1;0.0000;1;3204.0000;None;34600.0000
9490;2023-03-09 13:01:44.837000;1;103784;1;1;29800.0000;1;3204.0000;None;34600.0000
9490;2023-03-09 13:01:44.837000;6;101442;1;1;0.0000;1;3204.0000;None;34600.0000
9491;2023-03-09 13:47:07.800000;1;100582;1;1;18000.0000;1;None;None;24000.0000
9491;2023-03-09 13:47:07.800000;7;1347;1;6;0.0000;1;None;None;24000.0000
9491;2023-03-09 13:47:07.800000;1;103084;1;1;6000.0000;1;None;None;24000.0000
9492;2023-03-09 14:09:22.157000;1;100583;1;1;32000.0000;1;None;None;32000.0000
9492;2023-03-09 14:09:22.157000;7;1346;1;12;0.0000;1;None;None;32000.0000
9494;2023-03-09 14:48:54.483000;1;100583;1;1;32000.0000;1;None;None;64000.0000
9494;2023-03-09 14:48:54.483000;7;1349;1;12;0.0000;1;None;None;64000.0000
9494;2023-03-09 14:48:54.483000;1;100583;1;1;32000.0000;1;None;None;64000.0000
9494;2023-03-09 14:48:54.483000;7;1348;1;12;0.0000;1;None;None;64000.0000
9495;2023-03-09 14:09:54.993000;1;103104;1;1;32800.0000;1;3667.0000;None;39600.0000
9495;2023-03-09 14:09:54.993000;1;101522;1;1;0.0000;1;3667.0000;None;39600.0000
9495;2023-03-09 14:12:25.010000;3;200644;1;1;6800.0000;1;3667.0000;None;39600.0000
9495;2023-03-09 14:12:25.010000;3;108191;1;1;0.0000;1;3667.0000;None;39600.0000
9496;2023-03-09 14:09:54.993000;1;102675;1;1;28800.0000;1;5315.0000;None;57400.0000
9496;2023-03-09 14:09:54.993000;3;102747;1;1;4800.0000;1;5315.0000;None;57400.0000
9496;2023-03-09 14:58:56.633000;1;104272;1;1;4000.0000;1;5315.0000;None;57400.0000
9496;2023-03-09 14:58:56.633000;7;1347;1;1;0.0000;1;5315.0000;None;57400.0000
9496;2023-03-09 14:58:56.633000;1;103166;1;1;19800.0000;1;5315.0000;None;57400.0000
9497;2023-03-09 14:09:54.993000;8;109318;1;1;40800.0000;1;4667.0000;None;50400.0000
9497;2023-03-09 14:09:54.993000;8;107228;1;1;0.0000;1;4667.0000;None;50400.0000
9497;2023-03-09 14:09:54.993000;3;102747;1;1;4800.0000;1;4667.0000;None;50400.0000
9497;2023-03-09 14:09:54.993000;7;1034;3;1;0.0000;1;4667.0000;None;50400.0000
9497;2023-03-09 14:25:36.763000;3;102747;1;1;4800.0000;1;4667.0000;None;50400.0000
9498;2023-03-09 14:09:54.993000;1;102676;1;1;30800.0000;1;3593.0000;None;38800.0000
9498;2023-03-09 15:00:51.170000;1;104272;1;1;4000.0000;1;3593.0000;None;38800.0000
9498;2023-03-09 15:00:51.170000;7;1348;1;1;0.0000;1;3593.0000;None;38800.0000
9498;2023-03-09 15:00:51.170000;1;104272;1;1;4000.0000;1;3593.0000;None;38800.0000
9498;2023-03-09 15:00:51.170000;7;1349;1;1;0.0000;1;3593.0000;None;38800.0000
9499;2023-03-09 14:09:54.993000;1;102666;1;1;32800.0000;1;3759.0000;None;40600.0000
9499;2023-03-09 14:09:54.993000;3;102631;1;1;7800.0000;1;3759.0000;None;40600.0000
9500;2023-03-09 14:09:54.993000;1;105188;1;1;31800.0000;1;3759.0000;None;40600.0000
9500;2023-03-09 14:09:54.993000;3;102635;1;1;8800.0000;1;3759.0000;None;40600.0000
9502;2023-03-09 17:09:49.800000;1;104958;1;2;17600.0000;1;None;None;52800.0000
9502;2023-03-09 17:09:49.800000;1;104275;1;2;17600.0000;1;None;None;52800.0000
9502;2023-03-09 17:09:49.800000;1;103097;1;2;17600.0000;1;None;None;52800.0000
9503;2023-03-09 17:34:03.017000;1;100581;1;1;10000.0000;1;None;None;10000.0000
9503;2023-03-09 17:34:03.017000;7;1350;1;1;0.0000;1;None;None;10000.0000
9503;2023-03-09 17:34:03.017000;7;1350;1;1;0.0000;1;None;None;10000.0000
9503;2023-03-09 17:34:03.017000;7;1350;1;1;0.0000;1;None;None;10000.0000
9504;2023-03-09 18:15:29.817000;1;100581;1;1;10000.0000;1;None;None;10000.0000
9504;2023-03-09 18:15:29.817000;7;1349;1;1;0.0000;1;None;None;10000.0000
9504;2023-03-09 18:15:29.817000;7;1348;1;1;0.0000;1;None;None;10000.0000
9504;2023-03-09 18:15:29.817000;7;1347;1;1;0.0000;1;None;None;10000.0000
27009;2023-03-09 08:30:30.500000;1;100846;1;1;32400.0000;1;None;None;33600.0000
27009;2023-03-09 08:30:30.500000;1;108219;1;1;1200.0000;1;None;None;33600.0000
27017;2023-03-09 10:13:24.540000;1;102679;1;1;35500.0000;1;None;None;37000.0000
27017;2023-03-09 10:13:24.540000;1;102286;1;1;1500.0000;1;None;None;37000.0000
27019;2023-03-09 11:16:35.057000;8;103615;1;1;39700.0000;1;None;None;111800.0000
27019;2023-03-09 11:16:35.057000;8;106077;1;1;34500.0000;1;None;None;111800.0000
27019;2023-03-09 11:16:35.057000;8;101026;1;1;37600.0000;1;None;None;111800.0000
27020;2023-03-09 11:21:46.667000;1;101323;1;1;30300.0000;1;None;None;30300.0000
27020;2023-03-09 11:21:46.667000;7;1344;1;1;0.0000;1;None;None;30300.0000
27021;2023-03-09 11:55:31.947000;8;103867;1;1;30300.0000;1;None;None;30300.0000
27022;2023-03-09 11:56:02.040000;8;103615;1;1;39700.0000;1;None;None;136800.0000
27022;2023-03-09 11:56:02.040000;8;103544;1;1;25000.0000;1;None;None;136800.0000
27022;2023-03-09 11:56:02.040000;8;109295;1;1;37600.0000;1;None;None;136800.0000
27022;2023-03-09 11:56:02.040000;8;106077;1;1;34500.0000;1;None;None;136800.0000
27024;2023-03-09 11:58:32.367000;8;109601;1;1;68255.0000;1;None;None;68255.0000
27025;2023-03-09 11:59:23.377000;1;101323;1;1;30300.0000;1;None;None;37500.0000
27025;2023-03-09 11:59:23.377000;3;201420;1;1;7200.0000;1;None;None;37500.0000
27026;2023-03-09 12:00:59.237000;8;107296;1;1;55500.0000;1;None;None;75900.0000
27026;2023-03-09 12:00:59.237000;8;107228;1;1;0.0000;1;None;None;75900.0000
27026;2023-03-09 12:00:59.237000;7;1000;4;1;0.0000;1;None;None;75900.0000
27026;2023-03-09 12:00:59.237000;8;107259;1;1;2700.0000;1;None;None;75900.0000
27026;2023-03-09 12:00:59.237000;1;102456;1;1;17700.0000;1;None;None;75900.0000
27027;2023-03-09 12:01:26.327000;1;100846;1;1;32400.0000;1;None;None;32400.0000
27028;2023-03-09 12:01:57.227000;1;103791;1;1;41800.0000;1;None;None;41800.0000
27028;2023-03-09 12:01:57.227000;6;101624;1;1;0.0000;1;None;None;41800.0000
27028;2023-03-09 12:01:57.227000;7;1344;1;1;0.0000;1;None;None;41800.0000
27029;2023-03-09 12:05:03.347000;1;102677;1;1;35500.0000;1;None;None;59500.0000
27029;2023-03-09 12:05:03.347000;1;100850;1;1;24000.0000;1;None;None;59500.0000
27030;2023-03-09 12:08:52.273000;1;102675;1;1;30300.0000;1;None;None;30300.0000
27031;2023-03-09 12:11:36.910000;1;102671;1;1;40800.0000;1;None;None;48000.0000
27031;2023-03-09 12:11:36.910000;3;201210;1;1;7200.0000;1;None;None;48000.0000
27032;2023-03-09 12:16:38.560000;1;109580;1;1;35350.0000;1;None;None;35350.0000
27032;2023-03-09 12:16:38.560000;6;101563;1;1;0.0000;1;None;None;35350.0000
27032;2023-03-09 12:16:38.560000;7;1007;1;1;0.0000;1;None;None;35350.0000
27032;2023-03-09 12:16:38.560000;7;1344;1;1;0.0000;1;None;None;35350.0000
27033;2023-03-09 12:20:37.720000;1;102676;1;1;32400.0000;1;None;None;39300.0000
27033;2023-03-09 12:20:37.720000;1;102226;1;1;1800.0000;1;None;None;39300.0000
27033;2023-03-09 12:20:37.720000;3;102747;1;1;5100.0000;1;None;None;39300.0000
27034;2023-03-09 12:28:46.827000;1;105188;1;1;33400.0000;1;None;None;37600.0000
27034;2023-03-09 12:28:46.827000;1;102250;1;1;4200.0000;1;None;None;37600.0000
27034;2023-03-09 12:28:46.827000;7;1344;1;1;0.0000;1;None;None;37600.0000
27035;2023-03-09 12:29:47.783000;1;103788;1;1;41800.0000;1;None;None;41800.0000
27035;2023-03-09 12:29:47.783000;6;101624;1;1;0.0000;1;None;None;41800.0000
27036;2023-03-09 12:30:18.023000;1;100856;1;2;31200.0000;1;None;None;31200.0000
27036;2023-03-09 12:30:18.023000;7;1344;1;1;0.0000;1;None;None;31200.0000
27037;2023-03-09 12:31:06.743000;1;102676;1;1;32400.0000;1;None;None;82600.0000
27037;2023-03-09 12:31:06.743000;1;102683;1;1;20800.0000;1;None;None;82600.0000
27037;2023-03-09 12:31:06.743000;1;108219;1;1;1200.0000;1;None;None;82600.0000
27037;2023-03-09 12:31:06.743000;1;102082;1;1;28200.0000;1;None;None;82600.0000
27037;2023-03-09 12:31:06.743000;7;1344;1;1;0.0000;1;None;None;82600.0000
27038;2023-03-09 12:31:31.367000;1;102042;1;1;39700.0000;1;None;None;39700.0000
27038;2023-03-09 12:31:31.367000;7;1344;1;1;0.0000;1;None;None;39700.0000
27039;2023-03-09 12:40:08.753000;1;102678;1;1;38700.0000;1;None;None;74200.0000
27039;2023-03-09 12:40:08.753000;1;102679;1;1;35500.0000;1;None;None;74200.0000
27040;2023-03-09 12:42:08.573000;1;106606;1;1;36600.0000;1;None;None;73200.0000
27040;2023-03-09 12:42:08.573000;1;106606;1;1;36600.0000;1;None;None;73200.0000
27041;2023-03-09 12:42:29.427000;1;102327;1;1;18700.0000;1;None;None;18700.0000
27041;2023-03-09 12:42:29.427000;6;101624;1;1;0.0000;1;None;None;18700.0000
27041;2023-03-09 12:42:29.427000;7;1344;1;1;0.0000;1;None;None;18700.0000
27042;2023-03-09 12:50:45.003000;1;103773;1;1;10300.0000;1;None;None;55600.0000
27042;2023-03-09 12:50:45.003000;1;102676;1;1;32400.0000;1;None;None;55600.0000
27042;2023-03-09 12:50:45.003000;1;102286;1;1;1500.0000;1;None;None;55600.0000
27042;2023-03-09 12:50:45.003000;1;100995;1;1;11400.0000;1;None;None;55600.0000
27042;2023-03-09 12:50:45.003000;7;1344;1;1;0.0000;1;None;None;55600.0000
27045;2023-03-09 13:07:50.150000;1;100583;1;1;33600.0000;1;None;None;33600.0000
27045;2023-03-09 13:07:50.150000;7;1346;1;1;0.0000;1;None;None;33600.0000
27045;2023-03-09 13:07:50.150000;7;1346;1;1;0.0000;1;None;None;33600.0000
27045;2023-03-09 13:07:50.150000;7;1350;1;1;0.0000;1;None;None;33600.0000
27045;2023-03-09 13:07:50.150000;7;1350;1;1;0.0000;1;None;None;33600.0000
27045;2023-03-09 13:07:50.150000;7;1347;1;1;0.0000;1;None;None;33600.0000
27045;2023-03-09 13:07:50.150000;7;1345;1;1;0.0000;1;None;None;33600.0000
27045;2023-03-09 13:07:50.150000;7;1345;1;1;0.0000;1;None;None;33600.0000
27045;2023-03-09 13:07:50.150000;7;1349;1;1;0.0000;1;None;None;33600.0000
27045;2023-03-09 13:07:50.150000;7;1349;1;1;0.0000;1;None;None;33600.0000
27045;2023-03-09 13:07:50.150000;7;1348;1;1;0.0000;1;None;None;33600.0000
27045;2023-03-09 13:07:50.150000;7;1348;1;1;0.0000;1;None;None;33600.0000
27045;2023-03-09 13:07:50.150000;7;1348;1;1;0.0000;1;None;None;33600.0000
27048;2023-03-09 13:19:34.747000;1;109270;1;1;29410.0000;1;None;None;29410.0000
27048;2023-03-09 13:19:34.747000;1;101520;1;1;0.0000;1;None;None;29410.0000
27048;2023-03-09 13:19:34.747000;7;1343;1;1;0.0000;1;None;None;29410.0000
27049;2023-03-09 13:27:32.533000;1;100850;1;1;24000.0000;1;None;None;34900.0000
27049;2023-03-09 13:27:32.533000;1;102197;1;1;5800.0000;1;None;None;34900.0000
27049;2023-03-09 13:27:32.533000;3;102747;1;1;5100.0000;1;None;None;34900.0000
27049;2023-03-09 13:27:32.533000;7;1343;1;1;0.0000;1;None;None;34900.0000
27054;2023-03-09 13:37:59.913000;1;100582;1;1;18900.0000;1;None;None;18900.0000
27054;2023-03-09 13:37:59.913000;7;1346;1;1;0.0000;1;None;None;18900.0000
27054;2023-03-09 13:37:59.913000;7;1347;1;1;0.0000;1;None;None;18900.0000
27054;2023-03-09 13:37:59.913000;7;1345;1;1;0.0000;1;None;None;18900.0000
27054;2023-03-09 13:37:59.913000;7;1349;1;1;0.0000;1;None;None;18900.0000
27054;2023-03-09 13:37:59.913000;7;1348;1;1;0.0000;1;None;None;18900.0000
27054;2023-03-09 13:37:59.913000;7;1348;1;1;0.0000;1;None;None;18900.0000
27056;2023-03-09 13:40:20.680000;1;103759;1;1;11400.0000;1;None;None;21700.0000
27056;2023-03-09 13:40:20.680000;1;103773;1;1;10300.0000;1;None;None;21700.0000
27056;2023-03-09 13:40:20.680000;7;1344;1;1;0.0000;1;None;None;21700.0000
27058;2023-03-09 13:53:47.467000;1;103773;1;1;10300.0000;1;None;None;39710.0000
27058;2023-03-09 13:53:47.467000;1;109270;1;1;29410.0000;1;None;None;39710.0000
27058;2023-03-09 13:53:47.467000;1;104619;1;1;0.0000;1;None;None;39710.0000
27058;2023-03-09 13:53:47.467000;7;1344;1;1;0.0000;1;None;None;39710.0000
27059;2023-03-09 13:54:16.043000;1;100850;1;1;24000.0000;1;None;None;24000.0000
27059;2023-03-09 13:54:16.043000;7;1344;1;1;0.0000;1;None;None;24000.0000
27060;2023-03-09 13:54:51.863000;1;102673;1;1;38700.0000;1;None;None;118200.0000
27060;2023-03-09 13:54:51.863000;1;102673;1;1;38700.0000;1;None;None;118200.0000
27060;2023-03-09 13:54:51.863000;1;102671;1;1;40800.0000;1;None;None;118200.0000
27060;2023-03-09 13:54:51.863000;7;1343;1;1;0.0000;1;None;None;118200.0000
27061;2023-03-09 14:00:56.560000;1;104004;1;1;17700.0000;1;None;None;17700.0000
27062;2023-03-09 14:06:16.853000;1;100583;1;1;33600.0000;1;None;None;33600.0000
27062;2023-03-09 14:06:16.853000;7;1348;1;1;0.0000;1;None;None;33600.0000
27062;2023-03-09 14:06:16.853000;7;1348;1;1;0.0000;1;None;None;33600.0000
27062;2023-03-09 14:06:16.853000;7;1348;1;1;0.0000;1;None;None;33600.0000
27062;2023-03-09 14:06:16.853000;7;1346;1;1;0.0000;1;None;None;33600.0000
27062;2023-03-09 14:06:16.853000;7;1346;1;1;0.0000;1;None;None;33600.0000
27062;2023-03-09 14:06:16.853000;7;1346;1;1;0.0000;1;None;None;33600.0000
27062;2023-03-09 14:06:16.853000;7;1345;1;1;0.0000;1;None;None;33600.0000
27062;2023-03-09 14:06:16.853000;7;1345;1;1;0.0000;1;None;None;33600.0000
27062;2023-03-09 14:06:16.853000;7;1345;1;1;0.0000;1;None;None;33600.0000
27062;2023-03-09 14:06:16.853000;7;1345;1;1;0.0000;1;None;None;33600.0000
27062;2023-03-09 14:06:16.853000;7;1350;1;1;0.0000;1;None;None;33600.0000
27062;2023-03-09 14:06:16.853000;7;1349;1;1;0.0000;1;None;None;33600.0000
27063;2023-03-09 14:17:09.427000;1;100582;1;1;18900.0000;1;None;None;29400.0000
27063;2023-03-09 14:17:09.427000;7;1345;1;1;0.0000;1;None;None;29400.0000
27063;2023-03-09 14:17:09.427000;7;1345;1;1;0.0000;1;None;None;29400.0000
27063;2023-03-09 14:17:09.427000;7;1345;1;1;0.0000;1;None;None;29400.0000
27063;2023-03-09 14:17:09.427000;7;1345;1;1;0.0000;1;None;None;29400.0000
27063;2023-03-09 14:17:09.427000;7;1345;1;1;0.0000;1;None;None;29400.0000
27063;2023-03-09 14:17:09.427000;7;1349;1;1;0.0000;1;None;None;29400.0000
27063;2023-03-09 14:17:09.427000;1;100581;1;1;10500.0000;1;None;None;29400.0000
27063;2023-03-09 14:17:09.427000;7;1349;1;1;0.0000;1;None;None;29400.0000
27063;2023-03-09 14:17:09.427000;7;1349;1;1;0.0000;1;None;None;29400.0000
27063;2023-03-09 14:17:09.427000;7;1349;1;1;0.0000;1;None;None;29400.0000
27064;2023-03-09 14:20:18.143000;1;100582;1;1;18900.0000;1;None;None;18900.0000
27064;2023-03-09 14:20:18.143000;7;1350;1;1;0.0000;1;None;None;18900.0000
27064;2023-03-09 14:20:18.143000;7;1350;1;1;0.0000;1;None;None;18900.0000
27064;2023-03-09 14:20:18.143000;7;1345;1;1;0.0000;1;None;None;18900.0000
27064;2023-03-09 14:20:18.143000;7;1345;1;1;0.0000;1;None;None;18900.0000
27064;2023-03-09 14:20:18.143000;7;1348;1;1;0.0000;1;None;None;18900.0000
27064;2023-03-09 14:20:18.143000;7;1348;1;1;0.0000;1;None;None;18900.0000
27065;2023-03-09 14:31:37.477000;1;104275;1;1;9300.0000;1;None;None;18600.0000
27065;2023-03-09 14:31:37.477000;1;104275;1;1;9300.0000;1;None;None;18600.0000
27066;2023-03-09 14:33:03.663000;1;100582;1;1;18900.0000;1;None;None;18900.0000
27066;2023-03-09 14:33:03.663000;7;1346;1;1;0.0000;1;None;None;18900.0000
27066;2023-03-09 14:33:03.663000;7;1346;1;1;0.0000;1;None;None;18900.0000
27066;2023-03-09 14:33:03.663000;7;1346;1;1;0.0000;1;None;None;18900.0000
27066;2023-03-09 14:33:03.663000;7;1349;1;1;0.0000;1;None;None;18900.0000
27066;2023-03-09 14:33:03.663000;7;1349;1;1;0.0000;1;None;None;18900.0000
27066;2023-03-09 14:33:03.663000;7;1349;1;1;0.0000;1;None;None;18900.0000
27067;2023-03-09 14:46:16.890000;1;102676;1;1;32400.0000;1;None;None;85000.0000
27067;2023-03-09 14:46:16.890000;1;100850;1;1;24000.0000;1;None;None;85000.0000
27067;2023-03-09 14:46:16.890000;1;100842;1;1;27100.0000;1;None;None;85000.0000
27067;2023-03-09 14:46:16.890000;1;102286;1;1;1500.0000;1;None;None;85000.0000
27068;2023-03-09 15:01:32.013000;1;100582;1;1;18900.0000;1;None;None;18900.0000
27068;2023-03-09 15:01:32.013000;7;1347;1;1;0.0000;1;None;None;18900.0000
27068;2023-03-09 15:01:32.013000;7;1347;1;1;0.0000;1;None;None;18900.0000
27068;2023-03-09 15:01:32.013000;7;1347;1;1;0.0000;1;None;None;18900.0000
27068;2023-03-09 15:01:32.013000;7;1345;1;1;0.0000;1;None;None;18900.0000
27068;2023-03-09 15:01:32.013000;7;1345;1;1;0.0000;1;None;None;18900.0000
27068;2023-03-09 15:01:32.013000;7;1345;1;1;0.0000;1;None;None;18900.0000
27069;2023-03-09 15:02:04.257000;8;104655;1;1;40800.0000;1;None;None;139000.0000
27069;2023-03-09 15:02:04.257000;1;101323;1;1;30300.0000;1;None;None;139000.0000
27069;2023-03-09 15:02:04.257000;1;101323;1;1;30300.0000;1;None;None;139000.0000
27069;2023-03-09 15:02:04.257000;1;103595;1;1;37600.0000;1;None;None;139000.0000
27070;2023-03-09 15:08:37.680000;1;103552;1;1;40800.0000;1;None;None;137900.0000
27070;2023-03-09 15:08:37.680000;1;103784;1;1;31300.0000;1;None;None;137900.0000
27070;2023-03-09 15:08:37.680000;6;101442;1;1;0.0000;1;None;None;137900.0000
27070;2023-03-09 15:08:37.680000;1;103793;1;1;28200.0000;1;None;None;137900.0000
27070;2023-03-09 15:08:37.680000;6;101535;1;1;0.0000;1;None;None;137900.0000
27070;2023-03-09 15:08:37.680000;1;102035;1;1;37600.0000;1;None;None;137900.0000
27070;2023-03-09 15:08:37.680000;7;1343;1;1;0.0000;1;None;None;137900.0000
27071;2023-03-09 15:11:42.963000;1;109580;1;1;35350.0000;1;None;None;35350.0000
27071;2023-03-09 15:11:42.963000;6;101563;1;1;0.0000;1;None;None;35350.0000
27071;2023-03-09 15:11:42.963000;7;1002;1;1;0.0000;1;None;None;35350.0000
27071;2023-03-09 15:11:42.963000;7;1343;1;1;0.0000;1;None;None;35350.0000
27072;2023-03-09 15:12:07.530000;1;100582;1;1;18900.0000;1;None;None;18900.0000
27072;2023-03-09 15:12:07.530000;7;1346;1;1;0.0000;1;None;None;18900.0000
27072;2023-03-09 15:12:07.530000;7;1346;1;1;0.0000;1;None;None;18900.0000
27072;2023-03-09 15:12:07.530000;7;1346;1;1;0.0000;1;None;None;18900.0000
27072;2023-03-09 15:12:07.530000;7;1349;1;1;0.0000;1;None;None;18900.0000
27072;2023-03-09 15:12:07.530000;7;1349;1;1;0.0000;1;None;None;18900.0000
27072;2023-03-09 15:12:07.530000;7;1349;1;1;0.0000;1;None;None;18900.0000
27073;2023-03-09 15:15:08.340000;1;100582;1;1;18900.0000;1;None;None;18900.0000
27073;2023-03-09 15:15:08.340000;7;1346;1;1;0.0000;1;None;None;18900.0000
27073;2023-03-09 15:15:08.340000;7;1347;1;1;0.0000;1;None;None;18900.0000
27073;2023-03-09 15:15:08.340000;7;1347;1;1;0.0000;1;None;None;18900.0000
27073;2023-03-09 15:15:08.340000;7;1347;1;1;0.0000;1;None;None;18900.0000
27073;2023-03-09 15:15:08.350000;7;1347;1;1;0.0000;1;None;None;18900.0000
27073;2023-03-09 15:15:08.350000;7;1349;1;1;0.0000;1;None;None;18900.0000
27074;2023-03-09 15:15:40.497000;1;100843;1;1;28200.0000;1;None;None;30700.0000
27074;2023-03-09 15:15:40.497000;1;102238;1;1;2500.0000;1;None;None;30700.0000
27074;2023-03-09 15:15:40.497000;7;1343;1;1;0.0000;1;None;None;30700.0000
27076;2023-03-09 15:23:10.787000;1;100582;1;1;18900.0000;1;None;None;18900.0000
27076;2023-03-09 15:23:10.787000;7;1346;1;1;0.0000;1;None;None;18900.0000
27076;2023-03-09 15:23:10.787000;7;1346;1;1;0.0000;1;None;None;18900.0000
27076;2023-03-09 15:23:10.787000;7;1346;1;1;0.0000;1;None;None;18900.0000
27076;2023-03-09 15:23:10.787000;7;1346;1;1;0.0000;1;None;None;18900.0000
27076;2023-03-09 15:23:10.787000;7;1346;1;1;0.0000;1;None;None;18900.0000
27076;2023-03-09 15:23:10.787000;7;1346;1;1;0.0000;1;None;None;18900.0000
27077;2023-03-09 15:26:38.217000;1;100582;1;1;18900.0000;1;None;None;18900.0000
27077;2023-03-09 15:26:38.217000;7;1346;1;1;0.0000;1;None;None;18900.0000
27077;2023-03-09 15:26:38.217000;7;1346;1;1;0.0000;1;None;None;18900.0000
27077;2023-03-09 15:26:38.217000;7;1349;1;1;0.0000;1;None;None;18900.0000
27077;2023-03-09 15:26:38.217000;7;1349;1;1;0.0000;1;None;None;18900.0000
27077;2023-03-09 15:26:38.217000;7;1350;1;1;0.0000;1;None;None;18900.0000
27077;2023-03-09 15:26:38.217000;7;1350;1;1;0.0000;1;None;None;18900.0000
27078;2023-03-09 15:28:03.827000;1;100581;1;1;10500.0000;1;None;None;14500.0000
27078;2023-03-09 15:28:03.827000;7;1346;1;1;0.0000;1;None;None;14500.0000
27078;2023-03-09 15:28:03.827000;7;1346;1;1;0.0000;1;None;None;14500.0000
27078;2023-03-09 15:28:03.827000;7;1349;1;1;0.0000;1;None;None;14500.0000
27078;2023-03-09 15:28:03.827000;1;104272;1;1;4000.0000;1;None;None;14500.0000
27078;2023-03-09 15:28:03.827000;7;1349;1;1;0.0000;1;None;None;14500.0000
27081;2023-03-09 15:40:00.763000;1;100582;1;1;18900.0000;1;None;None;18900.0000
27081;2023-03-09 15:40:00.763000;7;1346;1;1;0.0000;1;None;None;18900.0000
27081;2023-03-09 15:40:00.763000;7;1346;1;1;0.0000;1;None;None;18900.0000
27081;2023-03-09 15:40:00.763000;7;1345;1;1;0.0000;1;None;None;18900.0000
27081;2023-03-09 15:40:00.763000;7;1345;1;1;0.0000;1;None;None;18900.0000
27081;2023-03-09 15:40:00.763000;7;1349;1;1;0.0000;1;None;None;18900.0000
27081;2023-03-09 15:40:00.763000;7;1349;1;1;0.0000;1;None;None;18900.0000
27082;2023-03-09 15:46:16.313000;1;100582;1;1;18900.0000;1;None;None;18900.0000
27082;2023-03-09 15:46:16.313000;7;1350;1;1;0.0000;1;None;None;18900.0000
27082;2023-03-09 15:46:16.313000;7;1350;1;1;0.0000;1;None;None;18900.0000
27082;2023-03-09 15:46:16.313000;7;1349;1;1;0.0000;1;None;None;18900.0000
27082;2023-03-09 15:46:16.313000;7;1349;1;1;0.0000;1;None;None;18900.0000
27082;2023-03-09 15:46:16.313000;7;1348;1;1;0.0000;1;None;None;18900.0000
27082;2023-03-09 15:46:16.313000;7;1348;1;1;0.0000;1;None;None;18900.0000
27083;2023-03-09 15:50:49.707000;1;102677;1;1;35500.0000;1;None;None;58200.0000
27083;2023-03-09 15:50:49.707000;1;102238;1;1;2500.0000;1;None;None;58200.0000
27083;2023-03-09 15:50:49.707000;1;102286;1;1;1500.0000;1;None;None;58200.0000
27083;2023-03-09 15:50:49.707000;1;100974;1;1;18700.0000;1;None;None;58200.0000
27083;2023-03-09 15:50:49.707000;7;1000;4;1;0.0000;1;None;None;58200.0000
27084;2023-03-09 15:54:28.897000;1;100582;1;1;18900.0000;1;None;None;18900.0000
27084;2023-03-09 15:54:28.897000;7;1348;1;3;0.0000;1;None;None;18900.0000
27084;2023-03-09 15:54:28.897000;7;1350;1;3;0.0000;1;None;None;18900.0000
27086;2023-03-09 17:35:12.830000;8;103867;1;1;30300.0000;1;None;None;60600.0000
27086;2023-03-09 17:35:12.830000;8;103867;1;1;30300.0000;1;None;None;60600.0000
27086;2023-03-09 17:35:12.830000;7;1344;1;1;0.0000;1;None;None;60600.0000
27087;2023-03-09 17:39:29.273000;1;100581;1;1;10500.0000;1;None;None;14500.0000
27087;2023-03-09 17:39:29.273000;7;1347;1;1;0.0000;1;None;None;14500.0000
27087;2023-03-09 17:39:29.273000;7;1347;1;1;0.0000;1;None;None;14500.0000
27087;2023-03-09 17:39:29.273000;7;1347;1;1;0.0000;1;None;None;14500.0000
27087;2023-03-09 17:39:29.273000;1;104272;1;1;4000.0000;1;None;None;14500.0000
27087;2023-03-09 17:39:29.273000;7;1347;1;1;0.0000;1;None;None;14500.0000
27088;2023-03-09 17:47:19.353000;8;103867;1;1;30300.0000;1;None;None;32700.0000
27088;2023-03-09 17:47:19.353000;8;104791;1;1;2400.0000;1;None;None;32700.0000
27089;2023-03-09 17:50:57.097000;8;107333;1;1;70200.0000;1;None;None;115000.0000
27089;2023-03-09 17:50:57.097000;8;109295;1;1;37600.0000;1;None;None;115000.0000
27089;2023-03-09 17:50:57.097000;3;201210;1;1;7200.0000;1;None;None;115000.0000
27090;2023-03-09 17:54:46.563000;1;100855;1;1;30300.0000;1;None;None;40100.0000
27090;2023-03-09 17:54:46.563000;3;202112;1;1;9800.0000;1;None;None;40100.0000
27090;2023-03-09 17:54:46.563000;7;1343;1;1;0.0000;1;None;None;40100.0000
27091;2023-03-09 18:01:45.943000;1;100845;1;1;30300.0000;1;None;None;30300.0000
27091;2023-03-09 18:01:45.943000;7;1344;1;1;0.0000;1;None;None;30300.0000
27092;2023-03-09 18:28:19.807000;8;108652;1;1;15600.0000;1;None;None;70000.0000
27092;2023-03-09 18:28:19.807000;7;1000;4;1;0.0000;1;None;None;70000.0000
27092;2023-03-09 18:28:19.807000;1;101929;1;1;17700.0000;1;None;None;70000.0000
27092;2023-03-09 18:28:19.807000;8;104791;1;1;2400.0000;1;None;None;70000.0000
27092;2023-03-09 18:28:19.807000;8;108654;1;1;16600.0000;1;None;None;70000.0000
27092;2023-03-09 18:28:19.807000;7;1000;4;1;0.0000;1;None;None;70000.0000
27092;2023-03-09 18:28:19.807000;1;102456;1;1;17700.0000;1;None;None;70000.0000
27093;2023-03-09 18:38:01.330000;8;103539;1;1;34500.0000;1;None;None;69600.0000
27093;2023-03-09 18:38:01.330000;8;104791;1;1;2400.0000;1;None;None;69600.0000
27093;2023-03-09 18:38:01.330000;8;104791;1;1;2400.0000;1;None;None;69600.0000
27093;2023-03-09 18:38:01.330000;8;103867;1;1;30300.0000;1;None;None;69600.0000
27094;2023-03-09 18:40:00.200000;8;103867;1;1;30300.0000;1;None;None;32700.0000
27094;2023-03-09 18:40:00.200000;8;104791;1;1;2400.0000;1;None;None;32700.0000
27095;2023-03-09 18:44:58.487000;8;101992;1;1;33400.0000;1;None;None;176600.0000
27095;2023-03-09 18:44:58.487000;8;101996;1;1;16600.0000;1;None;None;176600.0000
27095;2023-03-09 18:44:58.487000;8;102797;1;1;59700.0000;1;None;None;176600.0000
27095;2023-03-09 18:44:58.487000;1;101323;1;1;30300.0000;1;None;None;176600.0000
27095;2023-03-09 18:44:58.487000;8;102692;1;1;36600.0000;1;None;None;176600.0000
27096;2023-03-09 18:49:59.297000;1;100846;1;1;32400.0000;1;None;None;32400.0000
27096;2023-03-09 18:49:59.297000;7;1344;1;1;0.0000;1;None;None;32400.0000
27097;2023-03-09 19:01:56.377000;1;109270;1;1;29410.0000;1;None;None;38710.0000
27097;2023-03-09 19:01:56.377000;1;104619;1;1;0.0000;1;None;None;38710.0000
27097;2023-03-09 19:01:56.377000;3;102635;1;1;9300.0000;1;None;None;38710.0000
27097;2023-03-09 19:01:56.377000;7;1343;1;1;0.0000;1;None;None;38710.0000
27098;2023-03-09 19:10:51.167000;1;102671;1;1;40800.0000;1;None;None;61900.0000
27098;2023-03-09 19:10:51.167000;1;102238;1;1;2500.0000;1;None;None;61900.0000
27098;2023-03-09 19:10:51.167000;1;100995;1;1;11400.0000;1;None;None;61900.0000
27098;2023-03-09 19:10:51.167000;3;201210;1;1;7200.0000;1;None;None;61900.0000
27099;2023-03-09 19:18:17.550000;8;100954;1;1;41800.0000;1;None;None;92000.0000
27099;2023-03-09 19:18:17.550000;8;103023;1;1;50200.0000;1;None;None;92000.0000
27100;2023-03-09 19:20:35.403000;8;109295;1;1;37600.0000;1;None;None;37600.0000
27102;2023-03-09 19:28:31.433000;1;103782;1;1;29200.0000;1;None;None;29200.0000
27102;2023-03-09 19:28:31.433000;6;101624;1;1;0.0000;1;None;None;29200.0000
27103;2023-03-09 19:45:54.687000;1;109270;1;1;29410.0000;1;None;None;58820.0000
27103;2023-03-09 19:45:54.687000;1;104619;1;1;0.0000;1;None;None;58820.0000
27103;2023-03-09 19:45:54.687000;1;109270;1;1;29410.0000;1;None;None;58820.0000
27103;2023-03-09 19:45:54.687000;1;106356;1;1;0.0000;1;None;None;58820.0000
27104;2023-03-09 19:46:56.137000;1;102457;1;1;19800.0000;1;None;None;146200.0000
27104;2023-03-09 19:46:56.137000;1;102457;1;1;19800.0000;1;None;None;146200.0000
27104;2023-03-09 19:46:56.137000;8;100954;1;1;41800.0000;1;None;None;146200.0000
27104;2023-03-09 19:46:56.137000;8;103867;1;1;30300.0000;1;None;None;146200.0000
27104;2023-03-09 19:46:56.137000;8;106077;1;1;34500.0000;1;None;None;146200.0000
27105;2023-03-09 19:47:30.637000;1;102675;1;1;30300.0000;1;None;None;58500.0000
27105;2023-03-09 19:47:30.637000;1;100847;1;1;28200.0000;1;None;None;58500.0000
27105;2023-03-09 19:47:30.637000;7;1343;1;1;0.0000;1;None;None;58500.0000
27106;2023-03-09 19:55:34.683000;1;102456;1;1;17700.0000;1;None;None;79800.0000
27106;2023-03-09 19:55:34.683000;8;104791;1;1;2400.0000;1;None;None;79800.0000
27106;2023-03-09 19:55:34.683000;8;103028;1;1;59700.0000;1;None;None;79800.0000
27106;2023-03-09 19:55:34.683000;7;1344;1;1;0.0000;1;None;None;79800.0000
27107;2023-03-09 20:02:34.083000;1;103552;1;1;40800.0000;1;None;None;40800.0000
27107;2023-03-09 20:02:34.083000;7;1344;1;1;0.0000;1;None;None;40800.0000
