8240;2023-03-10 12:05:21.530000;3;102747;1;3;14400.0000;1;45945.0000;None;496200.0000
8240;2023-03-10 12:05:21.530000;7;1034;2;3;0.0000;1;45945.0000;None;496200.0000
8240;2023-03-10 12:05:21.530000;3;200644;1;3;20400.0000;1;45945.0000;None;496200.0000
8240;2023-03-10 12:05:21.530000;3;101641;1;3;0.0000;1;45945.0000;None;496200.0000
8240;2023-03-10 12:05:21.530000;3;201146;1;1;6800.0000;1;45945.0000;None;496200.0000
8240;2023-03-10 12:05:21.530000;3;101641;1;1;0.0000;1;45945.0000;None;496200.0000
8240;2023-03-10 12:05:21.530000;3;201207;1;3;20400.0000;1;45945.0000;None;496200.0000
8240;2023-03-10 12:05:21.530000;2;200480;1;1;12800.0000;1;45945.0000;None;496200.0000
8240;2023-03-10 12:12:05.320000;6;101061;1;4;0.0000;1;45945.0000;None;496200.0000
8240;2023-03-10 12:12:05.320000;1;104719;1;1;39800.0000;1;45945.0000;None;496200.0000
8240;2023-03-10 12:12:05.320000;1;101522;1;1;0.0000;1;45945.0000;None;496200.0000
8240;2023-03-10 12:12:05.320000;8;103867;1;1;28800.0000;1;45945.0000;None;496200.0000
8240;2023-03-10 12:12:05.320000;1;104705;1;1;19800.0000;1;45945.0000;None;496200.0000
8240;2023-03-10 12:12:05.320000;1;100846;1;2;61600.0000;1;45945.0000;None;496200.0000
8240;2023-03-10 12:12:05.320000;1;102501;1;1;39800.0000;1;45945.0000;None;496200.0000
8240;2023-03-10 12:12:05.320000;6;103488;1;1;0.0000;1;45945.0000;None;496200.0000
8240;2023-03-10 12:12:05.320000;7;1006;1;1;0.0000;1;45945.0000;None;496200.0000
8240;2023-03-10 12:12:05.320000;1;102501;1;1;39800.0000;1;45945.0000;None;496200.0000
8240;2023-03-10 12:12:05.320000;6;103488;1;1;0.0000;1;45945.0000;None;496200.0000
8240;2023-03-10 12:12:05.320000;7;1006;1;1;0.0000;1;45945.0000;None;496200.0000
8240;2023-03-10 12:12:05.320000;1;102501;1;1;39800.0000;1;45945.0000;None;496200.0000
8240;2023-03-10 12:12:05.320000;6;103488;1;1;0.0000;1;45945.0000;None;496200.0000
8240;2023-03-10 12:12:05.320000;7;1007;1;1;0.0000;1;45945.0000;None;496200.0000
8240;2023-03-10 12:12:05.320000;1;102501;1;1;39800.0000;1;45945.0000;None;496200.0000
8240;2023-03-10 12:12:05.320000;6;103488;1;1;0.0000;1;45945.0000;None;496200.0000
8240;2023-03-10 12:12:05.320000;7;1007;1;1;0.0000;1;45945.0000;None;496200.0000
8240;2023-03-10 12:12:05.320000;1;102501;1;1;39800.0000;1;45945.0000;None;496200.0000
8240;2023-03-10 12:12:05.320000;6;103488;1;1;0.0000;1;45945.0000;None;496200.0000
8240;2023-03-10 12:12:05.320000;7;1002;1;1;0.0000;1;45945.0000;None;496200.0000
8240;2023-03-10 12:12:05.320000;1;102498;1;1;34800.0000;1;45945.0000;None;496200.0000
8240;2023-03-10 12:12:05.320000;6;103488;1;1;0.0000;1;45945.0000;None;496200.0000
8240;2023-03-10 12:12:05.320000;7;1007;1;1;0.0000;1;45945.0000;None;496200.0000
8240;2023-03-10 12:12:05.320000;1;102474;1;1;30800.0000;1;45945.0000;None;496200.0000
8240;2023-03-10 12:12:05.320000;7;1006;1;1;0.0000;1;45945.0000;None;496200.0000
8240;2023-03-10 12:12:05.320000;7;1000;4;1;0.0000;1;45945.0000;None;496200.0000
8240;2023-03-10 12:12:27.620000;3;201207;1;1;6800.0000;1;45945.0000;None;496200.0000
8241;2023-03-10 12:07:36.327000;8;109318;1;1;40800.0000;1;8815.0000;None;95200.0000
8241;2023-03-10 12:07:36.327000;8;107227;1;1;0.0000;1;8815.0000;None;95200.0000
8241;2023-03-10 12:07:36.327000;8;109318;1;1;40800.0000;1;8815.0000;None;95200.0000
8241;2023-03-10 12:07:36.327000;8;107227;1;1;0.0000;1;8815.0000;None;95200.0000
8241;2023-03-10 12:07:36.327000;7;1000;4;1;0.0000;1;8815.0000;None;95200.0000
8241;2023-03-10 12:07:36.327000;6;101061;1;1;0.0000;1;8815.0000;None;95200.0000
8241;2023-03-10 12:07:36.327000;3;201269;1;1;6800.0000;1;8815.0000;None;95200.0000
8241;2023-03-10 12:07:36.327000;7;1207;1;1;0.0000;1;8815.0000;None;95200.0000
8241;2023-03-10 12:08:22.670000;3;201269;1;1;6800.0000;1;8815.0000;None;95200.0000
8241;2023-03-10 12:08:22.670000;7;1207;1;1;0.0000;1;8815.0000;None;95200.0000
8246;2023-03-10 12:18:41.273000;3;102637;1;1;9800.0000;1;73241.0000;None;791000.0000
8246;2023-03-10 12:18:41.273000;7;1034;3;1;0.0000;1;73241.0000;None;791000.0000
8246;2023-03-10 12:18:41.273000;3;102638;1;1;10800.0000;1;73241.0000;None;791000.0000
8246;2023-03-10 12:18:41.273000;7;1034;3;1;0.0000;1;73241.0000;None;791000.0000
8246;2023-03-10 12:18:41.273000;7;1207;1;1;0.0000;1;73241.0000;None;791000.0000
8246;2023-03-10 12:18:41.273000;1;102671;1;1;38800.0000;1;73241.0000;None;791000.0000
8246;2023-03-10 12:18:41.273000;1;102491;1;1;37800.0000;1;73241.0000;None;791000.0000
8246;2023-03-10 12:18:41.273000;7;1006;1;1;0.0000;1;73241.0000;None;791000.0000
8246;2023-03-10 12:18:41.273000;1;102726;1;1;45800.0000;1;73241.0000;None;791000.0000
8246;2023-03-10 12:18:41.273000;1;103076;1;1;49800.0000;1;73241.0000;None;791000.0000
8246;2023-03-10 12:18:41.273000;6;101061;1;1;0.0000;1;73241.0000;None;791000.0000
8246;2023-03-10 12:19:15.373000;3;102639;1;1;9800.0000;1;73241.0000;None;791000.0000
8246;2023-03-10 12:19:15.373000;3;102639;1;1;9800.0000;1;73241.0000;None;791000.0000
8246;2023-03-10 12:17:18.780000;3;201269;1;1;6800.0000;1;73241.0000;None;791000.0000
8246;2023-03-10 12:17:18.780000;3;101641;1;1;0.0000;1;73241.0000;None;791000.0000
8246;2023-03-10 12:17:18.780000;3;201269;1;1;6800.0000;1;73241.0000;None;791000.0000
8246;2023-03-10 12:17:18.780000;3;101641;1;1;0.0000;1;73241.0000;None;791000.0000
8246;2023-03-10 12:17:18.780000;3;102747;1;1;4800.0000;1;73241.0000;None;791000.0000
8246;2023-03-10 12:17:18.780000;3;102748;1;1;15800.0000;1;73241.0000;None;791000.0000
8246;2023-03-10 12:17:18.780000;1;103076;1;1;49800.0000;1;73241.0000;None;791000.0000
8246;2023-03-10 12:17:18.780000;1;103076;1;1;49800.0000;1;73241.0000;None;791000.0000
8246;2023-03-10 12:17:18.780000;1;105647;1;1;64800.0000;1;73241.0000;None;791000.0000
8246;2023-03-10 12:17:18.780000;1;101552;1;1;0.0000;1;73241.0000;None;791000.0000
8246;2023-03-10 12:17:18.780000;1;105647;1;1;64800.0000;1;73241.0000;None;791000.0000
8246;2023-03-10 12:17:18.780000;1;104397;1;1;0.0000;1;73241.0000;None;791000.0000
8246;2023-03-10 12:17:18.780000;6;101061;1;1;0.0000;1;73241.0000;None;791000.0000
8246;2023-03-10 12:16:37.180000;3;201207;1;1;6800.0000;1;73241.0000;None;791000.0000
8246;2023-03-10 12:16:37.180000;3;102635;1;1;8800.0000;1;73241.0000;None;791000.0000
8246;2023-03-10 12:16:37.180000;1;103154;1;1;31800.0000;1;73241.0000;None;791000.0000
8246;2023-03-10 12:16:37.180000;7;1000;4;1;0.0000;1;73241.0000;None;791000.0000
8246;2023-03-10 12:16:37.180000;1;103788;1;1;39800.0000;1;73241.0000;None;791000.0000
8246;2023-03-10 12:16:37.180000;6;101438;1;1;0.0000;1;73241.0000;None;791000.0000
8246;2023-03-10 12:16:37.180000;6;101061;1;1;0.0000;1;73241.0000;None;791000.0000
8246;2023-03-10 12:16:37.180000;1;102228;1;1;8800.0000;1;73241.0000;None;791000.0000
8246;2023-03-10 12:16:37.180000;6;101061;1;1;0.0000;1;73241.0000;None;791000.0000
8246;2023-03-10 12:45:38.007000;3;201146;1;1;6800.0000;1;73241.0000;None;791000.0000
8246;2023-03-10 12:57:21.737000;3;201146;1;1;6800.0000;1;73241.0000;None;791000.0000
8246;2023-03-10 12:16:29.007000;3;102639;1;1;9800.0000;1;73241.0000;None;791000.0000
8246;2023-03-10 12:16:29.007000;3;102748;1;1;15800.0000;1;73241.0000;None;791000.0000
8246;2023-03-10 12:16:29.007000;3;102620;1;1;8800.0000;1;73241.0000;None;791000.0000
8246;2023-03-10 12:16:29.007000;6;101061;1;1;0.0000;1;73241.0000;None;791000.0000
8246;2023-03-10 12:16:29.007000;1;109323;1;1;54800.0000;1;73241.0000;None;791000.0000
8246;2023-03-10 12:16:29.007000;7;1007;1;1;0.0000;1;73241.0000;None;791000.0000
8246;2023-03-10 12:16:29.007000;7;1000;4;1;0.0000;1;73241.0000;None;791000.0000
8246;2023-03-10 12:16:29.007000;1;109323;1;1;54800.0000;1;73241.0000;None;791000.0000
8246;2023-03-10 12:16:29.007000;7;1007;1;1;0.0000;1;73241.0000;None;791000.0000
8246;2023-03-10 12:16:29.007000;1;102982;1;1;59800.0000;1;73241.0000;None;791000.0000
8246;2023-03-10 12:16:29.007000;1;101522;1;1;0.0000;1;73241.0000;None;791000.0000
8246;2023-03-10 12:16:29.007000;7;1007;1;1;0.0000;1;73241.0000;None;791000.0000
8246;2023-03-10 12:16:29.007000;1;102141;1;1;1800.0000;1;73241.0000;None;791000.0000
8247;2023-03-10 12:28:17.017000;1;103076;1;1;49800.0000;1;9852.0000;None;106400.0000
8247;2023-03-10 12:28:17.017000;1;103076;1;1;49800.0000;1;9852.0000;None;106400.0000
8247;2023-03-10 12:28:17.017000;3;200644;1;1;6800.0000;1;9852.0000;None;106400.0000
8247;2023-03-10 12:28:17.017000;3;101641;1;1;0.0000;1;9852.0000;None;106400.0000
8247;2023-03-10 12:28:17.017000;6;101061;1;1;0.0000;1;9852.0000;None;106400.0000
8248;2023-03-10 12:33:01.437000;3;102747;1;1;4800.0000;1;8167.0000;None;88200.0000
8248;2023-03-10 12:33:01.437000;3;104446;1;1;5800.0000;1;8167.0000;None;88200.0000
8248;2023-03-10 12:36:48.050000;1;102486;1;1;42800.0000;1;8167.0000;None;88200.0000
8248;2023-03-10 12:36:48.050000;7;1006;1;1;0.0000;1;8167.0000;None;88200.0000
8248;2023-03-10 12:36:48.050000;1;102407;1;1;34800.0000;1;8167.0000;None;88200.0000
8248;2023-03-10 12:36:48.067000;6;101438;1;1;0.0000;1;8167.0000;None;88200.0000
8248;2023-03-10 12:36:48.067000;6;101061;1;1;0.0000;1;8167.0000;None;88200.0000
8249;2023-03-10 12:37:48.127000;2;201615;1;1;14800.0000;1;9463.0000;None;102200.0000
8249;2023-03-10 12:37:48.127000;3;102747;1;1;4800.0000;1;9463.0000;None;102200.0000
8249;2023-03-10 12:37:48.127000;1;109392;1;1;38800.0000;1;9463.0000;None;102200.0000
8249;2023-03-10 12:37:48.127000;1;109405;1;1;43800.0000;1;9463.0000;None;102200.0000
8250;2023-03-10 12:39:25.490000;3;201146;1;1;6800.0000;1;10000.0000;None;108000.0000
8250;2023-03-10 12:39:25.490000;3;200644;1;1;6800.0000;1;10000.0000;None;108000.0000
8250;2023-03-10 12:39:25.490000;3;101641;1;1;0.0000;1;10000.0000;None;108000.0000
8250;2023-03-10 12:39:25.490000;1;103515;1;1;44800.0000;1;10000.0000;None;108000.0000
8250;2023-03-10 12:39:25.490000;1;102501;1;1;39800.0000;1;10000.0000;None;108000.0000
8250;2023-03-10 12:39:25.490000;6;103488;1;1;0.0000;1;10000.0000;None;108000.0000
8250;2023-03-10 12:39:25.490000;7;1006;1;1;0.0000;1;10000.0000;None;108000.0000
8250;2023-03-10 12:39:25.490000;6;101061;1;1;0.0000;1;10000.0000;None;108000.0000
8250;2023-03-10 13:15:56.550000;1;103364;1;1;9800.0000;1;10000.0000;None;108000.0000
8251;2023-03-10 12:43:08.807000;2;201187;1;1;10800.0000;1;12167.0000;None;131400.0000
8251;2023-03-10 12:43:08.807000;2;201615;1;1;14800.0000;1;12167.0000;None;131400.0000
8251;2023-03-10 12:43:08.807000;6;101061;1;1;0.0000;1;12167.0000;None;131400.0000
8251;2023-03-10 12:43:08.807000;1;100846;1;1;30800.0000;1;12167.0000;None;131400.0000
8251;2023-03-10 12:43:08.807000;7;1000;4;1;0.0000;1;12167.0000;None;131400.0000
8251;2023-03-10 12:43:08.807000;1;100855;1;1;28800.0000;1;12167.0000;None;131400.0000
8251;2023-03-10 12:43:08.807000;1;102239;1;1;5800.0000;1;12167.0000;None;131400.0000
8251;2023-03-10 12:43:08.807000;7;1000;4;1;0.0000;1;12167.0000;None;131400.0000
8251;2023-03-10 13:05:34.203000;2;201615;1;1;14800.0000;1;12167.0000;None;131400.0000
8251;2023-03-10 13:05:34.203000;2;201187;1;1;10800.0000;1;12167.0000;None;131400.0000
8251;2023-03-10 13:26:49.527000;2;201615;1;1;14800.0000;1;12167.0000;None;131400.0000
8252;2023-03-10 12:46:11.227000;3;201207;1;1;6800.0000;1;13648.0000;None;147400.0000
8252;2023-03-10 12:46:11.227000;3;200644;1;1;6800.0000;1;13648.0000;None;147400.0000
8252;2023-03-10 12:51:38.860000;1;109458;1;1;26800.0000;1;13648.0000;None;147400.0000
8252;2023-03-10 12:51:38.860000;7;1001;1;1;0.0000;1;13648.0000;None;147400.0000
8252;2023-03-10 12:51:38.860000;7;1001;1;1;0.0000;1;13648.0000;None;147400.0000
8252;2023-03-10 12:55:53.707000;1;108794;1;1;48800.0000;1;13648.0000;None;147400.0000
8252;2023-03-10 12:55:53.707000;7;1003;2;1;0.0000;1;13648.0000;None;147400.0000
8252;2023-03-10 12:55:53.707000;1;102506;1;1;39800.0000;1;13648.0000;None;147400.0000
8252;2023-03-10 12:55:53.707000;7;1006;1;1;0.0000;1;13648.0000;None;147400.0000
8252;2023-03-10 12:55:53.707000;1;102132;1;1;6800.0000;1;13648.0000;None;147400.0000
8252;2023-03-10 12:55:53.707000;7;1000;4;1;0.0000;1;13648.0000;None;147400.0000
8252;2023-03-10 13:42:33.710000;3;100614;1;1;5800.0000;1;13648.0000;None;147400.0000
8252;2023-03-10 13:42:33.710000;3;100614;1;1;5800.0000;1;13648.0000;None;147400.0000
8253;2023-03-10 12:50:57.250000;2;201615;1;2;29600.0000;1;14537.0000;None;157000.0000
8253;2023-03-10 12:50:57.250000;6;101061;1;1;0.0000;1;14537.0000;None;157000.0000
8253;2023-03-10 12:50:57.250000;1;103772;1;1;17800.0000;1;14537.0000;None;157000.0000
8253;2023-03-10 12:50:57.250000;7;1001;1;1;0.0000;1;14537.0000;None;157000.0000
8253;2023-03-10 12:50:57.250000;1;103076;1;1;49800.0000;1;14537.0000;None;157000.0000
8253;2023-03-10 12:50:57.250000;1;102056;1;1;59800.0000;1;14537.0000;None;157000.0000
8256;2023-03-10 12:52:11.023000;3;201146;1;1;6800.0000;1;84713.0000;None;914900.0000
8256;2023-03-10 12:52:11.023000;7;1034;2;1;0.0000;1;84713.0000;None;914900.0000
8256;2023-03-10 12:52:11.023000;3;101641;1;1;0.0000;1;84713.0000;None;914900.0000
8256;2023-03-10 12:52:11.023000;3;102747;1;1;4800.0000;1;84713.0000;None;914900.0000
8256;2023-03-10 12:52:11.023000;7;1034;3;1;0.0000;1;84713.0000;None;914900.0000
8256;2023-03-10 12:52:11.023000;7;1207;1;1;0.0000;1;84713.0000;None;914900.0000
8256;2023-03-10 12:52:11.023000;3;102747;1;1;4800.0000;1;84713.0000;None;914900.0000
8256;2023-03-10 12:52:11.023000;3;102747;1;1;4800.0000;1;84713.0000;None;914900.0000
8256;2023-03-10 12:52:11.023000;3;102631;1;1;7800.0000;1;84713.0000;None;914900.0000
8256;2023-03-10 12:52:11.023000;3;102623;1;1;6800.0000;1;84713.0000;None;914900.0000
8256;2023-03-10 12:52:11.023000;3;200644;1;1;6800.0000;1;84713.0000;None;914900.0000
8256;2023-03-10 12:52:11.023000;3;101641;1;1;0.0000;1;84713.0000;None;914900.0000
8256;2023-03-10 12:52:11.023000;3;104446;1;1;5800.0000;1;84713.0000;None;914900.0000
8256;2023-03-10 12:52:11.023000;7;1034;3;1;0.0000;1;84713.0000;None;914900.0000
8256;2023-03-10 12:54:08.837000;3;200644;1;1;6800.0000;1;84713.0000;None;914900.0000
8256;2023-03-10 12:54:08.837000;3;101641;1;1;0.0000;1;84713.0000;None;914900.0000
8256;2023-03-10 12:59:45.660000;1;101954;1;1;19800.0000;1;84713.0000;None;914900.0000
8256;2023-03-10 12:59:45.660000;1;109458;1;1;26800.0000;1;84713.0000;None;914900.0000
8256;2023-03-10 13:06:20.903000;3;200644;1;1;6800.0000;1;84713.0000;None;914900.0000
8256;2023-03-10 13:06:20.903000;3;101641;1;1;0.0000;1;84713.0000;None;914900.0000
8256;2023-03-10 13:11:03.293000;3;102749;1;1;5800.0000;1;84713.0000;None;914900.0000
8256;2023-03-10 13:11:03.293000;3;102749;1;1;5800.0000;1;84713.0000;None;914900.0000
8256;2023-03-10 13:13:35.170000;1;101954;1;1;19800.0000;1;84713.0000;None;914900.0000
8256;2023-03-10 13:13:35.170000;1;109458;1;1;26800.0000;1;84713.0000;None;914900.0000
8256;2023-03-10 13:13:35.170000;7;1000;4;1;0.0000;1;84713.0000;None;914900.0000
8256;2023-03-10 13:23:31.520000;8;109320;1;1;35800.0000;1;84713.0000;None;914900.0000
8256;2023-03-10 13:23:31.520000;8;107227;1;1;0.0000;1;84713.0000;None;914900.0000
8256;2023-03-10 13:23:31.520000;8;109320;1;1;35800.0000;1;84713.0000;None;914900.0000
8256;2023-03-10 13:23:31.520000;8;107227;1;1;0.0000;1;84713.0000;None;914900.0000
8256;2023-03-10 13:23:31.520000;1;104719;1;1;39800.0000;1;84713.0000;None;914900.0000
8256;2023-03-10 13:23:31.520000;1;101522;1;1;0.0000;1;84713.0000;None;914900.0000
8256;2023-03-10 13:23:31.520000;7;1000;4;1;0.0000;1;84713.0000;None;914900.0000
8256;2023-03-10 13:23:31.520000;1;104719;1;1;39800.0000;1;84713.0000;None;914900.0000
8256;2023-03-10 13:23:31.520000;1;101433;1;1;0.0000;1;84713.0000;None;914900.0000
8256;2023-03-10 13:23:31.520000;7;1000;4;1;0.0000;1;84713.0000;None;914900.0000
8256;2023-03-10 13:23:31.520000;1;103076;1;1;49800.0000;1;84713.0000;None;914900.0000
8256;2023-03-10 13:23:31.520000;1;102951;1;1;39800.0000;1;84713.0000;None;914900.0000
8256;2023-03-10 13:23:31.520000;1;103955;1;1;41800.0000;1;84713.0000;None;914900.0000
8256;2023-03-10 13:23:31.520000;1;101520;1;1;0.0000;1;84713.0000;None;914900.0000
8256;2023-03-10 13:23:31.520000;1;105188;1;1;31800.0000;1;84713.0000;None;914900.0000
8256;2023-03-10 13:23:31.520000;8;109318;1;1;40800.0000;1;84713.0000;None;914900.0000
8256;2023-03-10 13:23:31.520000;8;107228;1;1;0.0000;1;84713.0000;None;914900.0000
8256;2023-03-10 13:23:31.520000;1;100853;1;1;28800.0000;1;84713.0000;None;914900.0000
8256;2023-03-10 13:23:31.520000;1;103515;1;1;44800.0000;1;84713.0000;None;914900.0000
8256;2023-03-10 13:23:31.520000;6;101061;1;4;0.0000;1;84713.0000;None;914900.0000
8256;2023-03-10 13:23:31.520000;1;102228;1;1;8800.0000;1;84713.0000;None;914900.0000
8256;2023-03-10 13:29:40.893000;1;104719;1;1;39800.0000;1;84713.0000;None;914900.0000
8256;2023-03-10 13:29:40.893000;1;101552;1;1;0.0000;1;84713.0000;None;914900.0000
8256;2023-03-10 13:29:40.893000;7;1000;4;1;0.0000;1;84713.0000;None;914900.0000
8256;2023-03-10 13:29:40.893000;1;104719;1;1;39800.0000;1;84713.0000;None;914900.0000
8256;2023-03-10 13:29:40.893000;1;101522;1;1;0.0000;1;84713.0000;None;914900.0000
8256;2023-03-10 13:29:40.893000;7;1000;4;1;0.0000;1;84713.0000;None;914900.0000
8256;2023-03-10 13:29:40.893000;8;103023;1;1;47800.0000;1;84713.0000;None;914900.0000
8256;2023-03-10 13:29:40.893000;3;102747;1;1;4800.0000;1;84713.0000;None;914900.0000
8256;2023-03-10 13:29:40.893000;3;102747;1;1;4800.0000;1;84713.0000;None;914900.0000
8256;2023-03-10 13:51:50.207000;3;102747;1;1;4800.0000;1;84713.0000;None;914900.0000
8256;2023-03-10 13:51:50.207000;7;1034;3;1;0.0000;1;84713.0000;None;914900.0000
8256;2023-03-10 14:07:24.307000;1;103372;1;1;15800.0000;1;84713.0000;None;914900.0000
8256;2023-03-10 14:07:24.307000;1;103372;1;1;15800.0000;1;84713.0000;None;914900.0000
8256;2023-03-10 14:07:24.307000;1;105421;1;1;19800.0000;1;84713.0000;None;914900.0000
8256;2023-03-10 14:07:24.307000;1;103166;1;1;19800.0000;1;84713.0000;None;914900.0000
8256;2023-03-10 14:07:24.307000;3;100612;1;1;9800.0000;1;84713.0000;None;914900.0000
8256;2023-03-10 14:07:24.307000;3;100612;1;1;9800.0000;1;84713.0000;None;914900.0000
8256;2023-03-10 14:07:24.307000;3;100614;1;4;23200.0000;1;84713.0000;None;914900.0000
8256;2023-03-10 14:07:24.307000;3;100607;1;1;6800.0000;1;84713.0000;None;914900.0000
8256;2023-03-10 14:07:24.307000;1;102905;1;1;5500.0000;1;84713.0000;None;914900.0000
8256;2023-03-10 14:21:53.300000;1;103759;1;1;10800.0000;1;84713.0000;None;914900.0000
8256;2023-03-10 14:21:53.300000;1;103372;1;1;15800.0000;1;84713.0000;None;914900.0000
8256;2023-03-10 14:21:53.300000;1;103372;1;1;15800.0000;1;84713.0000;None;914900.0000
8259;2023-03-10 13:11:01.143000;3;201207;1;1;6800.0000;1;11370.0000;None;122800.0000
8259;2023-03-10 13:11:01.143000;3;102747;1;1;4800.0000;1;11370.0000;None;122800.0000
8259;2023-03-10 13:16:15.817000;1;102671;1;1;38800.0000;1;11370.0000;None;122800.0000
8259;2023-03-10 13:16:15.817000;1;102671;1;1;38800.0000;1;11370.0000;None;122800.0000
8259;2023-03-10 13:16:15.817000;1;100853;1;1;28800.0000;1;11370.0000;None;122800.0000
8259;2023-03-10 13:16:15.817000;6;101061;1;1;0.0000;1;11370.0000;None;122800.0000
8259;2023-03-10 13:25:15.480000;3;102747;1;1;4800.0000;1;11370.0000;None;122800.0000
8260;2023-03-10 13:11:16.100000;2;201615;1;4;59200.0000;1;48093.0000;None;519400.0000
8260;2023-03-10 13:11:16.100000;3;201207;1;1;6800.0000;1;48093.0000;None;519400.0000
8260;2023-03-10 13:20:36.523000;3;201146;1;2;13600.0000;1;48093.0000;None;519400.0000
8260;2023-03-10 13:20:36.523000;3;201207;1;1;6800.0000;1;48093.0000;None;519400.0000
8260;2023-03-10 13:20:36.523000;2;201615;1;1;14800.0000;1;48093.0000;None;519400.0000
8260;2023-03-10 13:20:36.523000;6;101061;1;2;0.0000;1;48093.0000;None;519400.0000
8260;2023-03-10 13:20:36.523000;1;103076;1;4;199200.0000;1;48093.0000;None;519400.0000
8260;2023-03-10 13:20:36.523000;1;102671;1;1;38800.0000;1;48093.0000;None;519400.0000
8260;2023-03-10 13:20:36.523000;8;103867;1;2;57600.0000;1;48093.0000;None;519400.0000
8260;2023-03-10 13:20:36.523000;1;103558;1;1;67800.0000;1;48093.0000;None;519400.0000
8260;2023-03-10 13:20:36.523000;1;109323;1;1;54800.0000;1;48093.0000;None;519400.0000
8260;2023-03-10 13:20:36.523000;7;1002;1;1;0.0000;1;48093.0000;None;519400.0000
8261;2023-03-10 13:13:52.200000;2;200140;1;1;64800.0000;1;15296.0000;None;165200.0000
8261;2023-03-10 13:13:52.200000;8;109318;1;1;40800.0000;1;15296.0000;None;165200.0000
8261;2023-03-10 13:13:52.200000;8;107228;1;1;0.0000;1;15296.0000;None;165200.0000
8261;2023-03-10 13:13:52.200000;8;103867;1;1;28800.0000;1;15296.0000;None;165200.0000
8261;2023-03-10 13:13:52.200000;1;100846;1;1;30800.0000;1;15296.0000;None;165200.0000
8261;2023-03-10 13:13:52.200000;6;101061;1;1;0.0000;1;15296.0000;None;165200.0000
8262;2023-03-10 13:17:04.300000;3;102619;1;1;7800.0000;1;23741.0000;None;256400.0000
8262;2023-03-10 13:35:41.630000;1;100855;1;1;28800.0000;1;23741.0000;None;256400.0000
8262;2023-03-10 13:35:41.630000;1;102678;1;1;36800.0000;1;23741.0000;None;256400.0000
8262;2023-03-10 13:35:41.630000;1;104719;1;1;39800.0000;1;23741.0000;None;256400.0000
8262;2023-03-10 13:35:41.630000;1;105065;1;1;0.0000;1;23741.0000;None;256400.0000
8262;2023-03-10 13:35:41.630000;3;201146;1;1;6800.0000;1;23741.0000;None;256400.0000
8262;2023-03-10 13:35:41.630000;1;101958;1;1;67800.0000;1;23741.0000;None;256400.0000
8262;2023-03-10 13:35:41.630000;1;101552;1;1;0.0000;1;23741.0000;None;256400.0000
8262;2023-03-10 13:35:41.630000;7;1006;1;1;0.0000;1;23741.0000;None;256400.0000
8262;2023-03-10 13:35:41.630000;6;101061;1;1;0.0000;1;23741.0000;None;256400.0000
8262;2023-03-10 13:40:58.680000;3;102619;1;1;7800.0000;1;23741.0000;None;256400.0000
8262;2023-03-10 13:40:58.680000;3;201237;1;1;6800.0000;1;23741.0000;None;256400.0000
8262;2023-03-10 14:17:33.090000;1;104004;1;1;16800.0000;1;23741.0000;None;256400.0000
8262;2023-03-10 14:17:33.090000;1;103166;1;1;19800.0000;1;23741.0000;None;256400.0000
8262;2023-03-10 14:17:33.090000;3;100614;1;3;17400.0000;1;23741.0000;None;256400.0000
8263;2023-03-10 13:21:09.660000;3;104446;1;1;5800.0000;1;11852.0000;None;128000.0000
8263;2023-03-10 13:21:09.660000;7;1207;1;1;0.0000;1;11852.0000;None;128000.0000
8263;2023-03-10 13:21:09.660000;3;102747;1;1;4800.0000;1;11852.0000;None;128000.0000
8263;2023-03-10 13:21:09.660000;6;101061;1;1;0.0000;1;11852.0000;None;128000.0000
8263;2023-03-10 13:21:09.660000;1;108794;1;2;97600.0000;1;11852.0000;None;128000.0000
8263;2023-03-10 13:21:09.660000;7;1006;1;1;0.0000;1;11852.0000;None;128000.0000
8263;2023-03-10 14:00:44.520000;1;105421;1;1;19800.0000;1;11852.0000;None;128000.0000
8265;2023-03-10 13:22:01.743000;1;103771;1;1;12800.0000;1;1556.0000;None;16800.0000
8265;2023-03-10 13:22:01.743000;1;104272;1;1;4000.0000;1;1556.0000;None;16800.0000
8265;2023-03-10 13:22:01.743000;7;1348;1;1;0.0000;1;1556.0000;None;16800.0000
8266;2023-03-10 13:23:54.963000;2;200480;1;1;12800.0000;1;12593.0000;None;136000.0000
8266;2023-03-10 13:23:54.963000;3;201207;1;1;6800.0000;1;12593.0000;None;136000.0000
8266;2023-03-10 13:29:21.553000;1;108423;1;1;51800.0000;1;12593.0000;None;136000.0000
8266;2023-03-10 13:29:21.553000;1;101522;1;1;0.0000;1;12593.0000;None;136000.0000
8266;2023-03-10 13:29:21.553000;7;1007;1;1;0.0000;1;12593.0000;None;136000.0000
8266;2023-03-10 13:29:21.553000;1;103076;1;1;49800.0000;1;12593.0000;None;136000.0000
8266;2023-03-10 13:29:21.553000;6;101061;1;1;0.0000;1;12593.0000;None;136000.0000
8266;2023-03-10 13:38:49.397000;2;201615;1;1;14800.0000;1;12593.0000;None;136000.0000
8267;2023-03-10 13:25:35.747000;3;102635;1;1;8800.0000;1;6500.0000;None;70200.0000
8267;2023-03-10 13:25:35.747000;3;102635;1;1;8800.0000;1;6500.0000;None;70200.0000
8267;2023-03-10 13:25:35.747000;1;100848;1;1;28800.0000;1;6500.0000;None;70200.0000
8267;2023-03-10 13:25:35.747000;1;100851;1;1;23800.0000;1;6500.0000;None;70200.0000
8267;2023-03-10 13:25:35.747000;6;101061;1;1;0.0000;1;6500.0000;None;70200.0000
8268;2023-03-10 13:30:35.810000;3;102747;1;1;4800.0000;1;23241.0000;None;251000.0000
8268;2023-03-10 13:30:35.810000;7;1207;1;1;0.0000;1;23241.0000;None;251000.0000
8268;2023-03-10 13:30:35.810000;3;201269;1;3;20400.0000;1;23241.0000;None;251000.0000
8268;2023-03-10 13:30:35.810000;3;101641;1;3;0.0000;1;23241.0000;None;251000.0000
8268;2023-03-10 13:38:33.197000;3;201269;1;1;6800.0000;1;23241.0000;None;251000.0000
8268;2023-03-10 13:38:33.197000;3;101641;1;1;0.0000;1;23241.0000;None;251000.0000
8268;2023-03-10 13:38:33.197000;1;102670;1;1;35800.0000;1;23241.0000;None;251000.0000
8268;2023-03-10 13:38:33.197000;1;102499;1;1;41800.0000;1;23241.0000;None;251000.0000
8268;2023-03-10 13:38:33.197000;6;104683;1;1;0.0000;1;23241.0000;None;251000.0000
8268;2023-03-10 13:38:33.197000;7;1002;1;1;0.0000;1;23241.0000;None;251000.0000
8268;2023-03-10 13:38:33.197000;1;102903;1;1;36800.0000;1;23241.0000;None;251000.0000
8268;2023-03-10 13:38:33.197000;6;101563;1;1;0.0000;1;23241.0000;None;251000.0000
8268;2023-03-10 13:38:33.197000;7;1007;1;1;0.0000;1;23241.0000;None;251000.0000
8268;2023-03-10 13:38:33.197000;1;109323;1;1;54800.0000;1;23241.0000;None;251000.0000
8268;2023-03-10 13:38:33.197000;7;1003;2;1;0.0000;1;23241.0000;None;251000.0000
8268;2023-03-10 13:38:33.197000;1;102494;1;1;49800.0000;1;23241.0000;None;251000.0000
8268;2023-03-10 13:38:33.197000;7;1003;2;1;0.0000;1;23241.0000;None;251000.0000
8268;2023-03-10 13:38:33.197000;6;101061;1;3;0.0000;1;23241.0000;None;251000.0000
8269;2023-03-10 13:31:40.810000;3;200644;1;1;6800.0000;1;5130.0000;None;55400.0000
8269;2023-03-10 13:31:40.810000;3;101641;1;1;0.0000;1;5130.0000;None;55400.0000
8269;2023-03-10 13:31:40.810000;6;101061;1;1;0.0000;1;5130.0000;None;55400.0000
8269;2023-03-10 13:31:40.810000;1;104719;1;1;39800.0000;1;5130.0000;None;55400.0000
8269;2023-03-10 13:31:40.810000;7;1000;4;1;0.0000;1;5130.0000;None;55400.0000
8269;2023-03-10 13:31:40.810000;1;101520;1;1;0.0000;1;5130.0000;None;55400.0000
8269;2023-03-10 14:03:33.737000;1;103100;1;1;8800.0000;1;5130.0000;None;55400.0000
8270;2023-03-10 13:36:06.037000;3;100614;1;1;5800.0000;1;3000.0000;None;32400.0000
8270;2023-03-10 13:36:06.037000;3;100606;1;1;6800.0000;1;3000.0000;None;32400.0000
8270;2023-03-10 13:36:06.037000;7;1207;1;1;0.0000;1;3000.0000;None;32400.0000
8270;2023-03-10 13:36:06.037000;1;105421;1;1;19800.0000;1;3000.0000;None;32400.0000
8271;2023-03-10 13:37:06.953000;3;201207;1;1;6800.0000;1;7704.0000;None;83200.0000
8271;2023-03-10 13:37:06.953000;3;102631;1;1;7800.0000;1;7704.0000;None;83200.0000
8271;2023-03-10 13:37:06.953000;1;101127;1;1;36800.0000;1;7704.0000;None;83200.0000
8271;2023-03-10 13:37:06.953000;7;1006;1;1;0.0000;1;7704.0000;None;83200.0000
8271;2023-03-10 13:37:06.953000;1;103154;1;1;31800.0000;1;7704.0000;None;83200.0000
8271;2023-03-10 13:37:06.953000;7;1000;4;1;0.0000;1;7704.0000;None;83200.0000
8271;2023-03-10 13:37:06.953000;6;101061;1;1;0.0000;1;7704.0000;None;83200.0000
8272;2023-03-10 13:53:11.270000;3;201146;1;1;6800.0000;1;33148.0000;None;358000.0000
8272;2023-03-10 13:53:11.270000;3;200644;1;1;6800.0000;1;33148.0000;None;358000.0000
8272;2023-03-10 13:53:11.270000;3;200644;1;1;6800.0000;1;33148.0000;None;358000.0000
8272;2023-03-10 13:53:11.270000;3;101641;1;2;0.0000;1;33148.0000;None;358000.0000
8272;2023-03-10 13:53:11.270000;3;102748;1;1;15800.0000;1;33148.0000;None;358000.0000
8272;2023-03-10 13:53:11.270000;3;102639;1;1;9800.0000;1;33148.0000;None;358000.0000
8272;2023-03-10 13:53:11.270000;3;102631;1;1;7800.0000;1;33148.0000;None;358000.0000
8272;2023-03-10 13:53:11.270000;7;1207;1;1;0.0000;1;33148.0000;None;358000.0000
8272;2023-03-10 13:53:11.270000;8;107926;1;1;41800.0000;1;33148.0000;None;358000.0000
8272;2023-03-10 13:53:11.270000;8;107227;1;1;0.0000;1;33148.0000;None;358000.0000
8272;2023-03-10 13:53:11.270000;8;109320;1;1;35800.0000;1;33148.0000;None;358000.0000
8272;2023-03-10 13:53:11.270000;8;107227;1;1;0.0000;1;33148.0000;None;358000.0000
8272;2023-03-10 13:53:11.270000;8;107926;1;1;41800.0000;1;33148.0000;None;358000.0000
8272;2023-03-10 13:53:11.270000;8;107228;1;1;0.0000;1;33148.0000;None;358000.0000
8272;2023-03-10 13:53:11.270000;8;107926;1;1;41800.0000;1;33148.0000;None;358000.0000
8272;2023-03-10 13:53:11.270000;8;107228;1;1;0.0000;1;33148.0000;None;358000.0000
8272;2023-03-10 13:53:11.270000;8;109318;1;1;40800.0000;1;33148.0000;None;358000.0000
8272;2023-03-10 13:53:11.270000;8;107228;1;1;0.0000;1;33148.0000;None;358000.0000
8272;2023-03-10 13:53:11.270000;1;100855;1;1;28800.0000;1;33148.0000;None;358000.0000
8272;2023-03-10 13:53:11.270000;8;106729;1;1;1800.0000;1;33148.0000;None;358000.0000
8272;2023-03-10 13:53:11.270000;6;101061;1;3;0.0000;1;33148.0000;None;358000.0000
8272;2023-03-10 14:23:51.933000;1;103100;1;1;8800.0000;1;33148.0000;None;358000.0000
8272;2023-03-10 14:27:50.293000;1;103100;1;1;8800.0000;1;33148.0000;None;358000.0000
8272;2023-03-10 14:27:50.293000;1;104551;1;1;8800.0000;1;33148.0000;None;358000.0000
8272;2023-03-10 14:28:14.107000;1;104272;1;1;4000.0000;1;33148.0000;None;358000.0000
8272;2023-03-10 14:28:14.107000;7;1345;1;1;0.0000;1;33148.0000;None;358000.0000
8272;2023-03-10 14:28:14.107000;1;104272;1;1;4000.0000;1;33148.0000;None;358000.0000
8272;2023-03-10 14:28:14.107000;7;1345;1;1;0.0000;1;33148.0000;None;358000.0000
8272;2023-03-10 14:31:16.533000;3;100614;1;3;17400.0000;1;33148.0000;None;358000.0000
8272;2023-03-10 14:31:16.533000;1;105421;1;1;19800.0000;1;33148.0000;None;358000.0000
8273;2023-03-10 13:58:19.863000;3;100606;1;1;6800.0000;1;1796.0000;None;19400.0000
8273;2023-03-10 13:58:19.863000;3;100606;1;1;6800.0000;1;1796.0000;None;19400.0000
8273;2023-03-10 13:58:19.863000;3;100614;1;1;5800.0000;1;1796.0000;None;19400.0000
8274;2023-03-10 14:17:18.880000;8;107298;1;1;48800.0000;1;5333.0000;None;57600.0000
8274;2023-03-10 14:17:18.880000;8;107228;1;1;0.0000;1;5333.0000;None;57600.0000
8274;2023-03-10 14:20:40.567000;3;102635;1;1;8800.0000;1;5333.0000;None;57600.0000
8275;2023-03-10 14:03:08.797000;3;200644;1;1;6800.0000;1;None;None;38200.0000
8275;2023-03-10 14:03:08.797000;3;100614;1;1;5800.0000;1;None;None;38200.0000
8275;2023-03-10 14:03:08.797000;3;100614;1;1;5800.0000;1;None;None;38200.0000
8275;2023-03-10 14:03:08.797000;1;103166;1;1;19800.0000;1;None;None;38200.0000
8276;2023-03-10 14:15:20.800000;3;102747;1;2;9600.0000;1;7333.0000;None;79200.0000
8276;2023-03-10 14:26:01.357000;1;102671;1;1;38800.0000;1;7333.0000;None;79200.0000
8276;2023-03-10 14:26:01.357000;1;103340;1;1;30800.0000;1;7333.0000;None;79200.0000
8277;2023-03-10 14:17:07.513000;1;103784;1;1;29800.0000;1;8685.0000;None;93800.0000
8277;2023-03-10 14:17:07.513000;6;101438;1;1;0.0000;1;8685.0000;None;93800.0000
8277;2023-03-10 14:17:07.513000;1;102327;1;1;17800.0000;1;8685.0000;None;93800.0000
8277;2023-03-10 14:17:07.513000;6;101535;1;1;0.0000;1;8685.0000;None;93800.0000
8277;2023-03-10 14:17:07.513000;1;103784;1;1;29800.0000;1;8685.0000;None;93800.0000
8277;2023-03-10 14:17:07.513000;6;101624;1;1;0.0000;1;8685.0000;None;93800.0000
8277;2023-03-10 14:17:07.513000;6;101061;1;1;0.0000;1;8685.0000;None;93800.0000
8277;2023-03-10 14:17:37.990000;3;104554;1;1;4800.0000;1;8685.0000;None;93800.0000
8277;2023-03-10 14:17:37.990000;3;102747;1;1;4800.0000;1;8685.0000;None;93800.0000
8277;2023-03-10 14:17:37.990000;7;1034;3;1;0.0000;1;8685.0000;None;93800.0000
8277;2023-03-10 14:17:37.990000;3;102644;1;1;6800.0000;1;8685.0000;None;93800.0000
8278;2023-03-10 14:35:04.863000;3;200644;1;3;20400.0000;1;15500.0000;None;167400.0000
8278;2023-03-10 14:35:04.863000;3;101641;1;1;0.0000;1;15500.0000;None;167400.0000
8278;2023-03-10 14:35:04.863000;3;101641;1;1;0.0000;1;15500.0000;None;167400.0000
8278;2023-03-10 14:35:04.863000;3;101641;1;1;0.0000;1;15500.0000;None;167400.0000
8278;2023-03-10 14:35:04.863000;3;102747;1;1;4800.0000;1;15500.0000;None;167400.0000
8278;2023-03-10 14:38:48.207000;1;102499;1;1;41800.0000;1;15500.0000;None;167400.0000
8278;2023-03-10 14:38:48.207000;6;101563;1;1;0.0000;1;15500.0000;None;167400.0000
8278;2023-03-10 14:38:48.207000;7;1002;1;1;0.0000;1;15500.0000;None;167400.0000
8278;2023-03-10 14:38:48.207000;1;102499;1;1;41800.0000;1;15500.0000;None;167400.0000
8278;2023-03-10 14:38:48.207000;6;101563;1;1;0.0000;1;15500.0000;None;167400.0000
8278;2023-03-10 14:38:48.207000;7;1006;1;1;0.0000;1;15500.0000;None;167400.0000
8278;2023-03-10 14:38:48.207000;1;100853;1;1;28800.0000;1;15500.0000;None;167400.0000
8278;2023-03-10 14:38:48.207000;1;103784;1;1;29800.0000;1;15500.0000;None;167400.0000
8278;2023-03-10 14:38:48.207000;6;101438;1;1;0.0000;1;15500.0000;None;167400.0000
8278;2023-03-10 14:38:48.207000;6;101061;1;1;0.0000;1;15500.0000;None;167400.0000
8280;2023-03-10 18:12:49.463000;6;101061;1;1;0.0000;1;6315.0000;None;68200.0000
8280;2023-03-10 18:12:49.463000;1;100846;1;1;30800.0000;1;6315.0000;None;68200.0000
8280;2023-03-10 18:12:49.463000;1;102228;1;1;8800.0000;1;6315.0000;None;68200.0000
8280;2023-03-10 18:12:49.463000;3;102748;1;1;15800.0000;1;6315.0000;None;68200.0000
8280;2023-03-10 18:12:49.463000;2;200480;1;1;12800.0000;1;6315.0000;None;68200.0000
8282;2023-03-10 19:04:51.570000;1;102498;1;1;34800.0000;1;12037.0000;None;130000.0000
8282;2023-03-10 19:04:51.570000;6;101563;1;1;0.0000;1;12037.0000;None;130000.0000
8282;2023-03-10 19:04:51.570000;7;1007;1;1;0.0000;1;12037.0000;None;130000.0000
8282;2023-03-10 19:04:51.570000;1;102498;1;1;34800.0000;1;12037.0000;None;130000.0000
8282;2023-03-10 19:04:51.570000;6;101563;1;1;0.0000;1;12037.0000;None;130000.0000
8282;2023-03-10 19:04:51.570000;7;1007;1;1;0.0000;1;12037.0000;None;130000.0000
8282;2023-03-10 19:04:51.570000;2;202604;1;2;25600.0000;1;12037.0000;None;130000.0000
8282;2023-03-10 19:04:51.570000;6;101061;1;1;0.0000;1;12037.0000;None;130000.0000
8282;2023-03-10 19:06:39.643000;1;102498;1;1;34800.0000;1;12037.0000;None;130000.0000
8282;2023-03-10 19:06:39.643000;6;101563;1;1;0.0000;1;12037.0000;None;130000.0000
8282;2023-03-10 19:06:39.643000;7;1007;1;1;0.0000;1;12037.0000;None;130000.0000
8282;2023-03-10 19:06:39.643000;7;1000;4;1;0.0000;1;12037.0000;None;130000.0000
8284;2023-03-10 20:05:26.997000;1;108825;1;1;13800.0000;1;None;None;27600.0000
8284;2023-03-10 20:05:26.997000;1;108824;1;1;13800.0000;1;None;None;27600.0000
8284;2023-03-10 20:05:26.997000;7;1000;4;1;0.0000;1;None;None;27600.0000
8285;2023-03-10 20:28:24.917000;1;103651;1;1;43800.0000;1;8444.0000;None;91200.0000
8285;2023-03-10 20:28:24.917000;1;103642;1;1;25800.0000;1;8444.0000;None;91200.0000
8285;2023-03-10 20:29:02.823000;3;100606;1;1;6800.0000;1;8444.0000;None;91200.0000
8285;2023-03-10 20:29:02.823000;2;201615;1;1;14800.0000;1;8444.0000;None;91200.0000
9507;2023-03-10 09:06:04.290000;3;102630;1;1;8800.0000;1;3000.0000;None;32400.0000
9507;2023-03-10 09:06:04.290000;1;100995;1;1;10800.0000;1;3000.0000;None;32400.0000
9507;2023-03-10 09:06:04.290000;1;103038;1;1;12800.0000;1;3000.0000;None;32400.0000
9507;2023-03-10 09:06:04.290000;7;1000;4;1;0.0000;1;3000.0000;None;32400.0000
9508;2023-03-10 10:55:15.523000;3;100606;1;1;6800.0000;1;1537.0000;None;16600.0000
9508;2023-03-10 10:55:15.523000;3;100614;1;1;5800.0000;1;1537.0000;None;16600.0000
9508;2023-03-10 10:55:15.523000;1;104272;1;1;4000.0000;1;1537.0000;None;16600.0000
9508;2023-03-10 10:55:15.523000;7;1347;1;1;0.0000;1;1537.0000;None;16600.0000
9509;2023-03-10 11:28:21.610000;3;100606;1;1;6800.0000;1;None;None;34400.0000
9509;2023-03-10 11:28:21.610000;3;100606;1;1;6800.0000;1;None;None;34400.0000
9509;2023-03-10 11:28:21.610000;3;100606;1;1;6800.0000;1;None;None;34400.0000
9509;2023-03-10 11:28:21.610000;1;100581;1;1;10000.0000;1;None;None;34400.0000
9509;2023-03-10 11:28:21.610000;7;1349;1;3;0.0000;1;None;None;34400.0000
9509;2023-03-10 11:28:21.610000;1;104272;1;1;4000.0000;1;None;None;34400.0000
9509;2023-03-10 11:28:21.610000;7;1347;1;1;0.0000;1;None;None;34400.0000
9510;2023-03-10 11:38:19.100000;1;103515;1;1;44800.0000;1;None;None;44800.0000
9510;2023-03-10 11:38:19.100000;7;1000;4;1;0.0000;1;None;None;44800.0000
9511;2023-03-10 11:59:57.193000;1;102670;1;1;35800.0000;1;None;None;35800.0000
9511;2023-03-10 11:59:57.193000;7;1000;4;1;0.0000;1;None;None;35800.0000
9512;2023-03-10 12:00:32.007000;1;100582;1;1;18000.0000;1;None;None;18000.0000
9512;2023-03-10 12:00:32.007000;7;1347;1;6;0.0000;1;None;None;18000.0000
9513;2023-03-10 12:10:48.750000;1;100582;1;1;18000.0000;1;None;None;18000.0000
9513;2023-03-10 12:10:48.750000;7;1346;1;6;0.0000;1;None;None;18000.0000
9515;2023-03-10 12:18:02.723000;6;101061;1;1;0.0000;1;3296.0000;None;35600.0000
9515;2023-03-10 12:18:02.723000;1;109401;1;1;29800.0000;1;3296.0000;None;35600.0000
9515;2023-03-10 12:18:02.723000;7;1006;1;1;0.0000;1;3296.0000;None;35600.0000
9515;2023-03-10 12:47:36.220000;3;100596;1;1;5800.0000;1;3296.0000;None;35600.0000
9516;2023-03-10 12:19:00.723000;1;100845;1;1;28800.0000;1;7500.0000;None;81000.0000
9516;2023-03-10 12:19:00.723000;1;100855;1;1;28800.0000;1;7500.0000;None;81000.0000
9516;2023-03-10 12:19:00.723000;7;1000;4;1;0.0000;1;7500.0000;None;81000.0000
9516;2023-03-10 12:19:00.723000;6;101061;1;1;0.0000;1;7500.0000;None;81000.0000
9516;2023-03-10 12:19:00.723000;3;200644;1;1;6800.0000;1;7500.0000;None;81000.0000
9516;2023-03-10 12:19:00.723000;3;101641;1;1;0.0000;1;7500.0000;None;81000.0000
9516;2023-03-10 12:19:00.723000;3;201207;1;1;6800.0000;1;7500.0000;None;81000.0000
9516;2023-03-10 12:44:47.510000;3;100612;1;1;9800.0000;1;7500.0000;None;81000.0000
9518;2023-03-10 12:27:31.707000;1;103100;1;1;8800.0000;1;None;None;30400.0000
9518;2023-03-10 12:27:31.707000;1;103100;1;1;8800.0000;1;None;None;30400.0000
9518;2023-03-10 12:27:31.707000;1;103100;1;1;8800.0000;1;None;None;30400.0000
9518;2023-03-10 12:27:31.707000;1;104272;1;1;4000.0000;1;None;None;30400.0000
9518;2023-03-10 12:27:31.707000;7;1347;1;1;0.0000;1;None;None;30400.0000
9520;2023-03-10 12:46:11.943000;1;103100;1;1;8800.0000;1;None;None;26400.0000
9520;2023-03-10 12:46:11.943000;1;103100;1;1;8800.0000;1;None;None;26400.0000
9520;2023-03-10 12:46:11.943000;1;103100;1;1;8800.0000;1;None;None;26400.0000
9521;2023-03-10 12:51:19.580000;2;201187;1;1;10800.0000;1;6278.0000;None;67800.0000
9521;2023-03-10 12:51:19.580000;3;201207;1;1;6800.0000;1;6278.0000;None;67800.0000
9521;2023-03-10 12:51:19.580000;1;100857;1;1;14800.0000;1;6278.0000;None;67800.0000
9521;2023-03-10 12:51:19.580000;1;100851;1;1;23800.0000;1;6278.0000;None;67800.0000
9521;2023-03-10 12:51:19.580000;6;101061;1;1;0.0000;1;6278.0000;None;67800.0000
9521;2023-03-10 13:31:34.423000;3;100614;1;1;5800.0000;1;6278.0000;None;67800.0000
9521;2023-03-10 13:31:34.423000;3;100614;1;1;5800.0000;1;6278.0000;None;67800.0000
9522;2023-03-10 12:52:16.453000;1;103100;1;1;8800.0000;1;None;None;8800.0000
9523;2023-03-10 12:53:07.847000;1;100581;1;1;10000.0000;1;None;None;10000.0000
9523;2023-03-10 12:53:07.847000;7;1349;1;3;0.0000;1;None;None;10000.0000
9524;2023-03-10 12:57:11.340000;1;103651;1;1;43800.0000;1;None;None;43800.0000
9524;2023-03-10 12:57:11.340000;7;1000;4;1;0.0000;1;None;None;43800.0000
9525;2023-03-10 13:01:40.277000;3;201146;1;1;6800.0000;1;2907.0000;None;31400.0000
9525;2023-03-10 13:01:40.277000;7;1207;1;1;0.0000;1;2907.0000;None;31400.0000
9525;2023-03-10 13:01:40.277000;1;104730;1;1;18800.0000;1;2907.0000;None;31400.0000
9525;2023-03-10 13:01:40.277000;6;101535;1;1;0.0000;1;2907.0000;None;31400.0000
9525;2023-03-10 13:01:40.277000;1;102239;1;1;5800.0000;1;2907.0000;None;31400.0000
9525;2023-03-10 13:01:40.277000;6;101061;1;1;0.0000;1;2907.0000;None;31400.0000
9526;2023-03-10 13:10:29.730000;1;100581;1;1;10000.0000;1;None;None;10000.0000
9526;2023-03-10 13:10:29.730000;7;1346;1;1;0.0000;1;None;None;10000.0000
9526;2023-03-10 13:10:29.730000;7;1348;1;1;0.0000;1;None;None;10000.0000
9526;2023-03-10 13:10:29.730000;7;1349;1;1;0.0000;1;None;None;10000.0000
9527;2023-03-10 13:14:55.610000;1;103100;1;1;8800.0000;1;None;None;17600.0000
9527;2023-03-10 13:14:55.610000;1;103100;1;1;8800.0000;1;None;None;17600.0000
9528;2023-03-10 13:16:48.143000;1;103084;1;1;6000.0000;1;None;None;32400.0000
9528;2023-03-10 13:16:48.143000;1;103100;1;1;8800.0000;1;None;None;32400.0000
9528;2023-03-10 13:16:48.143000;1;103100;1;1;8800.0000;1;None;None;32400.0000
9528;2023-03-10 13:16:48.143000;1;103100;1;1;8800.0000;1;None;None;32400.0000
9529;2023-03-10 13:23:41.943000;1;104272;1;1;4000.0000;1;None;None;4000.0000
9529;2023-03-10 13:23:41.943000;7;1347;1;1;0.0000;1;None;None;4000.0000
9531;2023-03-10 13:25:59.727000;1;100583;1;1;32000.0000;1;None;None;32000.0000
9531;2023-03-10 13:25:59.727000;7;1347;1;1;0.0000;1;None;None;32000.0000
9531;2023-03-10 13:25:59.727000;7;1345;1;11;0.0000;1;None;None;32000.0000
9532;2023-03-10 13:34:10.707000;8;107298;1;1;48800.0000;1;None;None;48800.0000
9532;2023-03-10 13:34:10.707000;8;107227;1;1;0.0000;1;None;None;48800.0000
9532;2023-03-10 13:34:10.707000;7;1000;4;1;0.0000;1;None;None;48800.0000
9533;2023-03-10 13:37:11.393000;1;103100;1;1;8800.0000;1;None;None;21600.0000
9533;2023-03-10 13:37:11.393000;1;103100;1;1;8800.0000;1;None;None;21600.0000
9533;2023-03-10 13:37:11.393000;1;104272;1;1;4000.0000;1;None;None;21600.0000
9533;2023-03-10 13:37:11.393000;7;1348;1;1;0.0000;1;None;None;21600.0000
9534;2023-03-10 13:40:39.673000;1;100581;1;1;10000.0000;1;None;None;10000.0000
9534;2023-03-10 13:40:39.673000;7;1347;1;3;0.0000;1;None;None;10000.0000
9535;2023-03-10 13:45:24.003000;1;100581;1;1;10000.0000;1;None;None;10000.0000
9535;2023-03-10 13:45:24.003000;7;1346;1;3;0.0000;1;None;None;10000.0000
9536;2023-03-10 13:48:35.893000;1;100582;1;1;18000.0000;1;None;None;18000.0000
9536;2023-03-10 13:48:35.893000;7;1346;1;1;0.0000;1;None;None;18000.0000
9536;2023-03-10 13:48:35.893000;7;1346;1;1;0.0000;1;None;None;18000.0000
9536;2023-03-10 13:48:35.893000;7;1348;1;1;0.0000;1;None;None;18000.0000
9536;2023-03-10 13:48:35.893000;7;1348;1;1;0.0000;1;None;None;18000.0000
9536;2023-03-10 13:48:35.893000;7;1349;1;1;0.0000;1;None;None;18000.0000
9536;2023-03-10 13:48:35.893000;7;1349;1;1;0.0000;1;None;None;18000.0000
9537;2023-03-10 14:01:30.050000;1;106043;1;1;7500.0000;1;None;None;31100.0000
9537;2023-03-10 14:01:30.050000;1;103088;1;1;6000.0000;1;None;None;31100.0000
9537;2023-03-10 14:01:30.050000;1;103097;1;1;8800.0000;1;None;None;31100.0000
9537;2023-03-10 14:01:30.050000;1;104275;1;1;8800.0000;1;None;None;31100.0000
9538;2023-03-10 14:12:32.520000;1;100582;1;1;18000.0000;1;None;None;41100.0000
9538;2023-03-10 14:12:32.520000;7;1347;1;6;0.0000;1;None;None;41100.0000
9538;2023-03-10 14:12:32.520000;1;102905;1;1;5500.0000;1;None;None;41100.0000
9538;2023-03-10 14:12:32.520000;1;103100;1;1;8800.0000;1;None;None;41100.0000
9538;2023-03-10 14:12:32.520000;1;103100;1;1;8800.0000;1;None;None;41100.0000
9540;2023-03-10 14:27:04.693000;1;103100;1;5;44000.0000;1;None;None;44000.0000
9541;2023-03-10 14:27:44.427000;1;103084;1;1;6000.0000;1;None;None;32400.0000
9541;2023-03-10 14:27:44.427000;1;103100;1;1;8800.0000;1;None;None;32400.0000
9541;2023-03-10 14:27:44.427000;1;103100;1;1;8800.0000;1;None;None;32400.0000
9541;2023-03-10 14:27:44.427000;1;103100;1;1;8800.0000;1;None;None;32400.0000
9542;2023-03-10 14:41:06.473000;3;103904;1;1;4800.0000;1;None;None;4800.0000
9543;2023-03-10 14:14:01.760000;1;100846;1;1;30800.0000;1;2852.0000;None;30800.0000
9544;2023-03-10 14:01:15.537000;3;201146;1;1;6800.0000;1;3481.0000;None;37600.0000
9544;2023-03-10 14:14:01.760000;1;100846;1;1;30800.0000;1;3481.0000;None;37600.0000
9544;2023-03-10 14:14:01.760000;6;101061;1;1;0.0000;1;3481.0000;None;37600.0000
9545;2023-03-10 15:02:47.280000;1;100581;1;1;10000.0000;1;None;None;10000.0000
9545;2023-03-10 15:02:47.297000;7;1347;1;3;0.0000;1;None;None;10000.0000
9546;2023-03-10 15:15:11.207000;1;104275;1;1;8800.0000;1;None;None;8800.0000
9547;2023-03-10 15:31:41.227000;1;104690;1;1;4800.0000;1;None;None;4800.0000
9548;2023-03-10 16:01:26.853000;1;100582;1;1;18000.0000;1;None;None;18000.0000
9548;2023-03-10 16:01:26.853000;7;1349;1;3;0.0000;1;None;None;18000.0000
9548;2023-03-10 16:01:26.853000;7;1346;1;3;0.0000;1;None;None;18000.0000
9550;2023-03-10 16:15:44.593000;8;103549;1;1;31800.0000;1;None;None;95600.0000
9550;2023-03-10 16:15:44.593000;1;101051;1;1;49800.0000;1;None;None;95600.0000
9550;2023-03-10 16:15:44.593000;1;100581;1;1;10000.0000;1;None;None;95600.0000
9550;2023-03-10 16:15:44.593000;7;1345;1;3;0.0000;1;None;None;95600.0000
9550;2023-03-10 16:15:44.593000;1;104272;1;1;4000.0000;1;None;None;95600.0000
9550;2023-03-10 16:15:44.593000;7;1350;1;1;0.0000;1;None;None;95600.0000
9551;2023-03-10 16:22:52.517000;1;104004;1;1;16800.0000;1;None;None;16800.0000
9552;2023-03-10 16:27:49.750000;1;103092;1;1;8800.0000;1;None;None;8800.0000
9554;2023-03-10 18:58:30.413000;1;103084;1;1;6000.0000;1;None;None;6000.0000
9555;2023-03-10 19:10:26.270000;1;100974;1;1;17800.0000;1;None;None;35600.0000
9555;2023-03-10 19:10:26.270000;1;100974;1;1;17800.0000;1;None;None;35600.0000
9555;2023-03-10 19:10:26.270000;7;1000;4;1;0.0000;1;None;None;35600.0000
9556;2023-03-10 20:08:03.323000;1;100862;1;3;83400.0000;1;None;None;248600.0000
9556;2023-03-10 20:08:03.323000;1;100855;1;4;115200.0000;1;None;None;248600.0000
9556;2023-03-10 20:08:03.323000;2;201615;1;2;29600.0000;1;None;None;248600.0000
9556;2023-03-10 20:08:03.323000;3;201207;1;1;6800.0000;1;None;None;248600.0000
9556;2023-03-10 20:08:03.323000;3;200644;1;2;13600.0000;1;None;None;248600.0000
27108;2023-03-10 09:02:46.453000;1;104272;1;1;4000.0000;1;None;None;16000.0000
27108;2023-03-10 09:02:46.453000;7;1349;1;1;0.0000;1;None;None;16000.0000
27108;2023-03-10 09:02:46.453000;1;104272;1;1;4000.0000;1;None;None;16000.0000
27108;2023-03-10 09:02:46.453000;7;1349;1;1;0.0000;1;None;None;16000.0000
27108;2023-03-10 09:02:46.453000;1;104272;1;1;4000.0000;1;None;None;16000.0000
27108;2023-03-10 09:02:46.453000;7;1346;1;1;0.0000;1;None;None;16000.0000
27108;2023-03-10 09:02:46.453000;1;104272;1;1;4000.0000;1;None;None;16000.0000
27108;2023-03-10 09:02:46.453000;7;1348;1;1;0.0000;1;None;None;16000.0000
27109;2023-03-10 09:05:28.403000;1;100583;1;1;33600.0000;1;None;None;33600.0000
27109;2023-03-10 09:05:28.403000;7;1346;1;2;0.0000;1;None;None;33600.0000
27109;2023-03-10 09:05:28.403000;7;1345;1;2;0.0000;1;None;None;33600.0000
27109;2023-03-10 09:05:28.403000;7;1350;1;2;0.0000;1;None;None;33600.0000
27109;2023-03-10 09:05:28.403000;7;1349;1;6;0.0000;1;None;None;33600.0000
27110;2023-03-10 10:28:23.133000;1;100857;1;1;15600.0000;1;None;None;17100.0000
27110;2023-03-10 10:28:23.133000;1;106731;1;1;1500.0000;1;None;None;17100.0000
27110;2023-03-10 10:28:23.133000;7;1344;1;1;0.0000;1;None;None;17100.0000
27111;2023-03-10 10:30:35.580000;1;100859;1;1;14500.0000;1;None;None;17500.0000
27111;2023-03-10 10:30:35.580000;1;102286;1;1;1500.0000;1;None;None;17500.0000
27111;2023-03-10 10:30:35.580000;1;102286;1;1;1500.0000;1;None;None;17500.0000
27112;2023-03-10 11:06:36.657000;1;100582;1;1;18900.0000;1;None;None;18900.0000
27112;2023-03-10 11:06:36.657000;7;1348;1;1;0.0000;1;None;None;18900.0000
27112;2023-03-10 11:06:36.657000;7;1348;1;1;0.0000;1;None;None;18900.0000
27112;2023-03-10 11:06:36.657000;7;1350;1;1;0.0000;1;None;None;18900.0000
27112;2023-03-10 11:06:36.657000;7;1350;1;1;0.0000;1;None;None;18900.0000
27112;2023-03-10 11:06:36.657000;7;1346;1;1;0.0000;1;None;None;18900.0000
27112;2023-03-10 11:06:36.657000;7;1346;1;1;0.0000;1;None;None;18900.0000
27113;2023-03-10 11:07:30.200000;1;102678;1;1;38700.0000;1;None;None;44500.0000
27113;2023-03-10 11:07:30.200000;1;102197;1;1;5800.0000;1;None;None;44500.0000
27113;2023-03-10 11:07:30.200000;7;1344;1;1;0.0000;1;None;None;44500.0000
27114;2023-03-10 11:07:50.463000;1;109270;1;1;29410.0000;1;None;None;29410.0000
27114;2023-03-10 11:07:50.463000;1;104619;1;1;0.0000;1;None;None;29410.0000
27114;2023-03-10 11:07:50.463000;7;1344;1;1;0.0000;1;None;None;29410.0000
27115;2023-03-10 11:12:52.303000;1;102814;1;1;51300.0000;1;None;None;58100.0000
27115;2023-03-10 11:12:52.303000;3;201146;1;1;6800.0000;1;None;None;58100.0000
27116;2023-03-10 11:26:08.100000;1;106881;1;1;24800.0000;1;None;None;24800.0000
27117;2023-03-10 11:27:31.557000;1;102676;1;1;32400.0000;1;None;None;64800.0000
27117;2023-03-10 11:27:31.557000;1;102676;1;1;32400.0000;1;None;None;64800.0000
27118;2023-03-10 11:41:55.120000;1;100583;1;1;33600.0000;1;None;None;47100.0000
27118;2023-03-10 11:41:55.120000;7;1346;1;1;0.0000;1;None;None;47100.0000
27118;2023-03-10 11:41:55.120000;7;1346;1;1;0.0000;1;None;None;47100.0000
27118;2023-03-10 11:41:55.120000;7;1347;1;1;0.0000;1;None;None;47100.0000
27118;2023-03-10 11:41:55.120000;7;1347;1;1;0.0000;1;None;None;47100.0000
27118;2023-03-10 11:41:55.120000;7;1348;1;1;0.0000;1;None;None;47100.0000
27118;2023-03-10 11:41:55.120000;7;1348;1;1;0.0000;1;None;None;47100.0000
27118;2023-03-10 11:41:55.120000;7;1349;1;1;0.0000;1;None;None;47100.0000
27118;2023-03-10 11:41:55.120000;7;1349;1;1;0.0000;1;None;None;47100.0000
27118;2023-03-10 11:41:55.120000;7;1345;1;1;0.0000;1;None;None;47100.0000
27118;2023-03-10 11:41:55.120000;7;1345;1;1;0.0000;1;None;None;47100.0000
27118;2023-03-10 11:41:55.120000;7;1350;1;1;0.0000;1;None;None;47100.0000
27118;2023-03-10 11:41:55.120000;7;1350;1;1;0.0000;1;None;None;47100.0000
27118;2023-03-10 11:41:55.120000;3;200007;1;1;13500.0000;1;None;None;47100.0000
27119;2023-03-10 11:42:55.907000;1;100854;1;1;28200.0000;1;None;None;100550.0000
27119;2023-03-10 11:42:55.907000;1;102701;1;1;35500.0000;1;None;None;100550.0000
27119;2023-03-10 11:42:55.907000;1;109580;1;1;35350.0000;1;None;None;100550.0000
27119;2023-03-10 11:42:55.907000;6;101563;1;1;0.0000;1;None;None;100550.0000
27119;2023-03-10 11:42:55.907000;7;1006;1;1;0.0000;1;None;None;100550.0000
27119;2023-03-10 11:42:55.907000;7;1344;1;1;0.0000;1;None;None;100550.0000
27119;2023-03-10 11:42:55.907000;7;1344;1;1;0.0000;1;None;None;100550.0000
27119;2023-03-10 11:42:55.907000;1;102286;1;1;1500.0000;1;None;None;100550.0000
27120;2023-03-10 11:44:31.277000;1;100843;1;1;28200.0000;1;None;None;30700.0000
27120;2023-03-10 11:44:31.277000;1;102238;1;1;2500.0000;1;None;None;30700.0000
27121;2023-03-10 11:45:04.317000;1;102679;1;1;35500.0000;1;None;None;68200.0000
27121;2023-03-10 11:45:04.317000;1;102675;1;1;30300.0000;1;None;None;68200.0000
27121;2023-03-10 11:45:04.317000;1;108219;1;1;1200.0000;1;None;None;68200.0000
27121;2023-03-10 11:45:04.317000;1;108219;1;1;1200.0000;1;None;None;68200.0000
27122;2023-03-10 11:45:35.653000;1;100859;1;2;29000.0000;1;None;None;36200.0000
27122;2023-03-10 11:45:35.653000;1;102179;1;2;3600.0000;1;None;None;36200.0000
27122;2023-03-10 11:45:35.653000;1;108568;1;2;3600.0000;1;None;None;36200.0000
27123;2023-03-10 11:46:20.570000;1;100582;1;1;18900.0000;1;None;None;18900.0000
27123;2023-03-10 11:46:20.570000;7;1348;1;1;0.0000;1;None;None;18900.0000
27123;2023-03-10 11:46:20.570000;7;1348;1;1;0.0000;1;None;None;18900.0000
27123;2023-03-10 11:46:20.570000;7;1346;1;1;0.0000;1;None;None;18900.0000
27123;2023-03-10 11:46:20.570000;7;1346;1;1;0.0000;1;None;None;18900.0000
27123;2023-03-10 11:46:20.570000;7;1345;1;1;0.0000;1;None;None;18900.0000
27123;2023-03-10 11:46:20.570000;7;1345;1;1;0.0000;1;None;None;18900.0000
27124;2023-03-10 11:54:36.210000;8;107298;1;1;51300.0000;1;None;None;55300.0000
27124;2023-03-10 11:54:36.210000;8;107228;1;1;0.0000;1;None;None;55300.0000
27124;2023-03-10 11:54:36.210000;7;1000;4;1;0.0000;1;None;None;55300.0000
27124;2023-03-10 11:54:36.210000;8;104785;1;1;4000.0000;1;None;None;55300.0000
27124;2023-03-10 11:54:36.210000;7;1344;1;1;0.0000;1;None;None;55300.0000
27125;2023-03-10 11:59:40.987000;8;103615;1;1;39700.0000;1;None;None;173700.0000
27125;2023-03-10 11:59:40.987000;8;103615;1;1;39700.0000;1;None;None;173700.0000
27125;2023-03-10 11:59:40.987000;1;102456;1;1;17700.0000;1;None;None;173700.0000
27125;2023-03-10 11:59:40.987000;8;103867;1;1;30300.0000;1;None;None;173700.0000
27125;2023-03-10 11:59:40.987000;8;103690;1;1;43900.0000;1;None;None;173700.0000
27125;2023-03-10 11:59:40.987000;8;105731;1;1;0.0000;1;None;None;173700.0000
27125;2023-03-10 11:59:40.987000;8;104791;1;1;2400.0000;1;None;None;173700.0000
27126;2023-03-10 12:00:45.677000;1;102675;1;1;30300.0000;1;None;None;47100.0000
27126;2023-03-10 12:00:45.677000;1;102286;1;1;1500.0000;1;None;None;47100.0000
27126;2023-03-10 12:00:45.677000;1;104690;1;1;5100.0000;1;None;None;47100.0000
27126;2023-03-10 12:00:45.677000;1;104690;1;1;5100.0000;1;None;None;47100.0000
27126;2023-03-10 12:00:45.677000;1;104690;1;1;5100.0000;1;None;None;47100.0000
27127;2023-03-10 12:02:56.670000;1;103784;1;1;31300.0000;1;None;None;51100.0000
27127;2023-03-10 12:02:56.670000;6;101535;1;1;0.0000;1;None;None;51100.0000
27127;2023-03-10 12:02:56.670000;1;106611;1;1;19800.0000;1;None;None;51100.0000
27127;2023-03-10 12:02:56.670000;7;1344;1;1;0.0000;1;None;None;51100.0000
27128;2023-03-10 12:05:49.957000;1;103083;1;1;34500.0000;1;None;None;67900.0000
27128;2023-03-10 12:05:49.957000;1;101552;1;1;0.0000;1;None;None;67900.0000
27128;2023-03-10 12:05:49.957000;1;103567;1;1;33400.0000;1;None;None;67900.0000
27128;2023-03-10 12:05:49.957000;7;1344;1;1;0.0000;1;None;None;67900.0000
27129;2023-03-10 12:14:38.863000;1;103788;1;1;41800.0000;1;None;None;95500.0000
27129;2023-03-10 12:14:38.863000;6;101624;1;1;0.0000;1;None;None;95500.0000
27129;2023-03-10 12:14:38.863000;3;201146;1;1;6800.0000;1;None;None;95500.0000
27129;2023-03-10 12:14:38.863000;3;102747;1;1;5100.0000;1;None;None;95500.0000
27129;2023-03-10 12:14:38.863000;1;103788;1;1;41800.0000;1;None;None;95500.0000
27129;2023-03-10 12:14:38.863000;6;101624;1;1;0.0000;1;None;None;95500.0000
27129;2023-03-10 12:14:38.863000;7;1344;1;1;0.0000;1;None;None;95500.0000
27130;2023-03-10 12:15:04.233000;1;109580;1;1;35350.0000;1;None;None;35350.0000
27130;2023-03-10 12:15:04.233000;6;101563;1;1;0.0000;1;None;None;35350.0000
27130;2023-03-10 12:15:04.233000;7;1006;1;1;0.0000;1;None;None;35350.0000
27130;2023-03-10 12:15:04.233000;7;1344;1;1;0.0000;1;None;None;35350.0000
27131;2023-03-10 12:19:28.047000;1;101323;1;1;31300.0000;1;None;None;31300.0000
27131;2023-03-10 12:19:28.047000;7;1000;4;1;0.0000;1;None;None;31300.0000
27131;2023-03-10 12:19:28.047000;7;1344;1;1;0.0000;1;None;None;31300.0000
27132;2023-03-10 12:23:57.997000;1;100856;1;1;15600.0000;1;None;None;34500.0000
27132;2023-03-10 12:23:57.997000;1;102286;1;1;1500.0000;1;None;None;34500.0000
27132;2023-03-10 12:23:57.997000;1;100856;1;1;15600.0000;1;None;None;34500.0000
27132;2023-03-10 12:23:57.997000;1;102179;1;1;1800.0000;1;None;None;34500.0000
27134;2023-03-10 12:24:53.837000;1;100582;1;1;18900.0000;1;None;None;18900.0000
27134;2023-03-10 12:24:53.837000;7;1346;1;6;0.0000;1;None;None;18900.0000
27135;2023-03-10 12:25:47.313000;1;102035;1;1;37600.0000;1;None;None;92000.0000
27135;2023-03-10 12:25:47.313000;1;101203;1;1;54400.0000;1;None;None;92000.0000
27135;2023-03-10 12:25:47.313000;7;1344;1;1;0.0000;1;None;None;92000.0000
27136;2023-03-10 12:26:17.580000;1;103791;1;1;41800.0000;1;None;None;120400.0000
27136;2023-03-10 12:26:17.580000;6;101438;1;1;0.0000;1;None;None;120400.0000
27136;2023-03-10 12:26:17.580000;1;106352;1;1;78600.0000;1;None;None;120400.0000
27136;2023-03-10 12:26:17.580000;7;1006;1;1;0.0000;1;None;None;120400.0000
27136;2023-03-10 12:26:17.580000;1;101522;1;1;0.0000;1;None;None;120400.0000
27136;2023-03-10 12:26:17.580000;7;1344;1;1;0.0000;1;None;None;120400.0000
27137;2023-03-10 12:29:58;1;100582;1;1;18900.0000;1;None;None;18900.0000
27137;2023-03-10 12:29:58;7;1348;1;1;0.0000;1;None;None;18900.0000
27137;2023-03-10 12:29:58;7;1348;1;1;0.0000;1;None;None;18900.0000
27137;2023-03-10 12:29:58;7;1348;1;1;0.0000;1;None;None;18900.0000
27137;2023-03-10 12:29:58;7;1347;1;1;0.0000;1;None;None;18900.0000
27137;2023-03-10 12:29:58;7;1347;1;1;0.0000;1;None;None;18900.0000
27137;2023-03-10 12:29:58;7;1350;1;1;0.0000;1;None;None;18900.0000
27138;2023-03-10 12:36:33.160000;8;108660;1;1;21900.0000;1;None;None;87200.0000
27138;2023-03-10 12:36:33.160000;8;107228;1;1;0.0000;1;None;None;87200.0000
27138;2023-03-10 12:36:33.160000;8;107269;1;1;1000.0000;1;None;None;87200.0000
27138;2023-03-10 12:36:33.160000;8;107266;1;1;2100.0000;1;None;None;87200.0000
27138;2023-03-10 12:36:33.160000;8;107265;1;1;3000.0000;1;None;None;87200.0000
27138;2023-03-10 12:36:33.160000;8;106653;1;1;12400.0000;1;None;None;87200.0000
27138;2023-03-10 12:36:33.160000;8;108652;1;1;15600.0000;1;None;None;87200.0000
27138;2023-03-10 12:36:33.160000;7;1000;4;1;0.0000;1;None;None;87200.0000
27138;2023-03-10 12:36:33.160000;8;108651;1;2;31200.0000;1;None;None;87200.0000
27138;2023-03-10 12:36:33.160000;7;1000;4;1;0.0000;1;None;None;87200.0000
27140;2023-03-10 12:42:04.720000;1;102673;1;1;38700.0000;1;None;None;133300.0000
27140;2023-03-10 12:42:04.720000;1;100851;1;1;25000.0000;1;None;None;133300.0000
27140;2023-03-10 12:42:04.720000;1;100850;1;1;24000.0000;1;None;None;133300.0000
27140;2023-03-10 12:42:04.720000;1;100850;1;1;24000.0000;1;None;None;133300.0000
27140;2023-03-10 12:42:04.720000;3;201210;1;1;7200.0000;1;None;None;133300.0000
27140;2023-03-10 12:42:04.720000;3;201210;1;1;7200.0000;1;None;None;133300.0000
27140;2023-03-10 12:42:04.720000;3;201210;1;1;7200.0000;1;None;None;133300.0000
27141;2023-03-10 12:43:02.517000;1;102673;1;1;38700.0000;1;None;None;38700.0000
27141;2023-03-10 12:43:02.517000;7;1343;1;1;0.0000;1;None;None;38700.0000
27142;2023-03-10 12:44:09.767000;1;102534;1;1;41800.0000;1;None;None;43800.0000
27142;2023-03-10 12:44:09.767000;7;1207;1;1;0.0000;1;None;None;43800.0000
27142;2023-03-10 12:44:09.767000;1;105535;1;1;1000.0000;1;None;None;43800.0000
27142;2023-03-10 12:44:09.767000;1;105535;1;1;1000.0000;1;None;None;43800.0000
27143;2023-03-10 12:45:07.170000;8;107926;1;1;43900.0000;1;None;None;43900.0000
27143;2023-03-10 12:45:07.170000;8;107228;1;1;0.0000;1;None;None;43900.0000
27144;2023-03-10 12:47:57.523000;8;100954;1;1;41800.0000;1;None;None;122300.0000
27144;2023-03-10 12:47:57.523000;8;102692;1;1;36600.0000;1;None;None;122300.0000
27144;2023-03-10 12:47:57.523000;8;107926;1;1;43900.0000;1;None;None;122300.0000
27144;2023-03-10 12:47:57.523000;8;107227;1;1;0.0000;1;None;None;122300.0000
27144;2023-03-10 12:47:57.523000;7;1000;4;1;0.0000;1;None;None;122300.0000
27145;2023-03-10 12:48:45.793000;1;102678;1;1;38700.0000;1;None;None;106600.0000
27145;2023-03-10 12:48:45.793000;1;102677;1;1;35500.0000;1;None;None;106600.0000
27145;2023-03-10 12:48:45.793000;1;102676;1;1;32400.0000;1;None;None;106600.0000
27145;2023-03-10 12:48:45.793000;7;1344;1;1;0.0000;1;None;None;106600.0000
27146;2023-03-10 12:49:57.893000;1;100854;1;1;28200.0000;1;None;None;83500.0000
27146;2023-03-10 12:49:57.893000;1;100851;1;1;25000.0000;1;None;None;83500.0000
27146;2023-03-10 12:49:57.893000;1;102675;1;1;30300.0000;1;None;None;83500.0000
27148;2023-03-10 12:57:15.930000;8;107296;1;1;55500.0000;1;None;None;55500.0000
27148;2023-03-10 12:57:15.930000;8;107228;1;1;0.0000;1;None;None;55500.0000
27148;2023-03-10 12:57:15.930000;7;1344;1;1;0.0000;1;None;None;55500.0000
27149;2023-03-10 12:58:52;1;104194;1;1;10400.0000;1;None;None;10400.0000
27149;2023-03-10 12:58:52;7;1207;1;1;0.0000;1;None;None;10400.0000
27150;2023-03-10 12:59:24.540000;1;100851;1;1;25000.0000;1;None;None;25000.0000
27151;2023-03-10 13:08:25.900000;1;103788;1;1;41800.0000;1;None;None;46900.0000
27151;2023-03-10 13:08:25.900000;6;101442;1;1;0.0000;1;None;None;46900.0000
27151;2023-03-10 13:08:25.900000;3;102747;1;1;5100.0000;1;None;None;46900.0000
27151;2023-03-10 13:08:25.900000;7;1344;1;1;0.0000;1;None;None;46900.0000
27152;2023-03-10 13:10:14.257000;1;102687;1;1;36600.0000;1;None;None;38100.0000
27152;2023-03-10 13:10:14.257000;1;102286;1;1;1500.0000;1;None;None;38100.0000
27153;2023-03-10 13:10:36.100000;1;102680;1;1;38700.0000;1;None;None;44500.0000
27153;2023-03-10 13:10:36.100000;1;102197;1;1;5800.0000;1;None;None;44500.0000
27154;2023-03-10 13:13:06.133000;1;103759;1;1;11400.0000;1;None;None;40600.0000
27154;2023-03-10 13:13:06.133000;1;105406;1;1;29200.0000;1;None;None;40600.0000
27155;2023-03-10 13:20:08.333000;1;102286;1;1;1500.0000;1;None;None;72400.0000
27155;2023-03-10 13:20:08.333000;1;105188;1;1;33400.0000;1;None;None;72400.0000
27155;2023-03-10 13:20:08.333000;3;201210;1;1;7200.0000;1;None;None;72400.0000
27155;2023-03-10 13:20:08.333000;1;100848;1;1;30300.0000;1;None;None;72400.0000
27156;2023-03-10 13:25:39.600000;1;100851;1;1;25000.0000;1;None;None;26800.0000
27156;2023-03-10 13:25:39.600000;1;102226;1;1;1800.0000;1;None;None;26800.0000
27158;2023-03-10 13:30:00.367000;1;104272;1;1;4000.0000;1;None;None;4000.0000
27158;2023-03-10 13:30:00.367000;7;1346;1;1;0.0000;1;None;None;4000.0000
27160;2023-03-10 13:36:47.300000;1;103788;1;1;41800.0000;1;None;None;41800.0000
27160;2023-03-10 13:36:47.300000;6;101624;1;1;0.0000;1;None;None;41800.0000
27160;2023-03-10 13:36:47.300000;7;1343;1;1;0.0000;1;None;None;41800.0000
27161;2023-03-10 13:37:11.877000;1;102680;1;1;38700.0000;1;None;None;38700.0000
27161;2023-03-10 13:37:11.877000;7;1343;1;1;0.0000;1;None;None;38700.0000
27162;2023-03-10 13:43:47.710000;1;100582;1;1;18900.0000;1;None;None;18900.0000
27162;2023-03-10 13:43:47.710000;7;1347;1;1;0.0000;1;None;None;18900.0000
27162;2023-03-10 13:43:47.710000;7;1347;1;1;0.0000;1;None;None;18900.0000
27162;2023-03-10 13:43:47.710000;7;1346;1;1;0.0000;1;None;None;18900.0000
27162;2023-03-10 13:43:47.710000;7;1350;1;1;0.0000;1;None;None;18900.0000
27162;2023-03-10 13:43:47.710000;7;1345;1;1;0.0000;1;None;None;18900.0000
27162;2023-03-10 13:43:47.710000;7;1348;1;1;0.0000;1;None;None;18900.0000
27163;2023-03-10 13:50:53.187000;1;100583;1;1;33600.0000;1;None;None;33600.0000
27163;2023-03-10 13:50:53.187000;7;1346;1;1;0.0000;1;None;None;33600.0000
27163;2023-03-10 13:50:53.187000;7;1346;1;1;0.0000;1;None;None;33600.0000
27163;2023-03-10 13:50:53.187000;7;1346;1;1;0.0000;1;None;None;33600.0000
27163;2023-03-10 13:50:53.187000;7;1350;1;1;0.0000;1;None;None;33600.0000
27163;2023-03-10 13:50:53.187000;7;1350;1;1;0.0000;1;None;None;33600.0000
27163;2023-03-10 13:50:53.187000;7;1345;1;1;0.0000;1;None;None;33600.0000
27163;2023-03-10 13:50:53.187000;7;1345;1;1;0.0000;1;None;None;33600.0000
27163;2023-03-10 13:50:53.187000;7;1345;1;1;0.0000;1;None;None;33600.0000
27163;2023-03-10 13:50:53.187000;7;1345;1;1;0.0000;1;None;None;33600.0000
27163;2023-03-10 13:50:53.187000;7;1349;1;1;0.0000;1;None;None;33600.0000
27163;2023-03-10 13:50:53.187000;7;1349;1;1;0.0000;1;None;None;33600.0000
27163;2023-03-10 13:50:53.187000;7;1349;1;1;0.0000;1;None;None;33600.0000
27164;2023-03-10 13:51:21.363000;1;100581;1;1;10500.0000;1;None;None;14500.0000
27164;2023-03-10 13:51:21.363000;7;1346;1;1;0.0000;1;None;None;14500.0000
27164;2023-03-10 13:51:21.363000;7;1345;1;1;0.0000;1;None;None;14500.0000
27164;2023-03-10 13:51:21.363000;7;1348;1;1;0.0000;1;None;None;14500.0000
27164;2023-03-10 13:51:21.363000;1;104272;1;1;4000.0000;1;None;None;14500.0000
27164;2023-03-10 13:51:21.363000;7;1350;1;1;0.0000;1;None;None;14500.0000
27165;2023-03-10 13:55:16.547000;1;109580;1;1;35350.0000;1;None;None;35350.0000
27165;2023-03-10 13:55:16.547000;6;103488;1;1;0.0000;1;None;None;35350.0000
27165;2023-03-10 13:55:16.547000;7;1006;1;1;0.0000;1;None;None;35350.0000
27166;2023-03-10 13:57:49.890000;1;100583;1;1;33600.0000;1;None;None;33600.0000
27166;2023-03-10 13:57:49.890000;7;1348;1;1;0.0000;1;None;None;33600.0000
27166;2023-03-10 13:57:49.890000;7;1348;1;1;0.0000;1;None;None;33600.0000
27166;2023-03-10 13:57:49.890000;7;1347;1;1;0.0000;1;None;None;33600.0000
27166;2023-03-10 13:57:49.890000;7;1347;1;1;0.0000;1;None;None;33600.0000
27166;2023-03-10 13:57:49.890000;7;1346;1;1;0.0000;1;None;None;33600.0000
27166;2023-03-10 13:57:49.890000;7;1346;1;1;0.0000;1;None;None;33600.0000
27166;2023-03-10 13:57:49.890000;7;1345;1;1;0.0000;1;None;None;33600.0000
27166;2023-03-10 13:57:49.890000;7;1345;1;1;0.0000;1;None;None;33600.0000
27166;2023-03-10 13:57:49.890000;7;1350;1;1;0.0000;1;None;None;33600.0000
27166;2023-03-10 13:57:49.890000;7;1350;1;1;0.0000;1;None;None;33600.0000
27166;2023-03-10 13:57:49.890000;7;1349;1;1;0.0000;1;None;None;33600.0000
27166;2023-03-10 13:57:49.890000;7;1349;1;1;0.0000;1;None;None;33600.0000
27167;2023-03-10 14:00:55.327000;1;100583;1;1;33600.0000;1;None;None;33600.0000
27167;2023-03-10 14:00:55.327000;7;1350;1;1;0.0000;1;None;None;33600.0000
27167;2023-03-10 14:00:55.327000;7;1350;1;1;0.0000;1;None;None;33600.0000
27167;2023-03-10 14:00:55.327000;7;1350;1;1;0.0000;1;None;None;33600.0000
27167;2023-03-10 14:00:55.327000;7;1347;1;1;0.0000;1;None;None;33600.0000
27167;2023-03-10 14:00:55.327000;7;1347;1;1;0.0000;1;None;None;33600.0000
27167;2023-03-10 14:00:55.327000;7;1347;1;1;0.0000;1;None;None;33600.0000
27167;2023-03-10 14:00:55.327000;7;1349;1;1;0.0000;1;None;None;33600.0000
27167;2023-03-10 14:00:55.327000;7;1349;1;1;0.0000;1;None;None;33600.0000
27167;2023-03-10 14:00:55.327000;7;1349;1;1;0.0000;1;None;None;33600.0000
27167;2023-03-10 14:00:55.327000;7;1349;1;1;0.0000;1;None;None;33600.0000
27167;2023-03-10 14:00:55.327000;7;1349;1;1;0.0000;1;None;None;33600.0000
27167;2023-03-10 14:00:55.327000;7;1349;1;1;0.0000;1;None;None;33600.0000
27168;2023-03-10 14:03:36.087000;1;102673;1;1;38700.0000;1;None;None;38700.0000
27168;2023-03-10 14:03:36.087000;7;1343;1;1;0.0000;1;None;None;38700.0000
27169;2023-03-10 14:04:15.737000;1;102676;1;1;32400.0000;1;None;None;53000.0000
27169;2023-03-10 14:04:15.737000;1;102522;1;1;10300.0000;1;None;None;53000.0000
27169;2023-03-10 14:04:15.737000;3;102637;1;1;10300.0000;1;None;None;53000.0000
27169;2023-03-10 14:04:15.737000;7;1343;1;1;0.0000;1;None;None;53000.0000
27170;2023-03-10 14:16:13.420000;1;103791;1;1;41800.0000;1;None;None;41800.0000
27170;2023-03-10 14:16:13.420000;6;101438;1;1;0.0000;1;None;None;41800.0000
27170;2023-03-10 14:16:13.420000;7;1344;1;1;0.0000;1;None;None;41800.0000
27171;2023-03-10 14:16:33.120000;1;100581;1;1;10500.0000;1;None;None;10500.0000
27171;2023-03-10 14:16:33.120000;7;1348;1;1;0.0000;1;None;None;10500.0000
27171;2023-03-10 14:16:33.120000;7;1347;1;1;0.0000;1;None;None;10500.0000
27171;2023-03-10 14:16:33.120000;7;1347;1;1;0.0000;1;None;None;10500.0000
27172;2023-03-10 14:21:57.187000;1;100581;1;1;10500.0000;1;None;None;10500.0000
27172;2023-03-10 14:21:57.187000;7;1349;1;1;0.0000;1;None;None;10500.0000
27172;2023-03-10 14:21:57.187000;7;1346;1;1;0.0000;1;None;None;10500.0000
27172;2023-03-10 14:21:57.187000;7;1346;1;1;0.0000;1;None;None;10500.0000
27175;2023-03-10 14:52:07.360000;1;102676;1;1;32400.0000;1;None;None;37500.0000
27175;2023-03-10 14:52:07.360000;3;102747;1;1;5100.0000;1;None;None;37500.0000
27177;2023-03-10 15:01:56.677000;1;100583;1;1;33600.0000;1;None;None;33600.0000
27177;2023-03-10 15:01:56.677000;7;1345;1;12;0.0000;1;None;None;33600.0000
27178;2023-03-10 15:21:56.440000;1;100851;1;1;25000.0000;1;None;None;25000.0000
27179;2023-03-10 15:35:11.180000;1;102671;1;1;40800.0000;1;None;None;40800.0000
27180;2023-03-10 15:46:04.330000;8;109041;1;1;71460.0000;1;None;None;161260.0000
27180;2023-03-10 15:46:04.330000;8;101996;1;1;16600.0000;1;None;None;161260.0000
27180;2023-03-10 15:46:04.330000;3;201210;1;1;7200.0000;1;None;None;161260.0000
27180;2023-03-10 15:46:04.330000;8;102052;1;1;66000.0000;1;None;None;161260.0000
27181;2023-03-10 15:50:45.307000;1;106606;1;1;36600.0000;1;None;None;43400.0000
27181;2023-03-10 15:50:45.307000;3;201146;1;1;6800.0000;1;None;None;43400.0000
27181;2023-03-10 15:50:45.307000;7;1344;1;1;0.0000;1;None;None;43400.0000
27182;2023-03-10 15:53:47.137000;8;108652;1;1;15600.0000;1;None;None;15600.0000
27182;2023-03-10 15:53:47.137000;7;1000;4;1;0.0000;1;None;None;15600.0000
27182;2023-03-10 15:53:47.137000;7;1000;4;1;0.0000;1;None;None;15600.0000
27183;2023-03-10 15:56:41.703000;1;109270;1;1;29410.0000;1;None;None;29410.0000
27183;2023-03-10 15:56:41.703000;1;101552;1;1;0.0000;1;None;None;29410.0000
27184;2023-03-10 15:58:54.587000;1;100583;1;1;33600.0000;1;None;None;43900.0000
27184;2023-03-10 15:58:54.587000;7;1350;1;1;0.0000;1;None;None;43900.0000
27184;2023-03-10 15:58:54.587000;7;1350;1;1;0.0000;1;None;None;43900.0000
27184;2023-03-10 15:58:54.587000;7;1350;1;1;0.0000;1;None;None;43900.0000
27184;2023-03-10 15:58:54.587000;7;1350;1;1;0.0000;1;None;None;43900.0000
27184;2023-03-10 15:58:54.587000;7;1350;1;1;0.0000;1;None;None;43900.0000
27184;2023-03-10 15:58:54.587000;7;1350;1;1;0.0000;1;None;None;43900.0000
27184;2023-03-10 15:58:54.587000;7;1350;1;1;0.0000;1;None;None;43900.0000
27184;2023-03-10 15:58:54.587000;7;1350;1;1;0.0000;1;None;None;43900.0000
27184;2023-03-10 15:58:54.587000;7;1350;1;1;0.0000;1;None;None;43900.0000
27184;2023-03-10 15:58:54.587000;7;1350;1;1;0.0000;1;None;None;43900.0000
27184;2023-03-10 15:58:54.587000;7;1347;1;1;0.0000;1;None;None;43900.0000
27184;2023-03-10 15:58:54.587000;7;1347;1;1;0.0000;1;None;None;43900.0000
27184;2023-03-10 15:58:54.587000;3;200002;2;1;10300.0000;1;None;None;43900.0000
27187;2023-03-10 16:06:14.723000;1;100582;1;1;18900.0000;1;None;None;18900.0000
27187;2023-03-10 16:06:14.723000;7;1347;1;2;0.0000;1;None;None;18900.0000
27187;2023-03-10 16:06:14.723000;7;1350;1;4;0.0000;1;None;None;18900.0000
27188;2023-03-10 16:19:46.373000;1;100858;1;1;14500.0000;1;None;None;15500.0000
27188;2023-03-10 16:19:46.373000;1;100624;1;1;1000.0000;1;None;None;15500.0000
27189;2023-03-10 16:35:28.200000;1;103788;1;1;41800.0000;1;None;None;135600.0000
27189;2023-03-10 16:35:28.200000;6;101624;1;1;0.0000;1;None;None;135600.0000
27189;2023-03-10 16:35:28.200000;3;102747;1;1;5100.0000;1;None;None;135600.0000
27189;2023-03-10 16:35:28.200000;1;103788;1;1;41800.0000;1;None;None;135600.0000
27189;2023-03-10 16:35:28.200000;6;101535;1;1;0.0000;1;None;None;135600.0000
27189;2023-03-10 16:35:28.200000;1;103788;1;1;41800.0000;1;None;None;135600.0000
27189;2023-03-10 16:35:28.200000;6;101535;1;1;0.0000;1;None;None;135600.0000
27189;2023-03-10 16:35:28.200000;3;102747;1;1;5100.0000;1;None;None;135600.0000
27189;2023-03-10 16:35:28.200000;7;1343;1;1;0.0000;1;None;None;135600.0000
27190;2023-03-10 16:51:58.933000;1;103773;1;1;10300.0000;1;None;None;20600.0000
27190;2023-03-10 16:51:58.933000;1;103773;1;1;10300.0000;1;None;None;20600.0000
27190;2023-03-10 16:51:58.933000;7;1343;1;1;0.0000;1;None;None;20600.0000
27191;2023-03-10 17:02:09.500000;1;102684;1;1;18700.0000;1;None;None;35700.0000
27191;2023-03-10 17:02:09.500000;1;108568;1;1;1800.0000;1;None;None;35700.0000
27191;2023-03-10 17:02:09.500000;1;102239;1;1;6100.0000;1;None;None;35700.0000
27191;2023-03-10 17:02:09.500000;1;102239;1;1;6100.0000;1;None;None;35700.0000
27191;2023-03-10 17:02:09.500000;1;102286;1;1;1500.0000;1;None;None;35700.0000
27191;2023-03-10 17:02:09.500000;1;102286;1;1;1500.0000;1;None;None;35700.0000
27191;2023-03-10 17:02:09.500000;7;1344;1;1;0.0000;1;None;None;35700.0000
27192;2023-03-10 17:03:57.010000;1;102701;1;1;35500.0000;1;None;None;35500.0000
27192;2023-03-10 17:03:57.010000;7;1343;1;1;0.0000;1;None;None;35500.0000
27193;2023-03-10 17:20:18.457000;8;109295;1;1;37600.0000;1;None;None;79700.0000
27193;2023-03-10 17:20:18.457000;8;103615;1;1;39700.0000;1;None;None;79700.0000
27193;2023-03-10 17:20:18.457000;8;104791;1;1;2400.0000;1;None;None;79700.0000
27194;2023-03-10 17:29:33.723000;1;103782;1;1;29200.0000;1;None;None;29200.0000
27194;2023-03-10 17:29:33.723000;6;101624;1;1;0.0000;1;None;None;29200.0000
27195;2023-03-10 17:31:04.940000;1;103955;1;1;43900.0000;1;None;None;75100.0000
27195;2023-03-10 17:31:04.940000;1;104397;1;1;0.0000;1;None;None;75100.0000
27195;2023-03-10 17:31:04.940000;7;1007;1;1;0.0000;1;None;None;75100.0000
27195;2023-03-10 17:31:04.940000;1;100856;1;1;15600.0000;1;None;None;75100.0000
27195;2023-03-10 17:31:04.940000;1;100857;1;1;15600.0000;1;None;None;75100.0000
27195;2023-03-10 17:31:04.940000;7;1344;1;1;0.0000;1;None;None;75100.0000
27196;2023-03-10 17:34:39.070000;1;102456;1;1;17700.0000;1;None;None;80200.0000
27196;2023-03-10 17:34:39.070000;1;101929;1;1;17700.0000;1;None;None;80200.0000
27196;2023-03-10 17:34:39.070000;8;104259;1;1;14500.0000;1;None;None;80200.0000
27196;2023-03-10 17:34:39.070000;8;103867;1;1;30300.0000;1;None;None;80200.0000
27197;2023-03-10 17:46:22.680000;1;102666;1;1;34500.0000;1;None;None;122200.0000
27197;2023-03-10 17:46:22.680000;1;102666;1;1;34500.0000;1;None;None;122200.0000
27197;2023-03-10 17:46:22.680000;1;102666;1;1;34500.0000;1;None;None;122200.0000
27197;2023-03-10 17:46:22.680000;1;102684;1;1;18700.0000;1;None;None;122200.0000
27197;2023-03-10 17:46:22.680000;7;1343;1;1;0.0000;1;None;None;122200.0000
27198;2023-03-10 18:29:34.223000;1;102675;1;1;30300.0000;1;None;None;30300.0000
27198;2023-03-10 18:29:34.223000;7;1343;1;1;0.0000;1;None;None;30300.0000
27199;2023-03-10 18:30:08.527000;8;103867;1;1;30300.0000;1;None;None;60600.0000
27199;2023-03-10 18:30:08.527000;8;103867;1;1;30300.0000;1;None;None;60600.0000
27200;2023-03-10 18:30:52.197000;8;100954;1;1;41800.0000;1;None;None;150400.0000
27200;2023-03-10 18:30:52.197000;8;104728;1;1;10300.0000;1;None;None;150400.0000
27200;2023-03-10 18:30:52.197000;1;105023;1;1;58600.0000;1;None;None;150400.0000
27200;2023-03-10 18:30:52.197000;8;103615;1;1;39700.0000;1;None;None;150400.0000
27201;2023-03-10 18:34:05.523000;8;103867;1;1;30300.0000;1;None;None;149500.0000
27201;2023-03-10 18:34:05.523000;8;103867;1;1;30300.0000;1;None;None;149500.0000
27201;2023-03-10 18:34:05.523000;8;103867;1;1;30300.0000;1;None;None;149500.0000
27201;2023-03-10 18:34:05.523000;1;105023;1;1;58600.0000;1;None;None;149500.0000
27202;2023-03-10 18:34:39.683000;1;109580;1;1;35350.0000;1;None;None;35350.0000
27202;2023-03-10 18:34:39.683000;6;103488;1;1;0.0000;1;None;None;35350.0000
27202;2023-03-10 18:34:39.683000;7;1006;1;1;0.0000;1;None;None;35350.0000
27203;2023-03-10 18:35:26.533000;1;109580;1;1;35350.0000;1;None;None;35350.0000
27203;2023-03-10 18:35:26.533000;6;101563;1;1;0.0000;1;None;None;35350.0000
27203;2023-03-10 18:35:26.533000;7;1007;1;1;0.0000;1;None;None;35350.0000
27203;2023-03-10 18:35:26.533000;7;1344;1;1;0.0000;1;None;None;35350.0000
27204;2023-03-10 18:36:24.903000;8;104655;1;1;40800.0000;1;None;None;55300.0000
27204;2023-03-10 18:36:24.903000;8;104259;1;1;14500.0000;1;None;None;55300.0000
27205;2023-03-10 18:43:58.907000;8;109041;1;1;71460.0000;1;None;None;89160.0000
27205;2023-03-10 18:43:58.907000;1;101929;1;1;17700.0000;1;None;None;89160.0000
27206;2023-03-10 18:44:24.443000;1;102670;1;1;37600.0000;1;None;None;37600.0000
27206;2023-03-10 18:44:24.443000;7;1343;1;1;0.0000;1;None;None;37600.0000
27207;2023-03-10 18:45:35.153000;8;103615;1;1;39700.0000;1;None;None;117000.0000
27207;2023-03-10 18:45:35.153000;8;103615;1;1;39700.0000;1;None;None;117000.0000
27207;2023-03-10 18:45:35.153000;8;101026;1;1;37600.0000;1;None;None;117000.0000
27208;2023-03-10 18:46:02.700000;8;109295;1;1;37600.0000;1;None;None;77300.0000
27208;2023-03-10 18:46:02.700000;8;103615;1;1;39700.0000;1;None;None;77300.0000
27209;2023-03-10 18:48:43.087000;8;109295;1;1;37600.0000;1;None;None;164500.0000
27209;2023-03-10 18:48:43.087000;8;100953;1;1;47100.0000;1;None;None;164500.0000
27209;2023-03-10 18:48:43.087000;8;103023;1;1;50200.0000;1;None;None;164500.0000
27209;2023-03-10 18:48:43.087000;8;108651;1;1;15600.0000;1;None;None;164500.0000
27209;2023-03-10 18:48:43.087000;7;1000;4;1;0.0000;1;None;None;164500.0000
27209;2023-03-10 18:48:43.087000;3;201210;1;1;7200.0000;1;None;None;164500.0000
27209;2023-03-10 18:48:43.087000;3;201237;1;1;6800.0000;1;None;None;164500.0000
27210;2023-03-10 18:49:19.237000;8;103867;1;1;30300.0000;1;None;None;39900.0000
27210;2023-03-10 18:49:19.237000;8;104791;1;1;2400.0000;1;None;None;39900.0000
27210;2023-03-10 18:49:19.237000;3;102644;1;1;7200.0000;1;None;None;39900.0000
27211;2023-03-10 18:51:36.693000;8;103867;1;1;30300.0000;1;None;None;60600.0000
27211;2023-03-10 18:51:36.693000;8;103867;1;1;30300.0000;1;None;None;60600.0000
27212;2023-03-10 18:53:11.620000;1;102675;1;1;30300.0000;1;None;None;30300.0000
27212;2023-03-10 18:53:11.620000;7;1343;1;1;0.0000;1;None;None;30300.0000
27213;2023-03-10 19:02:31.290000;8;109041;1;1;71460.0000;1;None;None;71460.0000
27214;2023-03-10 19:03:08.810000;1;102680;1;1;38700.0000;1;None;None;38700.0000
27215;2023-03-10 19:05:34.130000;8;103867;1;1;30300.0000;1;None;None;104400.0000
27215;2023-03-10 19:05:34.130000;8;102692;1;1;36600.0000;1;None;None;104400.0000
27215;2023-03-10 19:05:34.130000;1;102459;1;1;19800.0000;1;None;None;104400.0000
27215;2023-03-10 19:05:34.130000;1;101929;1;1;17700.0000;1;None;None;104400.0000
27216;2023-03-10 19:14:51.287000;8;101883;1;1;57600.0000;1;None;None;210300.0000
27216;2023-03-10 19:14:51.287000;8;104791;1;1;2400.0000;1;None;None;210300.0000
27216;2023-03-10 19:14:51.287000;8;103867;1;1;30300.0000;1;None;None;210300.0000
27216;2023-03-10 19:14:51.287000;8;109295;1;1;37600.0000;1;None;None;210300.0000
27216;2023-03-10 19:14:51.287000;8;100954;1;1;41800.0000;1;None;None;210300.0000
27216;2023-03-10 19:14:51.287000;8;104791;1;1;2400.0000;1;None;None;210300.0000
27216;2023-03-10 19:14:51.287000;8;104791;1;1;2400.0000;1;None;None;210300.0000
27216;2023-03-10 19:14:51.287000;8;101992;1;1;33400.0000;1;None;None;210300.0000
27216;2023-03-10 19:14:51.287000;8;104791;1;1;2400.0000;1;None;None;210300.0000
27217;2023-03-10 19:16:28.007000;1;102670;1;1;37600.0000;1;None;None;69400.0000
27217;2023-03-10 19:16:28.007000;1;102286;1;1;1500.0000;1;None;None;69400.0000
27217;2023-03-10 19:16:28.007000;1;100845;1;1;30300.0000;1;None;None;69400.0000
27218;2023-03-10 19:17:41.203000;1;101244;1;2;62600.0000;1;None;None;62600.0000
27219;2023-03-10 19:19:22.047000;1;103134;1;1;33400.0000;1;None;None;33400.0000
27219;2023-03-10 19:19:22.047000;6;101438;1;1;0.0000;1;None;None;33400.0000
27220;2023-03-10 19:20:35.507000;1;109270;1;1;29410.0000;1;None;None;34510.0000
27220;2023-03-10 19:20:35.507000;1;105065;1;1;0.0000;1;None;None;34510.0000
27220;2023-03-10 19:20:35.507000;3;102747;1;1;5100.0000;1;None;None;34510.0000
27221;2023-03-10 19:22:07.443000;8;103867;1;1;30300.0000;1;None;None;92800.0000
27221;2023-03-10 19:22:07.443000;1;102456;1;1;17700.0000;1;None;None;92800.0000
27221;2023-03-10 19:22:07.443000;8;109295;1;1;37600.0000;1;None;None;92800.0000
27221;2023-03-10 19:22:07.443000;3;201210;1;1;7200.0000;1;None;None;92800.0000
27222;2023-03-10 19:28:24.773000;1;102456;1;1;17700.0000;1;None;None;17700.0000
27223;2023-03-10 19:33:51.960000;1;103788;1;1;41800.0000;1;None;None;46900.0000
27223;2023-03-10 19:33:51.960000;6;101535;1;1;0.0000;1;None;None;46900.0000
27223;2023-03-10 19:33:51.960000;3;102747;1;1;5100.0000;1;None;None;46900.0000
27223;2023-03-10 19:33:51.960000;7;1344;1;1;0.0000;1;None;None;46900.0000
27224;2023-03-10 20:08:12.747000;8;107333;1;1;73300.0000;1;None;None;113000.0000
27224;2023-03-10 20:08:12.747000;8;103615;1;1;39700.0000;1;None;None;113000.0000
27225;2023-03-10 20:08:53.620000;1;102679;1;1;35500.0000;1;None;None;71000.0000
27225;2023-03-10 20:08:53.620000;1;102679;1;1;35500.0000;1;None;None;71000.0000
27226;2023-03-10 20:23:30.123000;8;104655;1;1;40800.0000;1;None;None;103400.0000
27226;2023-03-10 20:23:30.123000;8;103746;1;1;41800.0000;1;None;None;103400.0000
27226;2023-03-10 20:23:30.123000;1;102458;1;1;20800.0000;1;None;None;103400.0000
27227;2023-03-10 20:25:07.483000;1;101323;1;1;31300.0000;1;None;None;31300.0000
27227;2023-03-10 20:25:07.483000;7;1000;4;1;0.0000;1;None;None;31300.0000
27227;2023-03-10 20:25:07.493000;7;1344;1;1;0.0000;1;None;None;31300.0000
