8295;2023-03-13 09:20:25.420000;1;109526;1;1;21800.0000;1;3019.0000;None;32600.0000
8295;2023-03-13 09:20:25.420000;1;109522;1;1;0.0000;1;3019.0000;None;32600.0000
8295;2023-03-13 09:20:25.420000;6;101405;2;1;0.0000;1;3019.0000;None;32600.0000
8295;2023-03-13 09:20:25.420000;1;100995;1;1;10800.0000;1;3019.0000;None;32600.0000
8296;2023-03-13 10:27:25.320000;6;101061;1;4;0.0000;1;76889.0000;None;830400.0000
8296;2023-03-13 10:27:25.320000;1;104294;1;1;65800.0000;1;76889.0000;None;830400.0000
8296;2023-03-13 10:27:25.320000;1;101522;1;1;0.0000;1;76889.0000;None;830400.0000
8296;2023-03-13 10:27:25.320000;7;1006;1;1;0.0000;1;76889.0000;None;830400.0000
8296;2023-03-13 10:27:25.320000;1;104294;1;1;65800.0000;1;76889.0000;None;830400.0000
8296;2023-03-13 10:27:25.320000;1;101522;1;1;0.0000;1;76889.0000;None;830400.0000
8296;2023-03-13 10:27:25.320000;7;1006;1;1;0.0000;1;76889.0000;None;830400.0000
8296;2023-03-13 10:27:25.320000;1;104294;1;1;65800.0000;1;76889.0000;None;830400.0000
8296;2023-03-13 10:27:25.320000;1;101522;1;1;0.0000;1;76889.0000;None;830400.0000
8296;2023-03-13 10:27:25.320000;7;1006;1;1;0.0000;1;76889.0000;None;830400.0000
8296;2023-03-13 10:27:25.320000;1;104294;1;1;65800.0000;1;76889.0000;None;830400.0000
8296;2023-03-13 10:27:25.320000;1;105065;1;1;0.0000;1;76889.0000;None;830400.0000
8296;2023-03-13 10:27:25.320000;7;1006;1;1;0.0000;1;76889.0000;None;830400.0000
8296;2023-03-13 10:27:25.320000;1;104294;1;1;65800.0000;1;76889.0000;None;830400.0000
8296;2023-03-13 10:27:25.320000;1;101433;1;1;0.0000;1;76889.0000;None;830400.0000
8296;2023-03-13 10:27:25.320000;7;1006;1;1;0.0000;1;76889.0000;None;830400.0000
8296;2023-03-13 10:27:25.320000;1;104294;1;1;65800.0000;1;76889.0000;None;830400.0000
8296;2023-03-13 10:27:25.320000;1;101433;1;1;0.0000;1;76889.0000;None;830400.0000
8296;2023-03-13 10:27:25.320000;7;1006;1;1;0.0000;1;76889.0000;None;830400.0000
8296;2023-03-13 10:27:25.320000;1;104294;1;1;65800.0000;1;76889.0000;None;830400.0000
8296;2023-03-13 10:27:25.320000;1;101433;1;1;0.0000;1;76889.0000;None;830400.0000
8296;2023-03-13 10:27:25.320000;7;1006;1;1;0.0000;1;76889.0000;None;830400.0000
8296;2023-03-13 10:27:25.320000;1;102685;1;2;41600.0000;1;76889.0000;None;830400.0000
8296;2023-03-13 10:27:25.320000;1;103700;1;1;32800.0000;1;76889.0000;None;830400.0000
8296;2023-03-13 10:27:25.320000;1;101522;1;1;0.0000;1;76889.0000;None;830400.0000
8296;2023-03-13 10:27:25.320000;1;103700;1;1;32800.0000;1;76889.0000;None;830400.0000
8296;2023-03-13 10:27:25.320000;1;101522;1;1;0.0000;1;76889.0000;None;830400.0000
8296;2023-03-13 10:27:25.320000;1;103700;1;1;32800.0000;1;76889.0000;None;830400.0000
8296;2023-03-13 10:27:25.320000;1;101433;1;1;0.0000;1;76889.0000;None;830400.0000
8296;2023-03-13 10:27:25.320000;1;105188;1;3;95400.0000;1;76889.0000;None;830400.0000
8296;2023-03-13 10:27:25.320000;1;102228;1;3;26400.0000;1;76889.0000;None;830400.0000
8296;2023-03-13 10:27:25.320000;7;1000;4;1;0.0000;1;76889.0000;None;830400.0000
8296;2023-03-13 10:27:25.320000;3;201146;1;3;20400.0000;1;76889.0000;None;830400.0000
8296;2023-03-13 10:27:25.320000;3;101641;1;3;0.0000;1;76889.0000;None;830400.0000
8296;2023-03-13 10:27:25.320000;3;200644;1;2;13600.0000;1;76889.0000;None;830400.0000
8296;2023-03-13 10:27:25.320000;3;101641;1;2;0.0000;1;76889.0000;None;830400.0000
8296;2023-03-13 10:27:25.320000;3;104446;1;1;5800.0000;1;76889.0000;None;830400.0000
8296;2023-03-13 10:27:25.320000;3;102747;1;1;4800.0000;1;76889.0000;None;830400.0000
8296;2023-03-13 10:27:25.320000;7;1034;3;1;0.0000;1;76889.0000;None;830400.0000
8296;2023-03-13 10:27:25.320000;3;102747;1;1;4800.0000;1;76889.0000;None;830400.0000
8296;2023-03-13 10:27:25.320000;3;102639;1;1;9800.0000;1;76889.0000;None;830400.0000
8296;2023-03-13 10:27:25.320000;7;1034;3;1;0.0000;1;76889.0000;None;830400.0000
8296;2023-03-13 10:27:25.320000;3;201269;1;1;6800.0000;1;76889.0000;None;830400.0000
8296;2023-03-13 10:27:25.320000;3;201207;1;1;6800.0000;1;76889.0000;None;830400.0000
8296;2023-03-13 10:27:25.320000;7;1034;2;1;0.0000;1;76889.0000;None;830400.0000
8296;2023-03-13 10:27:25.320000;3;102635;1;4;35200.0000;1;76889.0000;None;830400.0000
8296;2023-03-13 10:27:25.320000;7;1207;1;1;0.0000;1;76889.0000;None;830400.0000
8297;2023-03-13 11:20:09.563000;3;100614;1;1;5800.0000;1;17130.0000;None;185000.0000
8297;2023-03-13 12:43:21.733000;3;100614;1;1;5800.0000;1;17130.0000;None;185000.0000
8297;2023-03-13 13:13:46.937000;1;101954;1;1;19800.0000;1;17130.0000;None;185000.0000
8297;2023-03-13 13:45:31.227000;1;102982;1;1;59800.0000;1;17130.0000;None;185000.0000
8297;2023-03-13 13:45:31.227000;1;101552;1;1;0.0000;1;17130.0000;None;185000.0000
8297;2023-03-13 13:45:31.227000;7;1003;2;1;0.0000;1;17130.0000;None;185000.0000
8297;2023-03-13 13:45:31.227000;1;103134;1;1;31800.0000;1;17130.0000;None;185000.0000
8297;2023-03-13 13:45:31.227000;6;101525;1;1;0.0000;1;17130.0000;None;185000.0000
8297;2023-03-13 13:45:31.227000;1;104208;1;1;4800.0000;1;17130.0000;None;185000.0000
8297;2023-03-13 13:45:31.227000;7;1000;4;1;0.0000;1;17130.0000;None;185000.0000
8297;2023-03-13 13:47:04.743000;3;200644;1;1;6800.0000;1;17130.0000;None;185000.0000
8297;2023-03-13 13:47:04.743000;3;200644;1;1;6800.0000;1;17130.0000;None;185000.0000
8297;2023-03-13 13:47:04.743000;3;101641;1;1;0.0000;1;17130.0000;None;185000.0000
8297;2023-03-13 13:47:04.743000;3;101641;1;1;0.0000;1;17130.0000;None;185000.0000
8297;2023-03-13 13:47:04.743000;7;1022;2;1;0.0000;1;17130.0000;None;185000.0000
8297;2023-03-13 13:53:17.720000;8;102790;1;1;37800.0000;1;17130.0000;None;185000.0000
8297;2023-03-13 14:42:23.497000;3;100614;1;1;5800.0000;1;17130.0000;None;185000.0000
8298;2023-03-13 12:02:07.593000;6;101061;1;1;0.0000;1;18445.0000;None;199200.0000
8298;2023-03-13 12:02:07.593000;1;101293;1;1;41800.0000;1;18445.0000;None;199200.0000
8298;2023-03-13 12:02:07.593000;3;102747;1;1;4800.0000;1;18445.0000;None;199200.0000
8298;2023-03-13 12:02:07.593000;7;1034;3;1;0.0000;1;18445.0000;None;199200.0000
8298;2023-03-13 12:02:07.593000;3;102635;1;1;8800.0000;1;18445.0000;None;199200.0000
8298;2023-03-13 12:11:47.637000;3;102623;1;1;6800.0000;1;18445.0000;None;199200.0000
8298;2023-03-13 12:16:45.500000;1;106879;1;1;22800.0000;1;18445.0000;None;199200.0000
8298;2023-03-13 12:16:45.500000;6;101438;1;1;0.0000;1;18445.0000;None;199200.0000
8298;2023-03-13 12:16:45.500000;1;101203;1;1;51800.0000;1;18445.0000;None;199200.0000
8298;2023-03-13 12:16:45.500000;1;102814;1;1;48800.0000;1;18445.0000;None;199200.0000
8298;2023-03-13 12:16:45.500000;6;101061;1;1;0.0000;1;18445.0000;None;199200.0000
8298;2023-03-13 12:53:22.043000;3;102747;1;1;4800.0000;1;18445.0000;None;199200.0000
8298;2023-03-13 12:53:22.043000;3;102635;1;1;8800.0000;1;18445.0000;None;199200.0000
8299;2023-03-13 12:06:43.167000;8;109318;1;1;40800.0000;1;11000.0000;None;118800.0000
8299;2023-03-13 12:06:43.167000;8;107228;1;1;0.0000;1;11000.0000;None;118800.0000
8299;2023-03-13 12:06:43.167000;1;103763;1;1;14800.0000;1;11000.0000;None;118800.0000
8299;2023-03-13 12:06:43.167000;1;108824;1;1;13800.0000;1;11000.0000;None;118800.0000
8299;2023-03-13 12:16:58.010000;3;200644;1;1;6800.0000;1;11000.0000;None;118800.0000
8299;2023-03-13 12:16:58.010000;3;101641;1;1;0.0000;1;11000.0000;None;118800.0000
8299;2023-03-13 12:16:58.010000;8;109320;1;1;35800.0000;1;11000.0000;None;118800.0000
8299;2023-03-13 12:16:58.010000;8;107227;1;1;0.0000;1;11000.0000;None;118800.0000
8299;2023-03-13 12:29:33.257000;3;201146;1;1;6800.0000;1;11000.0000;None;118800.0000
8299;2023-03-13 12:29:33.257000;3;101641;1;1;0.0000;1;11000.0000;None;118800.0000
8300;2023-03-13 12:08:33.453000;3;102747;1;1;4800.0000;1;10370.0000;None;112000.0000
8300;2023-03-13 12:08:33.453000;3;102747;1;1;4800.0000;1;10370.0000;None;112000.0000
8300;2023-03-13 12:08:33.453000;6;101061;1;1;0.0000;1;10370.0000;None;112000.0000
8300;2023-03-13 12:08:33.453000;1;102670;1;1;35800.0000;1;10370.0000;None;112000.0000
8300;2023-03-13 12:08:33.453000;1;102677;1;1;33800.0000;1;10370.0000;None;112000.0000
8300;2023-03-13 12:08:33.453000;1;103700;1;1;32800.0000;1;10370.0000;None;112000.0000
8300;2023-03-13 12:08:33.453000;1;101552;1;1;0.0000;1;10370.0000;None;112000.0000
8301;2023-03-13 12:09:19.983000;3;200644;1;1;6800.0000;1;18963.0000;None;204800.0000
8301;2023-03-13 12:09:19.983000;3;101641;1;1;0.0000;1;18963.0000;None;204800.0000
8301;2023-03-13 12:40:07.543000;1;103772;1;1;17800.0000;1;18963.0000;None;204800.0000
8301;2023-03-13 12:40:07.543000;1;103771;1;1;12800.0000;1;18963.0000;None;204800.0000
8301;2023-03-13 12:40:07.543000;7;1001;1;1;0.0000;1;18963.0000;None;204800.0000
8301;2023-03-13 12:40:07.543000;7;1001;1;1;0.0000;1;18963.0000;None;204800.0000
8301;2023-03-13 13:04:24.400000;3;102635;1;1;8800.0000;1;18963.0000;None;204800.0000
8301;2023-03-13 13:04:24.400000;7;1034;2;1;0.0000;1;18963.0000;None;204800.0000
8301;2023-03-13 13:04:24.400000;3;201609;1;1;6800.0000;1;18963.0000;None;204800.0000
8301;2023-03-13 13:04:24.400000;1;102671;1;1;38800.0000;1;18963.0000;None;204800.0000
8301;2023-03-13 13:04:24.400000;1;102680;1;1;36800.0000;1;18963.0000;None;204800.0000
8301;2023-03-13 13:04:24.400000;1;102982;1;1;59800.0000;1;18963.0000;None;204800.0000
8301;2023-03-13 13:04:24.400000;1;101552;1;1;0.0000;1;18963.0000;None;204800.0000
8301;2023-03-13 13:04:24.400000;7;1002;1;1;0.0000;1;18963.0000;None;204800.0000
8301;2023-03-13 13:04:24.400000;6;101061;1;1;0.0000;1;18963.0000;None;204800.0000
8301;2023-03-13 13:42:04.883000;3;100614;1;1;5800.0000;1;18963.0000;None;204800.0000
8301;2023-03-13 13:42:04.883000;3;100614;1;1;5800.0000;1;18963.0000;None;204800.0000
8301;2023-03-13 13:42:04.883000;3;104554;1;1;4800.0000;1;18963.0000;None;204800.0000
8302;2023-03-13 12:10:03.867000;3;200644;1;1;6800.0000;1;6963.0000;None;75200.0000
8302;2023-03-13 12:10:03.867000;3;101641;1;1;0.0000;1;6963.0000;None;75200.0000
8302;2023-03-13 12:10:03.867000;1;103171;1;1;28800.0000;1;6963.0000;None;75200.0000
8302;2023-03-13 12:10:03.867000;7;1000;4;1;0.0000;1;6963.0000;None;75200.0000
8302;2023-03-13 12:10:03.867000;1;101433;1;1;0.0000;1;6963.0000;None;75200.0000
8302;2023-03-13 12:10:03.867000;7;1000;4;1;0.0000;1;6963.0000;None;75200.0000
8302;2023-03-13 12:10:03.867000;1;102132;1;1;6800.0000;1;6963.0000;None;75200.0000
8302;2023-03-13 12:10:03.867000;8;103539;1;1;32800.0000;1;6963.0000;None;75200.0000
8303;2023-03-13 12:13:35.883000;3;104446;1;1;5800.0000;1;4944.0000;None;53400.0000
8303;2023-03-13 12:13:35.883000;8;107297;1;1;18800.0000;1;4944.0000;None;53400.0000
8303;2023-03-13 12:13:35.883000;8;107227;1;1;0.0000;1;4944.0000;None;53400.0000
8303;2023-03-13 12:13:35.883000;1;100853;1;1;28800.0000;1;4944.0000;None;53400.0000
8303;2023-03-13 12:13:35.883000;6;101061;1;1;0.0000;1;4944.0000;None;53400.0000
8304;2023-03-13 12:17:50.077000;1;103773;1;1;9800.0000;1;6130.0000;None;66200.0000
8304;2023-03-13 12:17:50.077000;1;103773;1;1;9800.0000;1;6130.0000;None;66200.0000
8304;2023-03-13 12:17:50.077000;7;1001;1;1;0.0000;1;6130.0000;None;66200.0000
8304;2023-03-13 12:17:50.077000;7;1001;1;1;0.0000;1;6130.0000;None;66200.0000
8304;2023-03-13 12:17:50.077000;7;1001;1;1;0.0000;1;6130.0000;None;66200.0000
8304;2023-03-13 12:17:50.077000;7;1001;1;1;0.0000;1;6130.0000;None;66200.0000
8304;2023-03-13 12:17:50.077000;1;102670;1;1;35800.0000;1;6130.0000;None;66200.0000
8304;2023-03-13 12:17:50.077000;3;200644;1;1;6800.0000;1;6130.0000;None;66200.0000
8304;2023-03-13 12:17:50.077000;7;1034;2;1;0.0000;1;6130.0000;None;66200.0000
8304;2023-03-13 12:17:50.077000;3;101641;1;1;0.0000;1;6130.0000;None;66200.0000
8304;2023-03-13 13:01:41.223000;1;104272;1;1;4000.0000;1;6130.0000;None;66200.0000
8304;2023-03-13 13:01:41.223000;7;1348;1;1;0.0000;1;6130.0000;None;66200.0000
8305;2023-03-13 12:22:08.017000;2;200140;1;1;64800.0000;1;24759.0000;None;267400.0000
8305;2023-03-13 12:22:08.017000;1;105647;1;1;64800.0000;1;24759.0000;None;267400.0000
8305;2023-03-13 12:22:08.017000;1;101073;1;1;69800.0000;1;24759.0000;None;267400.0000
8305;2023-03-13 12:22:08.017000;1;100846;1;1;30800.0000;1;24759.0000;None;267400.0000
8305;2023-03-13 13:07:51.373000;3;100614;1;3;17400.0000;1;24759.0000;None;267400.0000
8305;2023-03-13 13:07:51.373000;1;105421;1;1;19800.0000;1;24759.0000;None;267400.0000
8306;2023-03-13 12:29:18.537000;3;201609;1;2;13600.0000;1;52037.0000;None;562000.0000
8306;2023-03-13 12:29:18.537000;3;200644;1;2;13600.0000;1;52037.0000;None;562000.0000
8306;2023-03-13 12:29:18.537000;3;201146;1;1;6800.0000;1;52037.0000;None;562000.0000
8306;2023-03-13 12:29:18.537000;3;201269;1;2;13600.0000;1;52037.0000;None;562000.0000
8306;2023-03-13 12:29:18.537000;3;102619;1;1;7800.0000;1;52037.0000;None;562000.0000
8306;2023-03-13 12:29:18.537000;1;104293;1;1;44800.0000;1;52037.0000;None;562000.0000
8306;2023-03-13 12:29:18.537000;1;104294;1;1;65800.0000;1;52037.0000;None;562000.0000
8306;2023-03-13 12:29:18.537000;1;104294;1;1;65800.0000;1;52037.0000;None;562000.0000
8306;2023-03-13 12:29:18.537000;1;104294;1;1;65800.0000;1;52037.0000;None;562000.0000
8306;2023-03-13 12:29:18.537000;1;105647;1;1;64800.0000;1;52037.0000;None;562000.0000
8306;2023-03-13 12:29:18.537000;1;102132;1;1;6800.0000;1;52037.0000;None;562000.0000
8306;2023-03-13 12:29:18.537000;1;102132;1;1;6800.0000;1;52037.0000;None;562000.0000
8306;2023-03-13 12:29:18.537000;1;104429;1;1;2800.0000;1;52037.0000;None;562000.0000
8306;2023-03-13 12:29:18.537000;1;103955;1;1;41800.0000;1;52037.0000;None;562000.0000
8306;2023-03-13 12:29:18.537000;1;103955;1;1;41800.0000;1;52037.0000;None;562000.0000
8306;2023-03-13 12:29:18.537000;1;103788;1;1;39800.0000;1;52037.0000;None;562000.0000
8306;2023-03-13 12:29:18.537000;1;102982;1;1;59800.0000;1;52037.0000;None;562000.0000
8307;2023-03-13 12:32:16.220000;3;201609;1;1;6800.0000;1;9130.0000;None;98600.0000
8307;2023-03-13 12:32:16.220000;8;103539;1;1;32800.0000;1;9130.0000;None;98600.0000
8307;2023-03-13 12:32:16.220000;8;103867;1;1;28800.0000;1;9130.0000;None;98600.0000
8307;2023-03-13 12:32:16.220000;6;101061;1;1;0.0000;1;9130.0000;None;98600.0000
8307;2023-03-13 12:58:47.710000;3;201146;1;1;6800.0000;1;9130.0000;None;98600.0000
8307;2023-03-13 13:16:39.953000;1;103095;1;1;8800.0000;1;9130.0000;None;98600.0000
8307;2023-03-13 13:16:39.953000;1;103092;1;1;8800.0000;1;9130.0000;None;98600.0000
8307;2023-03-13 13:16:39.953000;3;100614;1;1;5800.0000;1;9130.0000;None;98600.0000
8308;2023-03-13 12:33:47.517000;1;101203;1;1;51800.0000;1;5426.0000;None;58600.0000
8308;2023-03-13 12:33:47.517000;3;201207;1;1;6800.0000;1;5426.0000;None;58600.0000
8308;2023-03-13 12:33:47.517000;6;101061;1;1;0.0000;1;5426.0000;None;58600.0000
8309;2023-03-13 12:35:36.223000;1;103771;1;1;12800.0000;1;43843.0000;None;473500.0000
8309;2023-03-13 12:35:36.223000;7;1001;1;1;0.0000;1;43843.0000;None;473500.0000
8309;2023-03-13 12:35:36.223000;7;1001;1;1;0.0000;1;43843.0000;None;473500.0000
8309;2023-03-13 12:35:36.223000;7;1001;1;1;0.0000;1;43843.0000;None;473500.0000
8309;2023-03-13 12:48:17.947000;1;101257;1;1;26800.0000;1;43843.0000;None;473500.0000
8309;2023-03-13 12:48:17.947000;1;105188;1;1;31800.0000;1;43843.0000;None;473500.0000
8309;2023-03-13 12:48:17.947000;1;104294;1;1;65800.0000;1;43843.0000;None;473500.0000
8309;2023-03-13 12:48:17.947000;7;1002;1;1;0.0000;1;43843.0000;None;473500.0000
8309;2023-03-13 12:48:17.947000;1;104397;1;1;0.0000;1;43843.0000;None;473500.0000
8309;2023-03-13 12:48:17.947000;1;101073;1;1;69800.0000;1;43843.0000;None;473500.0000
8309;2023-03-13 12:48:17.947000;7;1006;1;1;0.0000;1;43843.0000;None;473500.0000
8309;2023-03-13 12:48:17.947000;1;105065;1;1;0.0000;1;43843.0000;None;473500.0000
8309;2023-03-13 12:48:17.947000;1;102238;1;1;2500.0000;1;43843.0000;None;473500.0000
8309;2023-03-13 12:48:17.947000;7;1000;4;1;0.0000;1;43843.0000;None;473500.0000
8309;2023-03-13 12:48:17.947000;1;104294;1;1;65800.0000;1;43843.0000;None;473500.0000
8309;2023-03-13 12:48:17.947000;1;101522;1;1;0.0000;1;43843.0000;None;473500.0000
8309;2023-03-13 12:48:17.947000;7;1006;1;1;0.0000;1;43843.0000;None;473500.0000
8309;2023-03-13 12:48:17.947000;1;103171;1;1;28800.0000;1;43843.0000;None;473500.0000
8309;2023-03-13 12:48:17.947000;7;1000;4;1;0.0000;1;43843.0000;None;473500.0000
8309;2023-03-13 12:48:17.947000;1;101522;1;1;0.0000;1;43843.0000;None;473500.0000
8309;2023-03-13 12:48:17.947000;1;104294;1;1;65800.0000;1;43843.0000;None;473500.0000
8309;2023-03-13 12:48:17.947000;7;1003;2;1;0.0000;1;43843.0000;None;473500.0000
8309;2023-03-13 12:48:17.947000;1;101522;1;1;0.0000;1;43843.0000;None;473500.0000
8309;2023-03-13 12:48:17.947000;1;100848;1;1;28800.0000;1;43843.0000;None;473500.0000
8309;2023-03-13 12:48:17.947000;6;101061;1;4;0.0000;1;43843.0000;None;473500.0000
8309;2023-03-13 12:48:39.510000;3;201146;1;3;20400.0000;1;43843.0000;None;473500.0000
8309;2023-03-13 12:48:39.510000;3;101641;1;3;0.0000;1;43843.0000;None;473500.0000
8309;2023-03-13 12:48:39.510000;3;200644;1;2;13600.0000;1;43843.0000;None;473500.0000
8309;2023-03-13 12:48:39.510000;3;101641;1;2;0.0000;1;43843.0000;None;473500.0000
8309;2023-03-13 12:48:39.510000;3;201609;1;1;6800.0000;1;43843.0000;None;473500.0000
8309;2023-03-13 12:48:39.510000;3;201609;1;1;6800.0000;1;43843.0000;None;473500.0000
8309;2023-03-13 12:48:39.510000;3;201207;1;1;6800.0000;1;43843.0000;None;473500.0000
8309;2023-03-13 12:48:39.510000;7;1207;1;1;0.0000;1;43843.0000;None;473500.0000
8309;2023-03-13 13:25:25.017000;3;100596;1;1;5800.0000;1;43843.0000;None;473500.0000
8309;2023-03-13 13:25:25.017000;3;100596;1;1;5800.0000;1;43843.0000;None;473500.0000
8309;2023-03-13 13:25:25.017000;3;100606;1;1;6800.0000;1;43843.0000;None;473500.0000
8309;2023-03-13 13:25:25.017000;6;105082;1;1;2000.0000;1;43843.0000;None;473500.0000
8310;2023-03-13 12:37:18.470000;3;200644;1;1;6800.0000;1;8074.0000;None;87200.0000
8310;2023-03-13 12:37:18.470000;3;200644;1;1;6800.0000;1;8074.0000;None;87200.0000
8310;2023-03-13 12:37:18.470000;3;101641;1;2;0.0000;1;8074.0000;None;87200.0000
8310;2023-03-13 12:37:18.470000;1;102678;1;1;36800.0000;1;8074.0000;None;87200.0000
8310;2023-03-13 12:37:18.470000;1;102673;1;1;36800.0000;1;8074.0000;None;87200.0000
8310;2023-03-13 12:37:18.470000;6;101061;1;1;0.0000;1;8074.0000;None;87200.0000
8311;2023-03-13 12:52:02.947000;1;109408;1;1;35800.0000;1;8630.0000;None;93200.0000
8311;2023-03-13 12:52:02.947000;1;102501;1;1;39800.0000;1;8630.0000;None;93200.0000
8311;2023-03-13 12:52:02.947000;6;103488;1;1;0.0000;1;8630.0000;None;93200.0000
8311;2023-03-13 12:52:02.947000;7;1006;1;1;0.0000;1;8630.0000;None;93200.0000
8311;2023-03-13 12:52:02.947000;3;201269;1;1;6800.0000;1;8630.0000;None;93200.0000
8311;2023-03-13 12:52:02.947000;3;200012;1;1;9800.0000;1;8630.0000;None;93200.0000
8311;2023-03-13 12:56:13.113000;1;109408;1;-1;-35800.0000;1;8630.0000;None;93200.0000
8311;2023-03-13 12:56:13.113000;7;1006;1;-1;0.0000;1;8630.0000;None;93200.0000
8311;2023-03-13 12:56:13.113000;7;1000;4;-1;0.0000;1;8630.0000;None;93200.0000
8311;2023-03-13 12:56:37.063000;1;102903;1;1;36800.0000;1;8630.0000;None;93200.0000
8311;2023-03-13 12:56:37.063000;6;103488;1;1;0.0000;1;8630.0000;None;93200.0000
8311;2023-03-13 12:56:37.063000;7;1006;1;1;0.0000;1;8630.0000;None;93200.0000
8311;2023-03-13 12:56:37.063000;7;1000;4;1;0.0000;1;8630.0000;None;93200.0000
8312;2023-03-13 12:52:47.073000;3;201269;1;2;13600.0000;1;14611.0000;None;157800.0000
8312;2023-03-13 12:52:47.073000;3;101641;1;2;0.0000;1;14611.0000;None;157800.0000
8312;2023-03-13 12:52:47.073000;3;201609;1;1;6800.0000;1;14611.0000;None;157800.0000
8312;2023-03-13 12:52:47.073000;1;105647;1;1;64800.0000;1;14611.0000;None;157800.0000
8312;2023-03-13 12:52:47.073000;1;104397;1;1;0.0000;1;14611.0000;None;157800.0000
8312;2023-03-13 12:52:47.073000;1;105188;1;1;31800.0000;1;14611.0000;None;157800.0000
8312;2023-03-13 12:52:47.073000;8;109318;1;1;40800.0000;1;14611.0000;None;157800.0000
8312;2023-03-13 12:52:47.073000;8;107228;1;1;0.0000;1;14611.0000;None;157800.0000
8312;2023-03-13 12:52:47.073000;6;101061;1;1;0.0000;1;14611.0000;None;157800.0000
8313;2023-03-13 12:58:27.817000;3;102747;1;1;4800.0000;1;12648.0000;None;136600.0000
8313;2023-03-13 12:58:27.817000;7;1034;3;1;0.0000;1;12648.0000;None;136600.0000
8313;2023-03-13 12:58:27.817000;3;200644;1;1;6800.0000;1;12648.0000;None;136600.0000
8313;2023-03-13 12:58:27.817000;1;101954;1;1;19800.0000;1;12648.0000;None;136600.0000
8313;2023-03-13 12:58:27.817000;7;1001;1;1;0.0000;1;12648.0000;None;136600.0000
8313;2023-03-13 12:58:27.817000;7;1001;1;1;0.0000;1;12648.0000;None;136600.0000
8313;2023-03-13 12:58:27.817000;7;1001;1;1;0.0000;1;12648.0000;None;136600.0000
8313;2023-03-13 12:58:27.817000;1;102680;1;1;36800.0000;1;12648.0000;None;136600.0000
8313;2023-03-13 12:58:27.817000;8;103023;1;1;47800.0000;1;12648.0000;None;136600.0000
8313;2023-03-13 12:58:27.817000;6;101061;1;1;0.0000;1;12648.0000;None;136600.0000
8313;2023-03-13 13:38:17.517000;3;100606;1;1;6800.0000;1;12648.0000;None;136600.0000
8313;2023-03-13 13:38:17.517000;1;104272;1;1;4000.0000;1;12648.0000;None;136600.0000
8313;2023-03-13 13:38:17.517000;7;1346;1;1;0.0000;1;12648.0000;None;136600.0000
8313;2023-03-13 13:42:11.960000;3;100612;1;1;9800.0000;1;12648.0000;None;136600.0000
8314;2023-03-13 12:59:30.067000;3;201146;1;1;6800.0000;1;9000.0000;None;97200.0000
8314;2023-03-13 12:59:30.067000;7;1034;2;1;0.0000;1;9000.0000;None;97200.0000
8314;2023-03-13 12:59:30.067000;3;200644;1;1;6800.0000;1;9000.0000;None;97200.0000
8314;2023-03-13 12:59:30.067000;3;101641;1;1;0.0000;1;9000.0000;None;97200.0000
8314;2023-03-13 12:59:30.067000;1;103955;1;1;41800.0000;1;9000.0000;None;97200.0000
8314;2023-03-13 12:59:30.067000;1;104397;1;1;0.0000;1;9000.0000;None;97200.0000
8314;2023-03-13 12:59:30.067000;1;103955;1;1;41800.0000;1;9000.0000;None;97200.0000
8314;2023-03-13 12:59:30.067000;1;101433;1;1;0.0000;1;9000.0000;None;97200.0000
8314;2023-03-13 12:59:30.067000;6;101061;1;1;0.0000;1;9000.0000;None;97200.0000
8315;2023-03-13 13:01:48.003000;3;100606;1;1;6800.0000;1;1167.0000;None;12600.0000
8315;2023-03-13 13:01:48.003000;3;100614;1;1;5800.0000;1;1167.0000;None;12600.0000
8316;2023-03-13 13:13:17.520000;3;102747;1;2;9600.0000;1;18519.0000;None;200000.0000
8316;2023-03-13 13:13:17.520000;7;1034;3;2;0.0000;1;18519.0000;None;200000.0000
8316;2023-03-13 13:13:17.520000;3;200644;1;1;6800.0000;1;18519.0000;None;200000.0000
8316;2023-03-13 13:13:17.520000;6;101061;1;1;0.0000;1;18519.0000;None;200000.0000
8316;2023-03-13 13:13:17.520000;1;108796;1;1;49800.0000;1;18519.0000;None;200000.0000
8316;2023-03-13 13:13:17.520000;7;1006;1;1;0.0000;1;18519.0000;None;200000.0000
8316;2023-03-13 13:13:17.520000;1;102982;1;1;59800.0000;1;18519.0000;None;200000.0000
8316;2023-03-13 13:13:17.520000;1;101552;1;1;0.0000;1;18519.0000;None;200000.0000
8316;2023-03-13 13:13:17.520000;7;1003;2;1;0.0000;1;18519.0000;None;200000.0000
8316;2023-03-13 13:13:17.520000;1;102678;1;1;36800.0000;1;18519.0000;None;200000.0000
8316;2023-03-13 13:55:50.777000;3;100614;1;3;17400.0000;1;18519.0000;None;200000.0000
8316;2023-03-13 13:55:50.777000;1;105421;1;1;19800.0000;1;18519.0000;None;200000.0000
8317;2023-03-13 13:13:52.523000;3;102635;1;1;8800.0000;1;11722.0000;None;126600.0000
8317;2023-03-13 13:13:52.523000;3;100614;1;1;5800.0000;1;11722.0000;None;126600.0000
8317;2023-03-13 13:13:52.523000;6;101061;1;1;0.0000;1;11722.0000;None;126600.0000
8317;2023-03-13 13:13:52.523000;1;103552;1;1;38800.0000;1;11722.0000;None;126600.0000
8317;2023-03-13 13:13:52.523000;1;101959;1;1;43800.0000;1;11722.0000;None;126600.0000
8317;2023-03-13 13:13:52.523000;1;101552;1;1;0.0000;1;11722.0000;None;126600.0000
8317;2023-03-13 13:13:52.523000;7;1006;1;1;0.0000;1;11722.0000;None;126600.0000
8317;2023-03-13 13:43:58.627000;1;105421;1;1;19800.0000;1;11722.0000;None;126600.0000
8317;2023-03-13 13:43:58.627000;1;102187;1;1;2800.0000;1;11722.0000;None;126600.0000
8317;2023-03-13 13:58:22.190000;3;100607;1;1;6800.0000;1;11722.0000;None;126600.0000
8317;2023-03-13 13:58:22.190000;7;1207;1;1;0.0000;1;11722.0000;None;126600.0000
8318;2023-03-13 13:14:37.623000;3;200644;1;1;6800.0000;1;9685.0000;None;104600.0000
8318;2023-03-13 13:14:37.623000;1;102676;1;1;30800.0000;1;9685.0000;None;104600.0000
8318;2023-03-13 13:14:37.623000;1;100851;1;1;23800.0000;1;9685.0000;None;104600.0000
8318;2023-03-13 13:14:37.623000;6;101061;1;1;0.0000;1;9685.0000;None;104600.0000
8318;2023-03-13 13:24:35.377000;3;102748;1;1;15800.0000;1;9685.0000;None;104600.0000
8318;2023-03-13 13:51:38.987000;1;103372;1;1;15800.0000;1;9685.0000;None;104600.0000
8318;2023-03-13 13:51:38.987000;3;104554;1;1;4800.0000;1;9685.0000;None;104600.0000
8318;2023-03-13 13:51:38.987000;3;100606;1;1;6800.0000;1;9685.0000;None;104600.0000
8318;2023-03-13 13:14:37.623000;3;201237;1;1;6800.0000;1;9685.0000;None;104600.0000
8318;2023-03-13 13:52:19.083000;3;201237;1;-1;-6800.0000;1;9685.0000;None;104600.0000
8319;2023-03-13 13:23:30.080000;1;100851;1;1;23800.0000;1;3019.0000;None;32600.0000
8319;2023-03-13 13:25:33.517000;3;102635;1;1;8800.0000;1;3019.0000;None;32600.0000
8320;2023-03-13 13:39:09.330000;3;200644;1;1;6800.0000;1;13759.0000;None;148600.0000
8320;2023-03-13 13:39:09.347000;3;201609;1;1;6800.0000;1;13759.0000;None;148600.0000
8320;2023-03-13 13:39:09.347000;3;102747;1;1;4800.0000;1;13759.0000;None;148600.0000
8320;2023-03-13 13:39:09.347000;7;1034;3;1;0.0000;1;13759.0000;None;148600.0000
8320;2023-03-13 13:39:09.347000;6;101061;1;1;0.0000;1;13759.0000;None;148600.0000
8320;2023-03-13 13:39:09.347000;8;101996;1;1;15800.0000;1;13759.0000;None;148600.0000
8320;2023-03-13 13:39:09.347000;7;1001;1;1;0.0000;1;13759.0000;None;148600.0000
8320;2023-03-13 13:39:09.347000;8;103867;1;1;28800.0000;1;13759.0000;None;148600.0000
8320;2023-03-13 13:39:09.347000;8;100953;1;1;44800.0000;1;13759.0000;None;148600.0000
8320;2023-03-13 13:39:09.347000;8;109318;1;1;40800.0000;1;13759.0000;None;148600.0000
8320;2023-03-13 13:39:09.347000;8;107228;1;1;0.0000;1;13759.0000;None;148600.0000
8324;2023-03-13 13:22:21.407000;3;104554;1;1;4800.0000;1;15074.0000;None;162800.0000
8324;2023-03-13 13:22:21.407000;3;201207;1;1;6800.0000;1;15074.0000;None;162800.0000
8324;2023-03-13 13:22:21.407000;3;201237;1;1;6800.0000;1;15074.0000;None;162800.0000
8324;2023-03-13 13:22:21.407000;6;101061;1;1;0.0000;1;15074.0000;None;162800.0000
8324;2023-03-13 13:22:21.407000;1;100856;1;1;14800.0000;1;15074.0000;None;162800.0000
8324;2023-03-13 13:22:21.407000;1;101073;1;1;69800.0000;1;15074.0000;None;162800.0000
8324;2023-03-13 13:22:21.407000;1;101522;1;1;0.0000;1;15074.0000;None;162800.0000
8324;2023-03-13 13:22:21.407000;7;1006;1;1;0.0000;1;15074.0000;None;162800.0000
8324;2023-03-13 13:22:21.407000;1;102982;1;1;59800.0000;1;15074.0000;None;162800.0000
8324;2023-03-13 13:22:21.407000;1;105065;1;1;0.0000;1;15074.0000;None;162800.0000
8324;2023-03-13 13:22:21.407000;7;1006;1;1;0.0000;1;15074.0000;None;162800.0000
8325;2023-03-13 13:53:02.310000;3;200644;1;1;6800.0000;1;5148.0000;None;55600.0000
8325;2023-03-13 13:53:02.310000;3;101641;1;1;0.0000;1;5148.0000;None;55600.0000
8325;2023-03-13 13:53:02.310000;8;107298;1;1;48800.0000;1;5148.0000;None;55600.0000
8325;2023-03-13 13:53:02.310000;8;107228;1;1;0.0000;1;5148.0000;None;55600.0000
8325;2023-03-13 13:53:02.310000;6;101061;1;1;0.0000;1;5148.0000;None;55600.0000
8327;2023-03-13 14:36:23.317000;1;105647;1;1;64800.0000;1;14167.0000;None;153000.0000
8327;2023-03-13 14:36:23.317000;1;105065;1;1;0.0000;1;14167.0000;None;153000.0000
8327;2023-03-13 14:36:23.317000;1;105647;1;1;64800.0000;1;14167.0000;None;153000.0000
8327;2023-03-13 14:36:23.317000;1;105065;1;1;0.0000;1;14167.0000;None;153000.0000
8327;2023-03-13 14:36:23.317000;7;1000;4;1;0.0000;1;14167.0000;None;153000.0000
8327;2023-03-13 14:36:23.317000;3;201609;1;1;6800.0000;1;14167.0000;None;153000.0000
8327;2023-03-13 14:36:23.317000;3;201609;1;1;6800.0000;1;14167.0000;None;153000.0000
8327;2023-03-13 14:36:23.317000;6;101061;1;1;0.0000;1;14167.0000;None;153000.0000
8327;2023-03-13 15:04:08.517000;3;100612;1;1;9800.0000;1;14167.0000;None;153000.0000
8328;2023-03-13 16:11:41.047000;3;102617;1;1;7800.0000;1;5852.0000;None;63200.0000
8328;2023-03-13 16:11:41.047000;3;102624;1;1;7800.0000;1;5852.0000;None;63200.0000
8328;2023-03-13 16:11:41.047000;7;1207;1;1;0.0000;1;5852.0000;None;63200.0000
8328;2023-03-13 16:11:41.047000;1;101323;1;1;28800.0000;1;5852.0000;None;63200.0000
8328;2023-03-13 16:11:41.047000;8;107297;1;1;18800.0000;1;5852.0000;None;63200.0000
8328;2023-03-13 16:11:41.047000;8;107228;1;1;0.0000;1;5852.0000;None;63200.0000
8328;2023-03-13 16:11:41.047000;6;101061;1;1;0.0000;1;5852.0000;None;63200.0000
8329;2023-03-13 19:19:20.470000;2;201615;1;1;14800.0000;1;11778.0000;None;127200.0000
8329;2023-03-13 19:19:20.470000;2;200480;1;1;12800.0000;1;11778.0000;None;127200.0000
8329;2023-03-13 19:19:20.470000;1;109323;1;1;54800.0000;1;11778.0000;None;127200.0000
8329;2023-03-13 19:19:20.470000;7;1002;1;1;0.0000;1;11778.0000;None;127200.0000
8329;2023-03-13 19:19:20.470000;1;102493;1;1;44800.0000;1;11778.0000;None;127200.0000
8329;2023-03-13 19:19:20.470000;7;1006;1;1;0.0000;1;11778.0000;None;127200.0000
8329;2023-03-13 19:19:20.470000;6;101061;1;1;0.0000;1;11778.0000;None;127200.0000
9588;2023-03-13 09:51:58.253000;3;100614;1;1;5800.0000;1;7852.0000;None;84800.0000
9588;2023-03-13 09:51:58.253000;3;100614;1;1;5800.0000;1;7852.0000;None;84800.0000
9588;2023-03-13 09:51:58.253000;3;100606;1;1;6800.0000;1;7852.0000;None;84800.0000
9588;2023-03-13 09:58:39.400000;1;103032;1;1;9800.0000;1;7852.0000;None;84800.0000
9588;2023-03-13 09:58:39.400000;1;102191;1;1;5800.0000;1;7852.0000;None;84800.0000
9588;2023-03-13 09:58:39.400000;7;1000;4;1;0.0000;1;7852.0000;None;84800.0000
9588;2023-03-13 09:58:39.400000;1;100995;1;3;32400.0000;1;7852.0000;None;84800.0000
9588;2023-03-13 10:27:45.567000;3;100614;1;1;5800.0000;1;7852.0000;None;84800.0000
9588;2023-03-13 10:27:45.567000;3;100614;1;1;5800.0000;1;7852.0000;None;84800.0000
9588;2023-03-13 10:27:45.567000;3;100606;1;1;6800.0000;1;7852.0000;None;84800.0000
9590;2023-03-13 11:25:36.717000;1;100582;1;1;18000.0000;1;None;None;18000.0000
9590;2023-03-13 11:25:36.717000;7;1349;1;6;0.0000;1;None;None;18000.0000
9591;2023-03-13 12:04:56.123000;1;103700;1;1;32800.0000;1;20667.0000;None;223200.0000
9591;2023-03-13 12:04:56.123000;1;100974;1;1;17800.0000;1;20667.0000;None;223200.0000
9591;2023-03-13 12:04:56.123000;1;100974;1;1;17800.0000;1;20667.0000;None;223200.0000
9591;2023-03-13 12:04:56.123000;1;102228;1;1;8800.0000;1;20667.0000;None;223200.0000
9591;2023-03-13 12:04:56.123000;1;102228;1;1;8800.0000;1;20667.0000;None;223200.0000
9591;2023-03-13 12:04:56.123000;1;103340;1;1;30800.0000;1;20667.0000;None;223200.0000
9591;2023-03-13 12:07:47.737000;8;103867;1;1;28800.0000;1;20667.0000;None;223200.0000
9591;2023-03-13 12:07:47.737000;1;102498;1;1;34800.0000;1;20667.0000;None;223200.0000
9591;2023-03-13 12:07:47.737000;6;103488;1;1;0.0000;1;20667.0000;None;223200.0000
9591;2023-03-13 12:07:47.737000;7;1006;1;1;0.0000;1;20667.0000;None;223200.0000
9591;2023-03-13 12:07:47.737000;7;1000;4;1;0.0000;1;20667.0000;None;223200.0000
9591;2023-03-13 12:07:47.737000;3;201207;1;1;6800.0000;1;20667.0000;None;223200.0000
9591;2023-03-13 12:07:47.737000;3;201609;1;1;6800.0000;1;20667.0000;None;223200.0000
9591;2023-03-13 12:07:47.737000;3;102635;1;1;8800.0000;1;20667.0000;None;223200.0000
9591;2023-03-13 12:07:47.737000;3;102631;1;1;7800.0000;1;20667.0000;None;223200.0000
9591;2023-03-13 12:07:47.737000;3;200644;1;1;6800.0000;1;20667.0000;None;223200.0000
9591;2023-03-13 12:07:47.737000;3;101641;1;1;0.0000;1;20667.0000;None;223200.0000
9591;2023-03-13 12:07:47.737000;3;100614;1;1;5800.0000;1;20667.0000;None;223200.0000
9592;2023-03-13 12:15:23.463000;1;103784;1;1;29800.0000;1;66130.0000;None;714200.0000
9592;2023-03-13 12:15:23.463000;6;101438;1;1;0.0000;1;66130.0000;None;714200.0000
9592;2023-03-13 12:15:23.463000;1;101338;1;1;34800.0000;1;66130.0000;None;714200.0000
9592;2023-03-13 12:15:23.463000;1;101522;1;1;0.0000;1;66130.0000;None;714200.0000
9592;2023-03-13 12:15:23.463000;7;1002;1;1;0.0000;1;66130.0000;None;714200.0000
9592;2023-03-13 12:15:23.463000;1;103171;1;1;28800.0000;1;66130.0000;None;714200.0000
9592;2023-03-13 12:15:23.463000;1;101433;1;1;0.0000;1;66130.0000;None;714200.0000
9592;2023-03-13 12:15:23.463000;1;105647;1;1;64800.0000;1;66130.0000;None;714200.0000
9592;2023-03-13 12:15:23.463000;1;101433;1;1;0.0000;1;66130.0000;None;714200.0000
9592;2023-03-13 12:15:23.463000;1;102141;1;1;1800.0000;1;66130.0000;None;714200.0000
9592;2023-03-13 12:15:23.463000;1;102982;1;1;59800.0000;1;66130.0000;None;714200.0000
9592;2023-03-13 12:15:23.463000;1;101522;1;1;0.0000;1;66130.0000;None;714200.0000
9592;2023-03-13 12:15:23.463000;7;1006;1;1;0.0000;1;66130.0000;None;714200.0000
9592;2023-03-13 12:15:23.463000;1;101958;1;1;67800.0000;1;66130.0000;None;714200.0000
9592;2023-03-13 12:15:23.463000;1;101522;1;1;0.0000;1;66130.0000;None;714200.0000
9592;2023-03-13 12:15:23.463000;7;1002;1;1;0.0000;1;66130.0000;None;714200.0000
9592;2023-03-13 12:15:23.463000;1;101073;1;1;69800.0000;1;66130.0000;None;714200.0000
9592;2023-03-13 12:15:23.463000;1;101522;1;1;0.0000;1;66130.0000;None;714200.0000
9592;2023-03-13 12:15:23.463000;7;1006;1;1;0.0000;1;66130.0000;None;714200.0000
9592;2023-03-13 12:15:23.463000;1;102501;1;1;39800.0000;1;66130.0000;None;714200.0000
9592;2023-03-13 12:15:23.463000;6;103488;1;1;0.0000;1;66130.0000;None;714200.0000
9592;2023-03-13 12:15:23.463000;7;1006;1;1;0.0000;1;66130.0000;None;714200.0000
9592;2023-03-13 12:15:23.463000;1;105647;1;1;64800.0000;1;66130.0000;None;714200.0000
9592;2023-03-13 12:15:23.463000;1;101522;1;1;0.0000;1;66130.0000;None;714200.0000
9592;2023-03-13 12:15:23.463000;1;102172;1;1;4800.0000;1;66130.0000;None;714200.0000
9592;2023-03-13 12:15:23.463000;1;103784;1;1;29800.0000;1;66130.0000;None;714200.0000
9592;2023-03-13 12:15:23.463000;6;101438;1;1;0.0000;1;66130.0000;None;714200.0000
9592;2023-03-13 12:15:23.463000;1;103700;1;1;32800.0000;1;66130.0000;None;714200.0000
9592;2023-03-13 12:15:23.463000;1;101552;1;1;0.0000;1;66130.0000;None;714200.0000
9592;2023-03-13 12:15:23.463000;1;100852;1;1;26800.0000;1;66130.0000;None;714200.0000
9592;2023-03-13 12:15:23.463000;1;102982;1;1;59800.0000;1;66130.0000;None;714200.0000
9592;2023-03-13 12:15:23.463000;1;101522;1;1;0.0000;1;66130.0000;None;714200.0000
9592;2023-03-13 12:15:23.463000;7;1002;1;1;0.0000;1;66130.0000;None;714200.0000
9592;2023-03-13 12:15:23.463000;7;1000;4;1;0.0000;1;66130.0000;None;714200.0000
9592;2023-03-13 12:15:23.463000;3;102749;1;1;5800.0000;1;66130.0000;None;714200.0000
9592;2023-03-13 12:15:23.463000;3;201609;1;1;6800.0000;1;66130.0000;None;714200.0000
9592;2023-03-13 12:15:23.463000;6;101575;1;1;0.0000;1;66130.0000;None;714200.0000
9592;2023-03-13 12:15:23.463000;3;102639;1;1;9800.0000;1;66130.0000;None;714200.0000
9592;2023-03-13 12:15:23.463000;3;201609;1;1;6800.0000;1;66130.0000;None;714200.0000
9592;2023-03-13 12:15:23.463000;3;201609;1;1;6800.0000;1;66130.0000;None;714200.0000
9592;2023-03-13 12:15:23.463000;3;104446;1;1;5800.0000;1;66130.0000;None;714200.0000
9592;2023-03-13 12:15:23.463000;3;102747;1;1;4800.0000;1;66130.0000;None;714200.0000
9592;2023-03-13 12:15:23.463000;3;102623;1;1;6800.0000;1;66130.0000;None;714200.0000
9592;2023-03-13 12:15:23.463000;3;102645;1;1;7800.0000;1;66130.0000;None;714200.0000
9592;2023-03-13 12:15:23.463000;3;102637;1;1;9800.0000;1;66130.0000;None;714200.0000
9592;2023-03-13 12:15:23.463000;3;201207;1;1;6800.0000;1;66130.0000;None;714200.0000
9592;2023-03-13 12:15:23.463000;6;101061;1;4;0.0000;1;66130.0000;None;714200.0000
9592;2023-03-13 12:49:36.887000;1;102172;1;1;4800.0000;1;66130.0000;None;714200.0000
9592;2023-03-13 12:50:04.330000;1;102228;1;1;8800.0000;1;66130.0000;None;714200.0000
9592;2023-03-13 12:59:28.033000;3;102644;1;1;6800.0000;1;66130.0000;None;714200.0000
9592;2023-03-13 12:59:28.033000;7;1207;1;1;0.0000;1;66130.0000;None;714200.0000
9593;2023-03-13 12:16:37.523000;3;102747;1;1;4800.0000;1;24648.0000;None;266200.0000
9593;2023-03-13 12:16:37.523000;7;1034;3;1;0.0000;1;24648.0000;None;266200.0000
9593;2023-03-13 12:16:37.523000;3;102747;1;1;4800.0000;1;24648.0000;None;266200.0000
9593;2023-03-13 12:16:37.523000;3;201269;1;1;6800.0000;1;24648.0000;None;266200.0000
9593;2023-03-13 12:16:37.523000;6;101061;1;2;0.0000;1;24648.0000;None;266200.0000
9593;2023-03-13 12:16:37.523000;1;103771;1;1;12800.0000;1;24648.0000;None;266200.0000
9593;2023-03-13 12:16:37.523000;1;103772;1;1;17800.0000;1;24648.0000;None;266200.0000
9593;2023-03-13 12:16:37.523000;1;101954;1;1;19800.0000;1;24648.0000;None;266200.0000
9593;2023-03-13 12:34:43.157000;1;103552;1;1;38800.0000;1;24648.0000;None;266200.0000
9593;2023-03-13 12:34:43.157000;1;100853;1;1;28800.0000;1;24648.0000;None;266200.0000
9593;2023-03-13 12:34:43.157000;1;102680;1;1;36800.0000;1;24648.0000;None;266200.0000
9593;2023-03-13 12:34:43.157000;1;100846;1;1;30800.0000;1;24648.0000;None;266200.0000
9593;2023-03-13 12:34:43.157000;1;103786;1;1;41800.0000;1;24648.0000;None;266200.0000
9593;2023-03-13 12:34:43.157000;6;101438;1;1;0.0000;1;24648.0000;None;266200.0000
9593;2023-03-13 12:34:43.157000;3;201269;1;1;6800.0000;1;24648.0000;None;266200.0000
9593;2023-03-13 12:34:43.157000;3;101641;1;1;0.0000;1;24648.0000;None;266200.0000
9593;2023-03-13 12:34:43.157000;3;102635;1;1;8800.0000;1;24648.0000;None;266200.0000
9593;2023-03-13 12:56:15.543000;3;201269;1;1;6800.0000;1;24648.0000;None;266200.0000
9594;2023-03-13 12:17:39.767000;3;102747;1;1;4800.0000;1;7963.0000;None;86000.0000
9594;2023-03-13 12:17:39.767000;3;201609;1;1;6800.0000;1;7963.0000;None;86000.0000
9594;2023-03-13 12:17:39.767000;6;101061;1;1;0.0000;1;7963.0000;None;86000.0000
9594;2023-03-13 12:17:39.767000;1;103340;1;1;30800.0000;1;7963.0000;None;86000.0000
9594;2023-03-13 12:17:39.767000;1;101522;1;1;0.0000;1;7963.0000;None;86000.0000
9594;2023-03-13 12:17:39.767000;1;102172;1;1;4800.0000;1;7963.0000;None;86000.0000
9594;2023-03-13 12:17:39.767000;1;102671;1;1;38800.0000;1;7963.0000;None;86000.0000
9595;2023-03-13 12:22:38.387000;1;100855;1;1;28800.0000;1;2667.0000;None;28800.0000
9596;2023-03-13 12:25:05.107000;7;1000;1;1;0.0000;1;None;None;48800.0000
9596;2023-03-13 12:26:13.437000;7;1000;1;1;0.0000;1;None;None;48800.0000
9596;2023-03-13 12:27:04.153000;7;1000;1;1;0.0000;1;None;None;48800.0000
9596;2023-03-13 12:34:06.147000;8;107298;1;1;48800.0000;1;None;None;48800.0000
9596;2023-03-13 12:34:06.147000;8;107227;1;1;0.0000;1;None;None;48800.0000
9596;2023-03-13 12:34:06.147000;7;1000;4;1;0.0000;1;None;None;48800.0000
9597;2023-03-13 12:29:00.267000;3;201609;1;1;6800.0000;1;27982.0000;None;302200.0000
9597;2023-03-13 12:29:00.267000;3;201609;1;1;6800.0000;1;27982.0000;None;302200.0000
9597;2023-03-13 12:29:00.267000;3;201146;1;1;6800.0000;1;27982.0000;None;302200.0000
9597;2023-03-13 12:29:00.267000;3;200644;1;1;6800.0000;1;27982.0000;None;302200.0000
9597;2023-03-13 12:29:00.267000;3;101641;1;1;0.0000;1;27982.0000;None;302200.0000
9597;2023-03-13 12:29:00.267000;3;101641;1;1;0.0000;1;27982.0000;None;302200.0000
9597;2023-03-13 12:40:49.833000;1;102982;1;1;59800.0000;1;27982.0000;None;302200.0000
9597;2023-03-13 12:40:49.833000;1;105065;1;1;0.0000;1;27982.0000;None;302200.0000
9597;2023-03-13 12:40:49.833000;7;1002;1;1;0.0000;1;27982.0000;None;302200.0000
9597;2023-03-13 12:40:49.833000;1;102982;1;1;59800.0000;1;27982.0000;None;302200.0000
9597;2023-03-13 12:40:49.833000;7;1002;1;1;0.0000;1;27982.0000;None;302200.0000
9597;2023-03-13 12:40:49.833000;1;101552;1;1;0.0000;1;27982.0000;None;302200.0000
9597;2023-03-13 12:40:49.833000;1;101073;1;1;69800.0000;1;27982.0000;None;302200.0000
9597;2023-03-13 12:40:49.833000;7;1006;1;1;0.0000;1;27982.0000;None;302200.0000
9597;2023-03-13 12:40:49.833000;1;101433;1;1;0.0000;1;27982.0000;None;302200.0000
9597;2023-03-13 12:40:49.833000;1;104294;1;1;65800.0000;1;27982.0000;None;302200.0000
9597;2023-03-13 12:40:49.833000;7;1006;1;1;0.0000;1;27982.0000;None;302200.0000
9597;2023-03-13 12:40:49.833000;1;101433;1;1;0.0000;1;27982.0000;None;302200.0000
9597;2023-03-13 12:40:49.833000;7;1000;4;1;0.0000;1;27982.0000;None;302200.0000
9597;2023-03-13 13:38:53.117000;1;103166;1;1;19800.0000;1;27982.0000;None;302200.0000
9598;2023-03-13 12:29:30.630000;3;201207;1;1;6800.0000;1;7426.0000;None;80200.0000
9598;2023-03-13 12:29:30.630000;3;201146;1;1;6800.0000;1;7426.0000;None;80200.0000
9598;2023-03-13 12:29:30.630000;3;101641;1;1;0.0000;1;7426.0000;None;80200.0000
9598;2023-03-13 12:29:30.630000;8;103867;1;1;28800.0000;1;7426.0000;None;80200.0000
9598;2023-03-13 12:29:30.630000;8;103615;1;1;37800.0000;1;7426.0000;None;80200.0000
9598;2023-03-13 12:29:30.630000;6;101061;1;1;0.0000;1;7426.0000;None;80200.0000
9599;2023-03-13 12:32:28.723000;1;103771;1;1;12800.0000;1;14352.0000;None;155000.0000
9599;2023-03-13 12:32:28.723000;7;1001;1;1;0.0000;1;14352.0000;None;155000.0000
9599;2023-03-13 12:32:28.723000;7;1001;1;1;0.0000;1;14352.0000;None;155000.0000
9599;2023-03-13 12:32:28.723000;1;105188;1;1;31800.0000;1;14352.0000;None;155000.0000
9599;2023-03-13 12:32:28.723000;1;105188;1;1;31800.0000;1;14352.0000;None;155000.0000
9599;2023-03-13 12:32:28.723000;1;105188;1;1;31800.0000;1;14352.0000;None;155000.0000
9599;2023-03-13 12:32:28.723000;1;102139;1;1;5800.0000;1;14352.0000;None;155000.0000
9599;2023-03-13 12:32:28.723000;3;102748;1;1;15800.0000;1;14352.0000;None;155000.0000
9599;2023-03-13 12:32:28.723000;3;201146;1;1;6800.0000;1;14352.0000;None;155000.0000
9599;2023-03-13 12:32:28.723000;6;101061;1;1;0.0000;1;14352.0000;None;155000.0000
9599;2023-03-13 13:41:46.383000;3;100614;1;1;5800.0000;1;14352.0000;None;155000.0000
9599;2023-03-13 13:41:46.383000;3;100614;1;1;5800.0000;1;14352.0000;None;155000.0000
9599;2023-03-13 13:41:46.383000;3;100607;1;1;6800.0000;1;14352.0000;None;155000.0000
9600;2023-03-13 12:51:23.737000;1;105421;1;1;19800.0000;1;None;None;28600.0000
9600;2023-03-13 12:51:23.737000;1;103095;1;1;8800.0000;1;None;None;28600.0000
9601;2023-03-13 12:58:22.817000;1;103100;1;1;8800.0000;1;None;None;17600.0000
9601;2023-03-13 12:58:22.817000;1;103100;1;1;8800.0000;1;None;None;17600.0000
9602;2023-03-13 13:06:16.597000;1;104429;1;1;2800.0000;1;None;None;12600.0000
9602;2023-03-13 13:06:16.597000;1;103773;1;1;9800.0000;1;None;None;12600.0000
9602;2023-03-13 13:06:16.597000;7;1000;4;1;0.0000;1;None;None;12600.0000
9603;2023-03-13 13:11:52.657000;1;100581;1;1;10000.0000;1;None;None;10000.0000
9603;2023-03-13 13:11:52.657000;7;1346;1;3;0.0000;1;None;None;10000.0000
9604;2023-03-13 12:17:39.767000;3;201609;1;1;6800.0000;1;None;None;45600.0000
9604;2023-03-13 12:17:39.767000;1;102671;1;1;38800.0000;1;None;None;45600.0000
9605;2023-03-13 13:18:03.017000;1;100581;1;1;10000.0000;1;None;None;10000.0000
9605;2023-03-13 13:18:03.017000;7;1347;1;3;0.0000;1;None;None;10000.0000
9606;2023-03-13 13:18:47.163000;1;101958;1;1;67800.0000;1;16722.0000;None;180600.0000
9606;2023-03-13 13:18:47.163000;1;101433;1;1;0.0000;1;16722.0000;None;180600.0000
9606;2023-03-13 13:18:47.163000;7;1003;2;1;0.0000;1;16722.0000;None;180600.0000
9606;2023-03-13 13:18:47.163000;1;101958;1;1;67800.0000;1;16722.0000;None;180600.0000
9606;2023-03-13 13:18:47.163000;1;101433;1;1;0.0000;1;16722.0000;None;180600.0000
9606;2023-03-13 13:18:47.163000;7;1006;1;1;0.0000;1;16722.0000;None;180600.0000
9606;2023-03-13 13:18:47.163000;3;201146;1;1;6800.0000;1;16722.0000;None;180600.0000
9606;2023-03-13 13:18:47.163000;3;101641;1;1;0.0000;1;16722.0000;None;180600.0000
9606;2023-03-13 13:18:47.163000;3;200644;1;1;6800.0000;1;16722.0000;None;180600.0000
9606;2023-03-13 13:18:47.163000;6;101061;1;1;0.0000;1;16722.0000;None;180600.0000
9606;2023-03-13 13:59:40.657000;3;100614;1;1;5800.0000;1;16722.0000;None;180600.0000
9606;2023-03-13 13:59:40.657000;3;100614;1;1;5800.0000;1;16722.0000;None;180600.0000
9606;2023-03-13 13:59:40.657000;1;105421;1;1;19800.0000;1;16722.0000;None;180600.0000
9607;2023-03-13 12:32:16.220000;3;200644;1;1;6800.0000;1;6037.0000;None;65200.0000
9607;2023-03-13 12:32:16.220000;3;101641;1;1;0.0000;1;6037.0000;None;65200.0000
9607;2023-03-13 12:53:04.847000;1;100853;1;1;28800.0000;1;6037.0000;None;65200.0000
9607;2023-03-13 12:53:04.847000;3;201609;1;1;6800.0000;1;6037.0000;None;65200.0000
9607;2023-03-13 12:58:47.710000;1;100850;1;1;22800.0000;1;6037.0000;None;65200.0000
9608;2023-03-13 12:17:39.767000;3;104554;1;1;4800.0000;1;3741.0000;None;40400.0000
9608;2023-03-13 12:17:39.767000;1;103340;1;1;30800.0000;1;3741.0000;None;40400.0000
9608;2023-03-13 12:17:39.767000;1;101522;1;1;0.0000;1;3741.0000;None;40400.0000
9608;2023-03-13 12:17:39.767000;1;102172;1;1;4800.0000;1;3741.0000;None;40400.0000
9609;2023-03-13 13:23:42.220000;1;100581;1;1;10000.0000;1;None;None;14000.0000
9609;2023-03-13 13:23:42.220000;7;1346;1;3;0.0000;1;None;None;14000.0000
9609;2023-03-13 13:23:42.220000;1;104272;1;1;4000.0000;1;None;None;14000.0000
9609;2023-03-13 13:23:42.220000;7;1347;1;1;0.0000;1;None;None;14000.0000
9616;2023-03-13 13:38:03.917000;1;104272;1;1;4000.0000;1;None;None;4000.0000
9616;2023-03-13 13:38:03.917000;7;1348;1;1;0.0000;1;None;None;4000.0000
9618;2023-03-13 13:39:43.360000;1;103100;1;1;8800.0000;1;None;None;8800.0000
9619;2023-03-13 13:41:30.490000;1;100581;1;1;10000.0000;1;None;None;24300.0000
9619;2023-03-13 13:41:30.490000;7;1346;1;3;0.0000;1;None;None;24300.0000
9619;2023-03-13 13:41:30.490000;1;102905;1;1;5500.0000;1;None;None;24300.0000
9619;2023-03-13 13:41:30.490000;1;103100;1;1;8800.0000;1;None;None;24300.0000
9620;2023-03-13 13:42:20.517000;1;104272;1;1;4000.0000;1;None;None;4000.0000
9620;2023-03-13 13:42:20.517000;7;1348;1;1;0.0000;1;None;None;4000.0000
9621;2023-03-13 13:43:06.300000;1;103100;1;1;8800.0000;1;None;None;8800.0000
9624;2023-03-13 13:54:32.377000;1;100581;1;1;10000.0000;1;None;None;10000.0000
9624;2023-03-13 13:54:32.377000;7;1346;1;3;0.0000;1;None;None;10000.0000
9625;2023-03-13 13:23:30.080000;3;102747;1;1;4800.0000;1;2648.0000;None;28600.0000
9625;2023-03-13 13:23:30.080000;1;100851;1;1;23800.0000;1;2648.0000;None;28600.0000
9625;2023-03-13 13:23:30.080000;6;101061;1;1;0.0000;1;2648.0000;None;28600.0000
9626;2023-03-13 13:23:30.080000;3;102747;1;1;4800.0000;1;5944.0000;None;64200.0000
9626;2023-03-13 13:23:30.080000;3;104446;1;1;5800.0000;1;5944.0000;None;64200.0000
9626;2023-03-13 13:23:30.080000;1;100850;1;1;22800.0000;1;5944.0000;None;64200.0000
9626;2023-03-13 13:23:30.080000;1;102676;1;1;30800.0000;1;5944.0000;None;64200.0000
9627;2023-03-13 14:31:11.277000;1;100582;1;1;18000.0000;1;None;None;18000.0000
9627;2023-03-13 14:31:11.277000;7;1345;1;6;0.0000;1;None;None;18000.0000
9628;2023-03-13 14:47:15.037000;1;100582;1;1;18000.0000;1;None;None;18000.0000
9628;2023-03-13 14:47:15.037000;7;1347;1;6;0.0000;1;None;None;18000.0000
9629;2023-03-13 15:47:43.620000;13;201604;1;14;64400.0000;1;None;None;64400.0000
9630;2023-03-13 15:51:55.087000;1;100581;1;1;10000.0000;1;None;None;23600.0000
9630;2023-03-13 15:51:55.087000;7;1348;1;3;0.0000;1;None;None;23600.0000
9630;2023-03-13 15:51:55.087000;3;100606;1;1;6800.0000;1;None;None;23600.0000
9630;2023-03-13 15:51:55.087000;3;100606;1;1;6800.0000;1;None;None;23600.0000
27457;2023-03-13 08:34:25.817000;1;101295;1;1;14500.0000;1;None;None;38300.0000
27457;2023-03-13 08:34:25.817000;1;102173;1;1;6100.0000;1;None;None;38300.0000
27457;2023-03-13 08:34:25.817000;1;103034;1;1;17700.0000;1;None;None;38300.0000
27458;2023-03-13 08:58:21.667000;1;103116;1;1;15600.0000;1;None;None;24900.0000
27458;2023-03-13 08:58:21.667000;7;1000;4;1;0.0000;1;None;None;24900.0000
27458;2023-03-13 08:58:21.667000;7;1344;1;1;0.0000;1;None;None;24900.0000
27458;2023-03-13 08:58:21.667000;3;102635;1;1;9300.0000;1;None;None;24900.0000
27459;2023-03-13 10:38:04.783000;1;100846;1;1;32400.0000;1;None;None;32400.0000
27460;2023-03-13 10:39:36.163000;1;102671;1;1;40800.0000;1;None;None;40800.0000
27461;2023-03-13 11:26:38.893000;8;104259;1;2;29000.0000;1;None;None;37000.0000
27461;2023-03-13 11:26:38.893000;8;104785;1;2;8000.0000;1;None;None;37000.0000
27462;2023-03-13 11:30:32.247000;8;103867;1;1;30300.0000;1;None;None;46900.0000
27462;2023-03-13 11:30:32.247000;8;101996;1;1;16600.0000;1;None;None;46900.0000
27463;2023-03-13 11:31:31.507000;1;102676;1;1;32400.0000;1;None;None;39600.0000
27463;2023-03-13 11:31:31.507000;3;102644;1;1;7200.0000;1;None;None;39600.0000
27463;2023-03-13 11:31:31.507000;7;1034;3;1;0.0000;1;None;None;39600.0000
27464;2023-03-13 11:37:09.077000;1;106611;1;1;19800.0000;1;None;None;51100.0000
27464;2023-03-13 11:37:09.077000;1;103784;1;1;31300.0000;1;None;None;51100.0000
27464;2023-03-13 11:37:09.077000;6;101438;1;1;0.0000;1;None;None;51100.0000
27464;2023-03-13 11:37:09.077000;7;1344;1;1;0.0000;1;None;None;51100.0000
27465;2023-03-13 11:38:54.723000;1;109580;1;1;35350.0000;1;None;None;65650.0000
27465;2023-03-13 11:38:54.723000;6;103488;1;1;0.0000;1;None;None;65650.0000
27465;2023-03-13 11:38:54.723000;7;1006;1;1;0.0000;1;None;None;65650.0000
27465;2023-03-13 11:38:54.723000;1;100845;1;1;30300.0000;1;None;None;65650.0000
27466;2023-03-13 11:40:19.257000;1;102684;1;1;18700.0000;1;None;None;18700.0000
27467;2023-03-13 11:44:52.947000;1;100851;1;1;25000.0000;1;None;None;25000.0000
27468;2023-03-13 11:46:33.620000;1;103759;1;1;11400.0000;1;None;None;18300.0000
27468;2023-03-13 11:46:33.620000;7;1000;4;1;0.0000;1;None;None;18300.0000
27468;2023-03-13 11:46:33.620000;1;102141;1;1;1800.0000;1;None;None;18300.0000
27468;2023-03-13 11:46:33.620000;7;1344;1;1;0.0000;1;None;None;18300.0000
27468;2023-03-13 11:46:33.620000;3;102747;1;1;5100.0000;1;None;None;18300.0000
27469;2023-03-13 11:47:45.123000;1;103788;1;1;41800.0000;1;None;None;41800.0000
27469;2023-03-13 11:47:45.123000;6;101438;1;1;0.0000;1;None;None;41800.0000
27469;2023-03-13 11:47:45.123000;7;1344;1;1;0.0000;1;None;None;41800.0000
27470;2023-03-13 11:50:42.123000;1;100846;1;1;32400.0000;1;None;None;33600.0000
27470;2023-03-13 11:50:42.123000;1;108219;1;1;1200.0000;1;None;None;33600.0000
27471;2023-03-13 11:52:04.093000;1;103552;1;1;40800.0000;1;None;None;70210.0000
27471;2023-03-13 11:52:04.093000;1;109270;1;1;29410.0000;1;None;None;70210.0000
27471;2023-03-13 11:52:04.093000;1;101552;1;1;0.0000;1;None;None;70210.0000
27471;2023-03-13 11:52:04.093000;7;1344;1;1;0.0000;1;None;None;70210.0000
27472;2023-03-13 12:00:47.610000;1;100583;1;1;33600.0000;1;None;None;33600.0000
27472;2023-03-13 12:00:47.610000;7;1348;1;1;0.0000;1;None;None;33600.0000
27472;2023-03-13 12:00:47.610000;7;1347;1;1;0.0000;1;None;None;33600.0000
27472;2023-03-13 12:00:47.610000;7;1345;1;1;0.0000;1;None;None;33600.0000
27472;2023-03-13 12:00:47.610000;7;1345;1;1;0.0000;1;None;None;33600.0000
27472;2023-03-13 12:00:47.610000;7;1345;1;1;0.0000;1;None;None;33600.0000
27472;2023-03-13 12:00:47.610000;7;1349;1;7;0.0000;1;None;None;33600.0000
27473;2023-03-13 12:07:19.467000;1;100850;1;1;24000.0000;1;None;None;55200.0000
27473;2023-03-13 12:07:19.467000;1;100854;1;1;28200.0000;1;None;None;55200.0000
27473;2023-03-13 12:07:19.467000;1;102286;1;1;1500.0000;1;None;None;55200.0000
27473;2023-03-13 12:07:19.467000;1;102286;1;1;1500.0000;1;None;None;55200.0000
27474;2023-03-13 12:09:21.273000;1;103773;1;1;10300.0000;1;None;None;24200.0000
27474;2023-03-13 12:09:21.273000;1;103773;1;1;10300.0000;1;None;None;24200.0000
27474;2023-03-13 12:09:21.273000;1;102141;1;1;1800.0000;1;None;None;24200.0000
27474;2023-03-13 12:09:21.273000;1;102141;1;1;1800.0000;1;None;None;24200.0000
27475;2023-03-13 12:13:18.763000;1;100844;1;1;30300.0000;1;None;None;31800.0000
27475;2023-03-13 12:13:18.763000;1;102286;1;1;1500.0000;1;None;None;31800.0000
27476;2023-03-13 12:19:44.910000;1;100846;1;1;32400.0000;1;None;None;32400.0000
27477;2023-03-13 12:20:41.013000;1;102678;1;1;38700.0000;1;None;None;38700.0000
27477;2023-03-13 12:20:41.013000;7;1344;1;1;0.0000;1;None;None;38700.0000
27478;2023-03-13 12:24:44.140000;1;100855;1;3;90900.0000;1;None;None;124100.0000
27478;2023-03-13 12:24:44.140000;1;102239;1;3;18300.0000;1;None;None;124100.0000
27478;2023-03-13 12:24:44.140000;3;200012;1;1;9800.0000;1;None;None;124100.0000
27478;2023-03-13 12:24:44.140000;3;102747;1;1;5100.0000;1;None;None;124100.0000
27479;2023-03-13 12:26:11.777000;1;102670;1;1;37600.0000;1;None;None;37600.0000
27480;2023-03-13 12:29:41.510000;1;100582;1;1;18900.0000;1;None;None;18900.0000
27480;2023-03-13 12:29:41.510000;7;1346;1;1;0.0000;1;None;None;18900.0000
27480;2023-03-13 12:29:41.510000;7;1345;1;1;0.0000;1;None;None;18900.0000
27480;2023-03-13 12:29:41.510000;7;1345;1;1;0.0000;1;None;None;18900.0000
27480;2023-03-13 12:29:41.510000;7;1348;1;1;0.0000;1;None;None;18900.0000
27480;2023-03-13 12:29:41.510000;7;1348;1;1;0.0000;1;None;None;18900.0000
27480;2023-03-13 12:29:41.510000;7;1348;1;1;0.0000;1;None;None;18900.0000
27481;2023-03-13 12:34:54.753000;8;108660;1;1;21900.0000;1;None;None;24900.0000
27481;2023-03-13 12:34:54.753000;8;107228;1;1;0.0000;1;None;None;24900.0000
27481;2023-03-13 12:34:54.753000;8;107265;1;1;3000.0000;1;None;None;24900.0000
27482;2023-03-13 12:44:47.227000;1;103567;1;1;33400.0000;1;None;None;43700.0000
27482;2023-03-13 12:44:47.227000;1;102522;1;1;10300.0000;1;None;None;43700.0000
27483;2023-03-13 12:53:50.127000;1;101929;1;1;17700.0000;1;None;None;71800.0000
27483;2023-03-13 12:53:50.127000;8;101996;1;1;16600.0000;1;None;None;71800.0000
27483;2023-03-13 12:53:50.127000;8;108660;1;1;21900.0000;1;None;None;71800.0000
27483;2023-03-13 12:53:50.127000;8;107228;1;1;0.0000;1;None;None;71800.0000
27483;2023-03-13 12:53:50.127000;8;108651;1;1;15600.0000;1;None;None;71800.0000
27483;2023-03-13 12:53:50.127000;7;1000;4;1;0.0000;1;None;None;71800.0000
27484;2023-03-13 12:54:40.027000;1;103083;1;1;34500.0000;1;None;None;43800.0000
27484;2023-03-13 12:54:40.027000;1;104397;1;1;0.0000;1;None;None;43800.0000
27484;2023-03-13 12:54:40.027000;3;102635;1;1;9300.0000;1;None;None;43800.0000
27485;2023-03-13 12:58:21.893000;1;100845;1;1;30300.0000;1;None;None;30300.0000
27486;2023-03-13 13:10:57.867000;1;109270;1;1;29410.0000;1;None;None;58820.0000
27486;2023-03-13 13:10:57.867000;1;106356;1;1;0.0000;1;None;None;58820.0000
27486;2023-03-13 13:10:57.867000;1;109270;1;1;29410.0000;1;None;None;58820.0000
27486;2023-03-13 13:10:57.867000;1;101552;1;1;0.0000;1;None;None;58820.0000
27486;2023-03-13 13:10:57.867000;7;1344;1;1;0.0000;1;None;None;58820.0000
27487;2023-03-13 13:12:00.607000;1;108351;1;1;22900.0000;1;None;None;53000.0000
27487;2023-03-13 13:12:00.607000;1;103759;1;1;11400.0000;1;None;None;53000.0000
27487;2023-03-13 13:12:00.607000;1;104431;1;1;18700.0000;1;None;None;53000.0000
27487;2023-03-13 13:12:00.607000;7;1344;1;1;0.0000;1;None;None;53000.0000
27488;2023-03-13 13:16:43.887000;1;100854;1;1;28200.0000;1;None;None;28200.0000
27489;2023-03-13 13:17:06.150000;1;103788;1;1;41800.0000;1;None;None;46900.0000
27489;2023-03-13 13:17:06.150000;6;101438;1;1;0.0000;1;None;None;46900.0000
27489;2023-03-13 13:17:06.150000;3;102747;1;1;5100.0000;1;None;None;46900.0000
27490;2023-03-13 13:18:50.870000;1;100843;1;1;28200.0000;1;None;None;109200.0000
27490;2023-03-13 13:18:50.870000;1;100843;1;1;28200.0000;1;None;None;109200.0000
27490;2023-03-13 13:18:50.870000;1;102238;1;1;2500.0000;1;None;None;109200.0000
27490;2023-03-13 13:18:50.870000;1;102238;1;1;2500.0000;1;None;None;109200.0000
27490;2023-03-13 13:18:50.870000;7;1000;4;1;0.0000;1;None;None;109200.0000
27490;2023-03-13 13:18:50.870000;1;102678;1;1;38700.0000;1;None;None;109200.0000
27490;2023-03-13 13:18:50.870000;1;102286;1;1;1500.0000;1;None;None;109200.0000
27490;2023-03-13 13:18:50.870000;1;102197;1;1;5800.0000;1;None;None;109200.0000
27490;2023-03-13 13:18:50.870000;1;108568;1;1;1800.0000;1;None;None;109200.0000
27490;2023-03-13 13:18:50.870000;7;1000;4;1;0.0000;1;None;None;109200.0000
27491;2023-03-13 13:29:19.310000;3;201146;1;1;6800.0000;1;5963.0000;None;64400.0000
27491;2023-03-13 13:29:19.310000;1;100855;1;1;28800.0000;1;5963.0000;None;64400.0000
27491;2023-03-13 13:29:19.310000;1;100855;1;1;28800.0000;1;5963.0000;None;64400.0000
27491;2023-03-13 13:29:19.310000;6;101061;1;1;0.0000;1;5963.0000;None;64400.0000
27492;2023-03-13 13:49:11.833000;1;104198;1;1;31300.0000;1;None;None;50200.0000
27492;2023-03-13 13:49:11.853000;1;100582;1;1;18900.0000;1;None;None;50200.0000
27492;2023-03-13 13:49:11.853000;7;1346;1;1;0.0000;1;None;None;50200.0000
27492;2023-03-13 13:49:11.853000;7;1346;1;1;0.0000;1;None;None;50200.0000
27492;2023-03-13 13:49:11.853000;7;1346;1;1;0.0000;1;None;None;50200.0000
27492;2023-03-13 13:49:11.853000;7;1349;1;1;0.0000;1;None;None;50200.0000
27492;2023-03-13 13:49:11.853000;7;1349;1;1;0.0000;1;None;None;50200.0000
27492;2023-03-13 13:49:11.853000;7;1348;1;1;0.0000;1;None;None;50200.0000
27493;2023-03-13 14:14:27.050000;1;109270;1;1;29410.0000;1;None;None;29410.0000
27493;2023-03-13 14:14:27.050000;1;104397;1;1;0.0000;1;None;None;29410.0000
27494;2023-03-13 14:27:56.967000;1;100856;1;1;15600.0000;1;None;None;15600.0000
27495;2023-03-13 14:41:25.973000;1;100582;1;1;18900.0000;1;None;None;18900.0000
27495;2023-03-13 14:41:25.973000;7;1347;1;1;0.0000;1;None;None;18900.0000
27495;2023-03-13 14:41:25.973000;7;1346;1;1;0.0000;1;None;None;18900.0000
27495;2023-03-13 14:41:25.973000;7;1349;1;1;0.0000;1;None;None;18900.0000
27495;2023-03-13 14:41:25.973000;7;1349;1;1;0.0000;1;None;None;18900.0000
27495;2023-03-13 14:41:25.973000;7;1348;1;1;0.0000;1;None;None;18900.0000
27495;2023-03-13 14:41:25.973000;7;1348;1;1;0.0000;1;None;None;18900.0000
27496;2023-03-13 14:43:27.607000;1;100582;1;1;18900.0000;1;None;None;18900.0000
27496;2023-03-13 14:43:27.607000;7;1346;1;6;0.0000;1;None;None;18900.0000
27497;2023-03-13 14:48:35.530000;1;100583;1;1;33600.0000;1;None;None;33600.0000
27497;2023-03-13 14:48:35.530000;7;1348;1;9;0.0000;1;None;None;33600.0000
27497;2023-03-13 14:48:35.530000;7;1350;1;1;0.0000;1;None;None;33600.0000
27497;2023-03-13 14:48:35.530000;7;1350;1;1;0.0000;1;None;None;33600.0000
27497;2023-03-13 14:48:35.530000;7;1345;1;1;0.0000;1;None;None;33600.0000
27498;2023-03-13 15:04:21.507000;1;100582;1;1;18900.0000;1;None;None;18900.0000
27498;2023-03-13 15:04:21.507000;7;1346;1;1;0.0000;1;None;None;18900.0000
27498;2023-03-13 15:04:21.507000;7;1350;1;1;0.0000;1;None;None;18900.0000
27498;2023-03-13 15:04:21.507000;7;1347;1;2;0.0000;1;None;None;18900.0000
27498;2023-03-13 15:04:21.507000;7;1349;1;1;0.0000;1;None;None;18900.0000
27498;2023-03-13 15:04:21.507000;7;1345;1;1;0.0000;1;None;None;18900.0000
27499;2023-03-13 15:05:43.023000;1;100582;1;1;18900.0000;1;None;None;18900.0000
27499;2023-03-13 15:05:43.023000;7;1347;1;6;0.0000;1;None;None;18900.0000
27500;2023-03-13 15:09:39.397000;1;103791;1;1;41800.0000;1;None;None;41800.0000
27500;2023-03-13 15:09:39.397000;6;101438;1;1;0.0000;1;None;None;41800.0000
27501;2023-03-13 15:12:16.130000;1;102502;1;1;50200.0000;1;None;None;50200.0000
27501;2023-03-13 15:12:16.130000;6;101563;1;1;0.0000;1;None;None;50200.0000
27501;2023-03-13 15:12:16.130000;7;1000;4;1;0.0000;1;None;None;50200.0000
27501;2023-03-13 15:12:16.130000;7;1007;1;1;0.0000;1;None;None;50200.0000
27502;2023-03-13 15:35:36.373000;1;100581;1;1;10500.0000;1;None;None;10500.0000
27502;2023-03-13 15:35:36.373000;7;1345;1;1;0.0000;1;None;None;10500.0000
27502;2023-03-13 15:35:36.373000;7;1349;1;1;0.0000;1;None;None;10500.0000
27502;2023-03-13 15:35:36.373000;7;1350;1;1;0.0000;1;None;None;10500.0000
27503;2023-03-13 15:51:00.900000;1;100583;1;1;33600.0000;1;None;None;33600.0000
27503;2023-03-13 15:51:00.900000;7;1347;1;1;0.0000;1;None;None;33600.0000
27503;2023-03-13 15:51:00.900000;7;1350;1;1;0.0000;1;None;None;33600.0000
27503;2023-03-13 15:51:00.900000;7;1350;1;1;0.0000;1;None;None;33600.0000
27503;2023-03-13 15:51:00.900000;7;1350;1;1;0.0000;1;None;None;33600.0000
27503;2023-03-13 15:51:00.900000;7;1345;1;1;0.0000;1;None;None;33600.0000
27503;2023-03-13 15:51:00.900000;7;1345;1;1;0.0000;1;None;None;33600.0000
27503;2023-03-13 15:51:00.900000;7;1345;1;1;0.0000;1;None;None;33600.0000
27503;2023-03-13 15:51:00.900000;7;1345;1;1;0.0000;1;None;None;33600.0000
27503;2023-03-13 15:51:00.900000;7;1349;1;1;0.0000;1;None;None;33600.0000
27503;2023-03-13 15:51:00.900000;7;1349;1;1;0.0000;1;None;None;33600.0000
27503;2023-03-13 15:51:00.900000;7;1349;1;1;0.0000;1;None;None;33600.0000
27503;2023-03-13 15:51:00.900000;7;1349;1;1;0.0000;1;None;None;33600.0000
27504;2023-03-13 15:51:40.187000;1;102685;1;1;21900.0000;1;None;None;47700.0000
27504;2023-03-13 15:51:40.187000;1;100850;1;1;24000.0000;1;None;None;47700.0000
27504;2023-03-13 15:51:40.187000;1;102226;1;1;1800.0000;1;None;None;47700.0000
27505;2023-03-13 15:58:06.900000;1;100582;1;1;18900.0000;1;None;None;18900.0000
27505;2023-03-13 15:58:06.900000;7;1346;1;1;0.0000;1;None;None;18900.0000
27505;2023-03-13 15:58:06.900000;7;1346;1;1;0.0000;1;None;None;18900.0000
27505;2023-03-13 15:58:06.900000;7;1347;1;1;0.0000;1;None;None;18900.0000
27505;2023-03-13 15:58:06.900000;7;1347;1;1;0.0000;1;None;None;18900.0000
27505;2023-03-13 15:58:06.900000;7;1349;1;1;0.0000;1;None;None;18900.0000
27505;2023-03-13 15:58:06.900000;7;1349;1;1;0.0000;1;None;None;18900.0000
27506;2023-03-13 16:22:26.777000;1;105188;1;1;33400.0000;1;None;None;40200.0000
27506;2023-03-13 16:22:26.777000;3;201146;1;1;6800.0000;1;None;None;40200.0000
27506;2023-03-13 16:22:26.777000;7;1344;1;1;0.0000;1;None;None;40200.0000
27507;2023-03-13 17:27:29.743000;1;100581;1;1;10500.0000;1;None;None;14500.0000
27507;2023-03-13 17:27:29.743000;7;1347;1;1;0.0000;1;None;None;14500.0000
27507;2023-03-13 17:27:29.743000;7;1347;1;1;0.0000;1;None;None;14500.0000
27507;2023-03-13 17:27:29.743000;7;1346;1;1;0.0000;1;None;None;14500.0000
27507;2023-03-13 17:27:29.743000;1;104272;1;1;4000.0000;1;None;None;14500.0000
27507;2023-03-13 17:27:29.743000;7;1350;1;1;0.0000;1;None;None;14500.0000
27508;2023-03-13 17:28:32.603000;8;107226;1;1;40800.0000;1;None;None;45300.0000
27508;2023-03-13 17:28:32.603000;8;107228;1;1;0.0000;1;None;None;45300.0000
27508;2023-03-13 17:28:32.603000;8;107229;1;1;0.0000;1;None;None;45300.0000
27508;2023-03-13 17:28:32.603000;8;107236;1;1;0.0000;1;None;None;45300.0000
27508;2023-03-13 17:28:32.603000;8;107238;1;1;0.0000;1;None;None;45300.0000
27508;2023-03-13 17:28:32.603000;8;107241;1;1;0.0000;1;None;None;45300.0000
27508;2023-03-13 17:28:32.603000;8;108220;2;1;0.0000;1;None;None;45300.0000
27508;2023-03-13 17:28:32.603000;8;107252;1;1;4500.0000;1;None;None;45300.0000
27508;2023-03-13 17:28:32.603000;7;1344;1;1;0.0000;1;None;None;45300.0000
27509;2023-03-13 17:39:34.647000;1;100846;1;1;32400.0000;1;None;None;57400.0000
27509;2023-03-13 17:39:34.647000;1;100851;1;1;25000.0000;1;None;None;57400.0000
27510;2023-03-13 17:44:11.647000;1;103788;1;1;41800.0000;1;None;None;53200.0000
27510;2023-03-13 17:44:11.647000;6;101535;1;1;0.0000;1;None;None;53200.0000
27510;2023-03-13 17:44:11.647000;1;103759;1;1;11400.0000;1;None;None;53200.0000
27510;2023-03-13 17:44:11.647000;7;1344;1;1;0.0000;1;None;None;53200.0000
27511;2023-03-13 17:45:09.847000;1;100583;1;1;33600.0000;1;None;None;33600.0000
27511;2023-03-13 17:45:09.847000;7;1347;1;12;0.0000;1;None;None;33600.0000
27512;2023-03-13 17:46:00.713000;1;100583;1;1;33600.0000;1;None;None;33600.0000
27512;2023-03-13 17:46:00.713000;7;1346;1;1;0.0000;1;None;None;33600.0000
27512;2023-03-13 17:46:00.713000;7;1346;1;1;0.0000;1;None;None;33600.0000
27512;2023-03-13 17:46:00.713000;7;1346;1;1;0.0000;1;None;None;33600.0000
27512;2023-03-13 17:46:00.713000;7;1345;1;1;0.0000;1;None;None;33600.0000
27512;2023-03-13 17:46:00.713000;7;1345;1;1;0.0000;1;None;None;33600.0000
27512;2023-03-13 17:46:00.713000;7;1345;1;1;0.0000;1;None;None;33600.0000
27512;2023-03-13 17:46:00.713000;7;1349;1;1;0.0000;1;None;None;33600.0000
27512;2023-03-13 17:46:00.713000;7;1349;1;1;0.0000;1;None;None;33600.0000
27512;2023-03-13 17:46:00.713000;7;1349;1;1;0.0000;1;None;None;33600.0000
27512;2023-03-13 17:46:00.713000;7;1350;1;1;0.0000;1;None;None;33600.0000
27512;2023-03-13 17:46:00.713000;7;1350;1;1;0.0000;1;None;None;33600.0000
27512;2023-03-13 17:46:00.713000;7;1350;1;1;0.0000;1;None;None;33600.0000
27513;2023-03-13 18:04:13.857000;8;104655;1;1;40800.0000;1;None;None;78400.0000
27513;2023-03-13 18:04:13.857000;8;109295;1;1;37600.0000;1;None;None;78400.0000
27514;2023-03-13 18:12:50.903000;1;100581;1;1;10500.0000;1;None;None;14500.0000
27514;2023-03-13 18:12:50.903000;7;1349;1;1;0.0000;1;None;None;14500.0000
27514;2023-03-13 18:12:50.903000;7;1346;1;1;0.0000;1;None;None;14500.0000
27514;2023-03-13 18:12:50.903000;7;1350;1;1;0.0000;1;None;None;14500.0000
27514;2023-03-13 18:12:50.903000;1;104272;1;1;4000.0000;1;None;None;14500.0000
27514;2023-03-13 18:12:50.903000;7;1347;1;1;0.0000;1;None;None;14500.0000
27515;2023-03-13 18:14:23.297000;1;104198;1;-1;-31300.0000;1;None;None;-50200.0000
27515;2023-03-13 18:14:23.297000;1;100582;1;-1;-18900.0000;1;None;None;-50200.0000
27515;2023-03-13 18:14:23.297000;7;1345;1;-6;0.0000;1;None;None;-50200.0000
27516;2023-03-13 18:15:56.557000;1;100582;1;1;18900.0000;1;None;None;18900.0000
27516;2023-03-13 18:15:56.557000;7;1345;1;6;0.0000;1;None;None;18900.0000
27517;2023-03-13 18:42:24.297000;1;102684;1;1;18700.0000;1;None;None;18700.0000
27518;2023-03-13 18:44:17.267000;1;100582;1;1;18900.0000;1;None;None;18900.0000
27518;2023-03-13 18:44:17.267000;7;1346;1;1;0.0000;1;None;None;18900.0000
27518;2023-03-13 18:44:17.267000;7;1348;1;1;0.0000;1;None;None;18900.0000
27518;2023-03-13 18:44:17.267000;7;1345;1;1;0.0000;1;None;None;18900.0000
27518;2023-03-13 18:44:17.267000;7;1349;1;1;0.0000;1;None;None;18900.0000
27518;2023-03-13 18:44:17.267000;7;1349;1;1;0.0000;1;None;None;18900.0000
27518;2023-03-13 18:44:17.267000;7;1350;1;1;0.0000;1;None;None;18900.0000
27519;2023-03-13 18:45:08.977000;8;109041;1;1;71460.0000;1;None;None;71460.0000
27520;2023-03-13 18:56:44.080000;1;101929;1;1;17700.0000;1;None;None;106860.0000
27520;2023-03-13 18:56:44.080000;8;109041;1;1;71460.0000;1;None;None;106860.0000
27520;2023-03-13 18:56:44.080000;1;102456;1;1;17700.0000;1;None;None;106860.0000
27521;2023-03-13 19:00:56.700000;1;103763;1;1;15600.0000;1;None;None;74420.0000
27521;2023-03-13 19:00:56.700000;1;109270;1;1;29410.0000;1;None;None;74420.0000
27521;2023-03-13 19:00:56.700000;1;104619;1;1;0.0000;1;None;None;74420.0000
27521;2023-03-13 19:00:56.700000;1;109270;1;1;29410.0000;1;None;None;74420.0000
27521;2023-03-13 19:00:56.700000;1;104397;1;1;0.0000;1;None;None;74420.0000
27521;2023-03-13 19:00:56.700000;7;1344;1;1;0.0000;1;None;None;74420.0000
27522;2023-03-13 19:05:31.203000;8;104655;1;1;40800.0000;1;None;None;183900.0000
27522;2023-03-13 19:05:31.203000;8;103867;1;1;30300.0000;1;None;None;183900.0000
27522;2023-03-13 19:05:31.203000;8;103746;1;1;41800.0000;1;None;None;183900.0000
27522;2023-03-13 19:05:31.203000;8;101026;1;1;37600.0000;1;None;None;183900.0000
27522;2023-03-13 19:05:31.203000;8;101992;1;1;33400.0000;1;None;None;183900.0000
27523;2023-03-13 19:18:35.520000;1;103788;1;1;41800.0000;1;None;None;41800.0000
27523;2023-03-13 19:18:35.520000;6;101535;1;1;0.0000;1;None;None;41800.0000
27523;2023-03-13 19:18:35.520000;7;1344;1;1;0.0000;1;None;None;41800.0000
27524;2023-03-13 19:26:01.800000;8;100954;1;1;41800.0000;1;None;None;79400.0000
27524;2023-03-13 19:26:01.800000;8;109295;1;1;37600.0000;1;None;None;79400.0000
27524;2023-03-13 19:26:01.800000;7;1344;1;1;0.0000;1;None;None;79400.0000
27525;2023-03-13 19:40:18.347000;1;100582;1;1;18900.0000;1;None;None;18900.0000
27525;2023-03-13 19:40:18.347000;7;1349;1;1;0.0000;1;None;None;18900.0000
27525;2023-03-13 19:40:18.347000;7;1349;1;1;0.0000;1;None;None;18900.0000
27525;2023-03-13 19:40:18.347000;7;1346;1;1;0.0000;1;None;None;18900.0000
27525;2023-03-13 19:40:18.347000;7;1346;1;1;0.0000;1;None;None;18900.0000
27525;2023-03-13 19:40:18.347000;7;1350;1;1;0.0000;1;None;None;18900.0000
27525;2023-03-13 19:40:18.347000;7;1350;1;1;0.0000;1;None;None;18900.0000
27526;2023-03-13 19:42:19.567000;1;100850;1;1;24000.0000;1;None;None;48000.0000
27526;2023-03-13 19:42:19.567000;1;100850;1;1;24000.0000;1;None;None;48000.0000
27527;2023-03-13 19:58:21.437000;1;102677;1;1;35500.0000;1;None;None;42000.0000
27527;2023-03-13 19:58:21.437000;7;1000;4;1;0.0000;1;None;None;42000.0000
27527;2023-03-13 19:58:21.437000;1;102238;1;1;2500.0000;1;None;None;42000.0000
27527;2023-03-13 19:58:21.437000;1;102209;1;1;4000.0000;1;None;None;42000.0000
27527;2023-03-13 19:58:21.437000;7;1344;1;1;0.0000;1;None;None;42000.0000
27528;2023-03-13 20:02:44.237000;1;103750;1;1;14500.0000;1;None;None;30100.0000
27528;2023-03-13 20:02:44.237000;1;100857;1;1;15600.0000;1;None;None;30100.0000
27529;2023-03-13 20:06:29.533000;8;103867;1;1;30300.0000;1;None;None;60600.0000
27529;2023-03-13 20:06:29.533000;8;103867;1;1;30300.0000;1;None;None;60600.0000
27530;2023-03-13 20:09:07.377000;1;100857;1;1;15600.0000;1;None;None;58300.0000
27530;2023-03-13 20:09:07.377000;1;103773;1;1;10300.0000;1;None;None;58300.0000
27530;2023-03-13 20:09:07.377000;1;100846;1;1;32400.0000;1;None;None;58300.0000
27530;2023-03-13 20:09:07.377000;7;1344;1;1;0.0000;1;None;None;58300.0000
27531;2023-03-13 20:09:41.643000;1;101212;1;1;27100.0000;1;None;None;27100.0000
