9699;2023-03-11 12:39:42.403000;3;102635;1;1;8800.0000;1;7704.0000;None;83200.0000
9699;2023-03-11 13:03:36.607000;1;103784;1;1;29800.0000;1;7704.0000;None;83200.0000
9699;2023-03-11 13:03:36.607000;7;1028;1;1;0.0000;1;7704.0000;None;83200.0000
9699;2023-03-11 13:03:36.607000;7;1028;1;1;0.0000;1;7704.0000;None;83200.0000
9699;2023-03-11 13:03:36.607000;8;107926;1;1;35800.0000;1;7704.0000;None;83200.0000
9699;2023-03-11 13:03:36.607000;8;107228;1;1;0.0000;1;7704.0000;None;83200.0000
9699;2023-03-11 13:03:36.607000;7;1151;1;1;0.0000;1;7704.0000;None;83200.0000
9699;2023-03-11 13:03:36.607000;7;1152;1;1;0.0000;1;7704.0000;None;83200.0000
9699;2023-03-11 13:03:36.607000;7;1051;1;1;0.0000;1;7704.0000;None;83200.0000
9699;2023-03-11 13:03:36.607000;7;1051;1;1;0.0000;1;7704.0000;None;83200.0000
9699;2023-03-11 13:03:36.607000;6;101061;1;1;0.0000;1;7704.0000;None;83200.0000
9699;2023-03-11 13:25:19.770000;3;102635;1;1;8800.0000;1;7704.0000;None;83200.0000
9703;2023-03-11 14:54:25.033000;3;100606;1;1;6800.0000;1;None;None;6800.0000
9704;2023-03-11 15:39:00.923000;1;103092;1;2;17600.0000;1;None;None;26400.0000
9704;2023-03-11 15:39:00.923000;1;103095;1;1;8800.0000;1;None;None;26400.0000
9704;2023-03-11 15:39:00.923000;7;2034;1;1;0.0000;1;None;None;26400.0000
15077;2023-03-11 09:01:30.203000;1;100853;1;1;28800.0000;1;4926.0000;None;53200.0000
15077;2023-03-11 09:01:30.203000;3;102635;1;1;8800.0000;1;4926.0000;None;53200.0000
15077;2023-03-11 09:12:52.180000;3;201207;1;1;6800.0000;1;4926.0000;None;53200.0000
15077;2023-03-11 09:12:52.180000;3;102635;1;1;8800.0000;1;4926.0000;None;53200.0000
15077;2023-03-11 09:12:52.180000;7;1207;1;1;0.0000;1;4926.0000;None;53200.0000
15078;2023-03-11 09:27:00.380000;1;100853;1;2;57600.0000;1;10444.0000;None;112800.0000
15078;2023-03-11 09:27:00.380000;7;1132;1;2;0.0000;1;10444.0000;None;112800.0000
15078;2023-03-11 09:27:00.380000;1;100855;1;1;28800.0000;1;10444.0000;None;112800.0000
15078;2023-03-11 09:27:00.380000;7;1132;1;1;0.0000;1;10444.0000;None;112800.0000
15078;2023-03-11 09:27:00.380000;3;102635;1;3;26400.0000;1;10444.0000;None;112800.0000
15079;2023-03-11 09:46:10.373000;3;100606;1;1;6800.0000;1;1259.0000;None;13600.0000
15079;2023-03-11 09:46:10.373000;3;100606;1;1;6800.0000;1;1259.0000;None;13600.0000
15080;2023-03-11 09:48:19.990000;3;102644;1;1;6800.0000;1;3204.0000;None;34600.0000
15080;2023-03-11 09:48:19.990000;1;100862;1;1;27800.0000;1;3204.0000;None;34600.0000
15081;2023-03-11 10:02:24.247000;3;100607;1;1;6800.0000;1;7556.0000;None;81600.0000
15081;2023-03-11 10:02:24.247000;7;2028;1;1;0.0000;1;7556.0000;None;81600.0000
15081;2023-03-11 10:02:24.247000;7;2028;1;1;0.0000;1;7556.0000;None;81600.0000
15081;2023-03-11 10:02:24.247000;3;101332;1;1;10800.0000;1;7556.0000;None;81600.0000
15081;2023-03-11 10:02:24.247000;7;2011;1;1;0.0000;1;7556.0000;None;81600.0000
15081;2023-03-11 10:02:24.247000;7;2011;1;1;0.0000;1;7556.0000;None;81600.0000
15081;2023-03-11 10:02:24.247000;3;102635;1;1;8800.0000;1;7556.0000;None;81600.0000
15081;2023-03-11 10:02:24.247000;3;102630;1;1;8800.0000;1;7556.0000;None;81600.0000
15081;2023-03-11 10:03:24.280000;1;104660;1;1;21800.0000;1;7556.0000;None;81600.0000
15081;2023-03-11 10:03:24.280000;1;100591;1;1;11800.0000;1;7556.0000;None;81600.0000
15081;2023-03-11 10:03:24.280000;1;103038;1;1;12800.0000;1;7556.0000;None;81600.0000
15081;2023-03-11 10:03:24.280000;7;1223;1;1;0.0000;1;7556.0000;None;81600.0000
15081;2023-03-11 10:03:24.280000;7;1223;1;1;0.0000;1;7556.0000;None;81600.0000
15082;2023-03-11 10:11:49.170000;3;201146;1;1;6800.0000;1;10074.0000;None;108800.0000
15082;2023-03-11 10:11:49.170000;7;2050;1;1;0.0000;1;10074.0000;None;108800.0000
15082;2023-03-11 10:11:49.170000;1;103365;1;2;19600.0000;1;10074.0000;None;108800.0000
15082;2023-03-11 10:12:39.057000;1;102554;1;1;9800.0000;1;10074.0000;None;108800.0000
15082;2023-03-11 10:12:39.057000;7;1135;1;1;0.0000;1;10074.0000;None;108800.0000
15082;2023-03-11 10:12:39.057000;1;102554;1;1;9800.0000;1;10074.0000;None;108800.0000
15082;2023-03-11 10:12:39.057000;7;1135;1;1;0.0000;1;10074.0000;None;108800.0000
15082;2023-03-11 10:12:39.057000;1;104698;1;2;3200.0000;1;10074.0000;None;108800.0000
15082;2023-03-11 10:12:39.057000;3;102619;1;1;7800.0000;1;10074.0000;None;108800.0000
15082;2023-03-11 10:12:39.057000;3;102635;1;1;8800.0000;1;10074.0000;None;108800.0000
15082;2023-03-11 10:12:39.057000;1;104747;1;2;15600.0000;1;10074.0000;None;108800.0000
15082;2023-03-11 10:18:08.987000;1;103999;1;1;9800.0000;1;10074.0000;None;108800.0000
15082;2023-03-11 10:18:08.987000;1;101114;1;1;12800.0000;1;10074.0000;None;108800.0000
15082;2023-03-11 10:18:08.987000;7;1135;1;1;0.0000;1;10074.0000;None;108800.0000
15082;2023-03-11 10:25:50.277000;3;103904;1;1;4800.0000;1;10074.0000;None;108800.0000
15083;2023-03-11 10:13:40.930000;1;101666;1;1;20800.0000;1;2463.0000;None;26600.0000
15083;2023-03-11 10:13:40.930000;7;1049;1;1;0.0000;1;2463.0000;None;26600.0000
15083;2023-03-11 10:13:40.930000;7;1135;1;1;0.0000;1;2463.0000;None;26600.0000
15083;2023-03-11 10:13:40.930000;3;100614;1;1;5800.0000;1;2463.0000;None;26600.0000
15085;2023-03-11 10:26:39.333000;3;100614;1;1;5800.0000;1;None;None;28400.0000
15085;2023-03-11 10:26:39.333000;7;2034;1;1;0.0000;1;None;None;28400.0000
15085;2023-03-11 10:26:39.333000;7;2011;1;1;0.0000;1;None;None;28400.0000
15085;2023-03-11 10:26:39.333000;3;102630;1;1;8800.0000;1;None;None;28400.0000
15085;2023-03-11 10:26:39.333000;7;2034;1;1;0.0000;1;None;None;28400.0000
15085;2023-03-11 10:26:39.333000;1;103641;1;1;13800.0000;1;None;None;28400.0000
15085;2023-03-11 10:26:39.333000;7;1157;1;1;0.0000;1;None;None;28400.0000
15085;2023-03-11 10:26:39.333000;7;1223;1;1;0.0000;1;None;None;28400.0000
15085;2023-03-11 10:26:39.333000;7;1223;1;1;0.0000;1;None;None;28400.0000
15086;2023-03-11 10:31:39.867000;1;100995;1;1;10800.0000;1;2444.0000;None;26400.0000
15086;2023-03-11 10:31:39.867000;7;1223;1;1;0.0000;1;2444.0000;None;26400.0000
15086;2023-03-11 10:31:39.867000;7;1223;1;1;0.0000;1;2444.0000;None;26400.0000
15086;2023-03-11 10:31:39.867000;3;105025;1;1;10800.0000;1;2444.0000;None;26400.0000
15086;2023-03-11 10:31:39.867000;7;1207;1;1;0.0000;1;2444.0000;None;26400.0000
15086;2023-03-11 10:31:39.867000;7;2011;1;1;0.0000;1;2444.0000;None;26400.0000
15086;2023-03-11 10:31:39.867000;3;104554;1;1;4800.0000;1;2444.0000;None;26400.0000
15086;2023-03-11 10:31:39.867000;7;2011;1;1;0.0000;1;2444.0000;None;26400.0000
15087;2023-03-11 10:36:17.147000;3;100614;1;1;5800.0000;1;537.0000;None;5800.0000
15088;2023-03-11 10:43:24.083000;3;100607;1;1;6800.0000;1;3324.0000;None;35900.0000
15088;2023-03-11 10:43:24.083000;7;2009;1;1;0.0000;1;3324.0000;None;35900.0000
15088;2023-03-11 10:43:24.083000;1;101666;1;1;20800.0000;1;3324.0000;None;35900.0000
15088;2023-03-11 10:43:24.083000;7;1049;1;1;0.0000;1;3324.0000;None;35900.0000
15088;2023-03-11 10:43:24.083000;1;104717;1;1;1500.0000;1;3324.0000;None;35900.0000
15088;2023-03-11 10:43:24.083000;7;1196;1;1;0.0000;1;3324.0000;None;35900.0000
15088;2023-03-11 10:43:24.083000;7;1135;1;1;0.0000;1;3324.0000;None;35900.0000
15088;2023-03-11 10:56:17.470000;3;100607;1;1;6800.0000;1;3324.0000;None;35900.0000
15088;2023-03-11 10:56:17.470000;7;2009;1;1;0.0000;1;3324.0000;None;35900.0000
15089;2023-03-11 11:03:58.037000;1;103365;1;1;9800.0000;1;6685.0000;None;72200.0000
15089;2023-03-11 11:03:58.037000;1;102567;1;1;14800.0000;1;6685.0000;None;72200.0000
15089;2023-03-11 11:03:58.037000;7;1155;1;1;0.0000;1;6685.0000;None;72200.0000
15089;2023-03-11 11:03:58.037000;1;104708;1;1;6800.0000;1;6685.0000;None;72200.0000
15089;2023-03-11 11:03:58.037000;7;1135;1;1;0.0000;1;6685.0000;None;72200.0000
15089;2023-03-11 11:03:58.037000;3;100606;1;1;6800.0000;1;6685.0000;None;72200.0000
15089;2023-03-11 11:03:58.037000;3;100606;1;1;6800.0000;1;6685.0000;None;72200.0000
15089;2023-03-11 11:03:58.037000;1;100590;1;1;5800.0000;1;6685.0000;None;72200.0000
15089;2023-03-11 11:03:58.037000;3;102635;1;1;8800.0000;1;6685.0000;None;72200.0000
15089;2023-03-11 11:19:36.337000;1;100590;1;1;5800.0000;1;6685.0000;None;72200.0000
15089;2023-03-11 11:25:51.817000;3;100606;1;1;6800.0000;1;6685.0000;None;72200.0000
15090;2023-03-11 11:43:57.903000;3;102102;1;1;9800.0000;1;None;None;9800.0000
15091;2023-03-11 11:48:46.153000;1;102228;1;1;8800.0000;1;3778.0000;None;40800.0000
15091;2023-03-11 11:48:46.153000;1;102228;1;1;8800.0000;1;3778.0000;None;40800.0000
15091;2023-03-11 11:48:46.153000;3;100614;1;1;5800.0000;1;3778.0000;None;40800.0000
15091;2023-03-11 11:48:46.153000;3;100614;1;1;5800.0000;1;3778.0000;None;40800.0000
15091;2023-03-11 12:20:29.357000;3;100614;1;1;5800.0000;1;3778.0000;None;40800.0000
15091;2023-03-11 12:20:29.357000;3;100614;1;1;5800.0000;1;3778.0000;None;40800.0000
15092;2023-03-11 12:02:20.107000;3;100614;1;1;5800.0000;1;1167.0000;None;12600.0000
15092;2023-03-11 12:02:20.107000;3;201146;1;1;6800.0000;1;1167.0000;None;12600.0000
15092;2023-03-11 12:02:20.107000;7;1207;1;1;0.0000;1;1167.0000;None;12600.0000
15093;2023-03-11 12:07:32.740000;3;103904;1;1;4800.0000;1;1074.0000;None;11600.0000
15093;2023-03-11 12:07:32.740000;3;100606;1;1;6800.0000;1;1074.0000;None;11600.0000
15094;2023-03-11 12:35:03.917000;1;102498;1;1;34800.0000;1;None;None;42300.0000
15094;2023-03-11 12:35:03.917000;6;103488;1;1;0.0000;1;None;None;42300.0000
15094;2023-03-11 12:35:03.917000;7;1205;1;1;0.0000;1;None;None;42300.0000
15094;2023-03-11 12:35:03.917000;7;1135;1;1;0.0000;1;None;None;42300.0000
15094;2023-03-11 12:35:03.917000;1;106043;1;1;7500.0000;1;None;None;42300.0000
15094;2023-03-11 12:35:03.917000;7;1207;1;1;0.0000;1;None;None;42300.0000
15095;2023-03-11 12:56:24.567000;1;103771;1;1;12800.0000;1;6685.0000;None;72200.0000
15095;2023-03-11 12:56:24.567000;7;1135;1;1;0.0000;1;6685.0000;None;72200.0000
15095;2023-03-11 12:56:24.567000;7;1001;1;1;0.0000;1;6685.0000;None;72200.0000
15095;2023-03-11 12:56:24.567000;7;1001;1;1;0.0000;1;6685.0000;None;72200.0000
15095;2023-03-11 12:56:24.567000;1;103515;1;1;44800.0000;1;6685.0000;None;72200.0000
15095;2023-03-11 12:56:24.567000;3;102630;1;1;8800.0000;1;6685.0000;None;72200.0000
15095;2023-03-11 13:22:17.847000;3;100614;1;1;5800.0000;1;6685.0000;None;72200.0000
15095;2023-03-11 13:22:17.847000;7;2034;1;1;0.0000;1;6685.0000;None;72200.0000
15096;2023-03-11 13:07:28.667000;1;102952;1;1;22800.0000;1;4917.0000;None;53100.0000
15096;2023-03-11 13:07:28.667000;6;101061;1;1;0.0000;1;4917.0000;None;53100.0000
15096;2023-03-11 13:07:28.667000;3;102635;1;1;8800.0000;1;4917.0000;None;53100.0000
15096;2023-03-11 14:02:10.227000;1;102906;1;1;5200.0000;1;4917.0000;None;53100.0000
15096;2023-03-11 14:02:10.227000;1;104551;1;1;8800.0000;1;4917.0000;None;53100.0000
15096;2023-03-11 14:02:10.227000;7;1207;1;1;0.0000;1;4917.0000;None;53100.0000
15096;2023-03-11 14:02:10.227000;1;106043;1;1;7500.0000;1;4917.0000;None;53100.0000
15096;2023-03-11 14:02:10.227000;10;700095;1;1;13400.0000;1;4917.0000;None;53100.0000
15096;2023-03-11 14:10:04.490000;10;700095;1;-1;-13400.0000;1;4917.0000;None;53100.0000
15096;2023-03-11 14:10:04.490000;7;1135;1;-1;0.0000;1;4917.0000;None;53100.0000
15097;2023-03-11 13:11:07.387000;1;102676;1;1;30800.0000;1;10593.0000;None;114400.0000
15097;2023-03-11 13:11:07.387000;1;102676;1;1;30800.0000;1;10593.0000;None;114400.0000
15097;2023-03-11 13:11:07.387000;6;101061;1;1;0.0000;1;10593.0000;None;114400.0000
15097;2023-03-11 13:11:07.387000;3;102635;1;1;8800.0000;1;10593.0000;None;114400.0000
15097;2023-03-11 13:11:07.387000;3;201207;1;1;6800.0000;1;10593.0000;None;114400.0000
15097;2023-03-11 13:11:07.387000;3;201207;1;1;6800.0000;1;10593.0000;None;114400.0000
15097;2023-03-11 13:11:07.387000;6;101641;1;1;0.0000;1;10593.0000;None;114400.0000
15097;2023-03-11 13:11:07.387000;6;101641;1;1;0.0000;1;10593.0000;None;114400.0000
15097;2023-03-11 13:38:04.147000;1;101114;1;1;12800.0000;1;10593.0000;None;114400.0000
15097;2023-03-11 13:41:34.060000;3;201207;1;1;6800.0000;1;10593.0000;None;114400.0000
15097;2023-03-11 13:41:34.060000;3;105025;1;1;10800.0000;1;10593.0000;None;114400.0000
15097;2023-03-11 13:41:34.060000;7;1207;1;1;0.0000;1;10593.0000;None;114400.0000
15098;2023-03-11 13:15:09.380000;1;103773;1;1;9800.0000;1;14093.0000;None;152200.0000
15098;2023-03-11 13:15:09.380000;1;104727;1;1;69800.0000;1;14093.0000;None;152200.0000
15098;2023-03-11 13:15:09.380000;1;104719;1;1;39800.0000;1;14093.0000;None;152200.0000
15098;2023-03-11 13:15:09.380000;3;102747;1;2;9600.0000;1;14093.0000;None;152200.0000
15098;2023-03-11 13:15:09.380000;6;101061;1;1;0.0000;1;14093.0000;None;152200.0000
15098;2023-03-11 13:21:25.043000;3;104554;1;1;4800.0000;1;14093.0000;None;152200.0000
15098;2023-03-11 13:21:25.043000;7;1207;1;1;0.0000;1;14093.0000;None;152200.0000
15098;2023-03-11 14:11:43.777000;3;100606;1;1;6800.0000;1;14093.0000;None;152200.0000
15098;2023-03-11 14:11:43.777000;3;100614;1;2;11600.0000;1;14093.0000;None;152200.0000
15099;2023-03-11 13:16:23.050000;1;101244;1;1;29800.0000;1;17148.0000;None;185200.0000
15099;2023-03-11 13:16:23.050000;1;102163;1;1;4800.0000;1;17148.0000;None;185200.0000
15099;2023-03-11 13:16:23.050000;1;104727;1;1;69800.0000;1;17148.0000;None;185200.0000
15099;2023-03-11 13:16:23.050000;1;103955;1;1;41800.0000;1;17148.0000;None;185200.0000
15099;2023-03-11 13:16:23.050000;1;102228;1;1;8800.0000;1;17148.0000;None;185200.0000
15099;2023-03-11 13:16:23.050000;3;201207;1;1;6800.0000;1;17148.0000;None;185200.0000
15099;2023-03-11 13:16:23.050000;3;102635;1;1;8800.0000;1;17148.0000;None;185200.0000
15099;2023-03-11 13:16:23.050000;3;102635;1;1;8800.0000;1;17148.0000;None;185200.0000
15099;2023-03-11 14:14:16.823000;3;100614;1;1;5800.0000;1;17148.0000;None;185200.0000
15100;2023-03-11 13:47:09.533000;8;107225;1;1;30800.0000;1;10426.0000;None;112600.0000
15100;2023-03-11 13:47:09.533000;8;107228;1;1;0.0000;1;10426.0000;None;112600.0000
15100;2023-03-11 13:47:09.533000;7;1151;1;1;0.0000;1;10426.0000;None;112600.0000
15100;2023-03-11 13:47:09.533000;7;1152;1;1;0.0000;1;10426.0000;None;112600.0000
15100;2023-03-11 13:47:09.533000;7;1051;1;1;0.0000;1;10426.0000;None;112600.0000
15100;2023-03-11 13:47:09.533000;7;1051;1;1;0.0000;1;10426.0000;None;112600.0000
15100;2023-03-11 13:47:09.533000;7;1213;1;1;0.0000;1;10426.0000;None;112600.0000
15100;2023-03-11 13:47:09.533000;1;104293;1;1;44800.0000;1;10426.0000;None;112600.0000
15100;2023-03-11 13:47:09.533000;1;101522;1;1;0.0000;1;10426.0000;None;112600.0000
15100;2023-03-11 13:47:09.533000;7;1006;1;1;0.0000;1;10426.0000;None;112600.0000
15100;2023-03-11 13:47:09.533000;7;1028;1;1;0.0000;1;10426.0000;None;112600.0000
15100;2023-03-11 13:47:09.533000;7;1028;1;1;0.0000;1;10426.0000;None;112600.0000
15100;2023-03-11 13:47:09.533000;1;102228;1;1;8800.0000;1;10426.0000;None;112600.0000
15100;2023-03-11 13:47:09.533000;3;102635;1;1;8800.0000;1;10426.0000;None;112600.0000
15100;2023-03-11 13:47:09.533000;3;200644;1;1;6800.0000;1;10426.0000;None;112600.0000
15100;2023-03-11 13:47:09.533000;3;108191;1;1;0.0000;1;10426.0000;None;112600.0000
15100;2023-03-11 13:47:09.533000;6;101061;1;1;0.0000;1;10426.0000;None;112600.0000
15100;2023-03-11 14:21:10.737000;3;100607;1;1;6800.0000;1;10426.0000;None;112600.0000
15100;2023-03-11 14:21:10.737000;3;100614;1;1;5800.0000;1;10426.0000;None;112600.0000
15101;2023-03-11 13:51:52.667000;1;100844;1;1;28800.0000;1;6593.0000;None;71200.0000
15101;2023-03-11 13:51:52.667000;1;100855;1;1;28800.0000;1;6593.0000;None;71200.0000
15101;2023-03-11 13:51:52.667000;6;101061;1;1;0.0000;1;6593.0000;None;71200.0000
15101;2023-03-11 13:51:52.667000;3;201237;1;1;6800.0000;1;6593.0000;None;71200.0000
15101;2023-03-11 13:51:52.667000;6;101641;1;1;0.0000;1;6593.0000;None;71200.0000
15101;2023-03-11 13:51:52.667000;3;201207;1;1;6800.0000;1;6593.0000;None;71200.0000
15102;2023-03-11 13:55:55.687000;1;102672;1;1;33800.0000;1;17870.0000;None;193000.0000
15102;2023-03-11 13:55:55.687000;1;102672;1;1;33800.0000;1;17870.0000;None;193000.0000
15102;2023-03-11 13:55:55.687000;1;100847;1;1;26800.0000;1;17870.0000;None;193000.0000
15102;2023-03-11 13:55:55.687000;1;102227;1;1;1000.0000;1;17870.0000;None;193000.0000
15102;2023-03-11 13:55:55.687000;1;102227;1;1;1000.0000;1;17870.0000;None;193000.0000
15102;2023-03-11 13:55:55.687000;1;102227;1;1;1000.0000;1;17870.0000;None;193000.0000
15102;2023-03-11 13:55:55.687000;1;102903;1;1;36800.0000;1;17870.0000;None;193000.0000
15102;2023-03-11 13:55:55.687000;6;104683;1;1;0.0000;1;17870.0000;None;193000.0000
15102;2023-03-11 13:55:55.687000;7;1006;1;1;0.0000;1;17870.0000;None;193000.0000
15102;2023-03-11 13:55:55.687000;1;100855;1;1;28800.0000;1;17870.0000;None;193000.0000
15102;2023-03-11 13:55:55.687000;6;101061;1;1;0.0000;1;17870.0000;None;193000.0000
15102;2023-03-11 13:55:55.687000;6;101061;1;1;0.0000;1;17870.0000;None;193000.0000
15102;2023-03-11 13:55:55.687000;3;200644;1;1;6800.0000;1;17870.0000;None;193000.0000
15102;2023-03-11 13:55:55.687000;3;200644;1;1;6800.0000;1;17870.0000;None;193000.0000
15102;2023-03-11 13:55:55.687000;6;101641;1;1;0.0000;1;17870.0000;None;193000.0000
15102;2023-03-11 13:55:55.687000;6;101641;1;1;0.0000;1;17870.0000;None;193000.0000
15102;2023-03-11 13:55:55.687000;3;201237;1;1;6800.0000;1;17870.0000;None;193000.0000
15102;2023-03-11 13:55:55.687000;7;1207;1;1;0.0000;1;17870.0000;None;193000.0000
15102;2023-03-11 14:04:14.847000;3;102747;1;2;9600.0000;1;17870.0000;None;193000.0000
15103;2023-03-11 13:58:46.957000;1;102042;1;1;37800.0000;1;3500.0000;None;37800.0000
15103;2023-03-11 13:58:46.957000;7;1135;1;1;0.0000;1;3500.0000;None;37800.0000
15103;2023-03-11 13:58:46.957000;6;101061;1;1;0.0000;1;3500.0000;None;37800.0000
15104;2023-03-11 14:00:20.560000;1;103771;1;1;12800.0000;1;3593.0000;None;38800.0000
15104;2023-03-11 14:00:20.560000;7;1027;1;1;0.0000;1;3593.0000;None;38800.0000
15104;2023-03-11 14:00:20.560000;1;104698;1;1;1600.0000;1;3593.0000;None;38800.0000
15104;2023-03-11 14:12:36.457000;3;102623;1;2;13600.0000;1;3593.0000;None;38800.0000
15104;2023-03-11 14:12:36.457000;1;103773;1;1;9800.0000;1;3593.0000;None;38800.0000
15104;2023-03-11 14:15:19.113000;3;102644;1;1;6800.0000;1;3593.0000;None;38800.0000
15104;2023-03-11 14:15:19.113000;3;102619;1;1;7800.0000;1;3593.0000;None;38800.0000
15104;2023-03-11 14:15:19.113000;7;1207;1;1;0.0000;1;3593.0000;None;38800.0000
15104;2023-03-11 14:41:06.787000;3;102623;1;-2;-13600.0000;1;3593.0000;None;38800.0000
15105;2023-03-11 14:04:43.023000;8;102691;1;1;25800.0000;1;10093.0000;None;109000.0000
15105;2023-03-11 14:05:00.010000;1;105021;1;1;29800.0000;1;10093.0000;None;109000.0000
15105;2023-03-11 14:05:00.010000;1;104719;1;1;39800.0000;1;10093.0000;None;109000.0000
15105;2023-03-11 14:05:00.010000;1;101522;1;1;0.0000;1;10093.0000;None;109000.0000
15105;2023-03-11 14:05:00.010000;3;201207;1;1;6800.0000;1;10093.0000;None;109000.0000
15105;2023-03-11 14:05:00.010000;3;201269;1;1;6800.0000;1;10093.0000;None;109000.0000
15105;2023-03-11 14:05:00.010000;3;108191;1;1;0.0000;1;10093.0000;None;109000.0000
15105;2023-03-11 14:05:00.010000;6;101061;1;1;0.0000;1;10093.0000;None;109000.0000
15107;2023-03-11 14:05:47.930000;1;103773;1;1;9800.0000;1;13704.0000;None;148000.0000
15107;2023-03-11 14:05:47.930000;7;1001;1;1;0.0000;1;13704.0000;None;148000.0000
15107;2023-03-11 14:05:47.930000;1;103842;1;1;26800.0000;1;13704.0000;None;148000.0000
15107;2023-03-11 14:05:47.930000;7;1028;1;1;0.0000;1;13704.0000;None;148000.0000
15107;2023-03-11 14:05:47.930000;7;1028;1;1;0.0000;1;13704.0000;None;148000.0000
15107;2023-03-11 14:05:47.930000;8;103028;1;1;37800.0000;1;13704.0000;None;148000.0000
15107;2023-03-11 14:05:47.930000;7;1151;1;1;0.0000;1;13704.0000;None;148000.0000
15107;2023-03-11 14:05:47.930000;7;1152;1;1;0.0000;1;13704.0000;None;148000.0000
15107;2023-03-11 14:05:47.930000;7;1164;1;2;0.0000;1;13704.0000;None;148000.0000
15107;2023-03-11 14:05:47.930000;7;1208;1;1;0.0000;1;13704.0000;None;148000.0000
15107;2023-03-11 14:05:47.930000;3;102635;1;1;8800.0000;1;13704.0000;None;148000.0000
15107;2023-03-11 14:05:47.930000;6;101061;1;1;0.0000;1;13704.0000;None;148000.0000
15107;2023-03-11 14:46:13.053000;1;103642;1;1;25800.0000;1;13704.0000;None;148000.0000
15107;2023-03-11 14:46:13.053000;3;200644;1;1;6800.0000;1;13704.0000;None;148000.0000
15107;2023-03-11 14:46:13.053000;6;101641;1;2;0.0000;1;13704.0000;None;148000.0000
15107;2023-03-11 14:46:13.053000;7;2040;1;2;0.0000;1;13704.0000;None;148000.0000
15107;2023-03-11 14:51:30.907000;1;104275;1;1;8800.0000;1;13704.0000;None;148000.0000
15107;2023-03-11 14:51:30.907000;1;104958;1;1;8800.0000;1;13704.0000;None;148000.0000
15107;2023-03-11 15:02:25.563000;1;104275;1;1;8800.0000;1;13704.0000;None;148000.0000
15107;2023-03-11 15:02:25.563000;3;100614;1;1;5800.0000;1;13704.0000;None;148000.0000
15108;2023-03-11 14:06:39.587000;1;103772;1;1;17800.0000;1;None;None;163600.0000
15108;2023-03-11 14:06:39.587000;7;1001;1;1;0.0000;1;None;None;163600.0000
15108;2023-03-11 14:06:39.587000;1;105188;1;1;31800.0000;1;None;None;163600.0000
15108;2023-03-11 14:06:39.587000;1;103651;1;1;43800.0000;1;None;None;163600.0000
15108;2023-03-11 14:06:39.587000;7;1135;1;1;0.0000;1;None;None;163600.0000
15108;2023-03-11 14:06:39.587000;1;103651;1;1;43800.0000;1;None;None;163600.0000
15108;2023-03-11 14:06:39.587000;7;1135;1;1;0.0000;1;None;None;163600.0000
15108;2023-03-11 14:06:39.587000;3;102635;1;3;26400.0000;1;None;None;163600.0000
15108;2023-03-11 14:06:39.587000;6;101061;1;1;0.0000;1;None;None;163600.0000
15109;2023-03-11 14:16:04.177000;1;103340;1;1;30800.0000;1;3296.0000;None;35600.0000
15109;2023-03-11 14:16:04.177000;1;101522;1;1;0.0000;1;3296.0000;None;35600.0000
15109;2023-03-11 14:16:04.177000;3;102747;1;1;4800.0000;1;3296.0000;None;35600.0000
15110;2023-03-11 14:18:51.067000;6;101061;1;1;0.0000;1;5056.0000;None;54600.0000
15110;2023-03-11 14:18:51.067000;1;108796;1;1;49800.0000;1;5056.0000;None;54600.0000
15110;2023-03-11 14:18:51.067000;7;1006;1;1;0.0000;1;5056.0000;None;54600.0000
15110;2023-03-11 14:19:50.587000;3;102747;1;1;4800.0000;1;5056.0000;None;54600.0000
15110;2023-03-11 14:19:50.587000;7;2042;1;1;0.0000;1;5056.0000;None;54600.0000
15110;2023-03-11 14:19:50.587000;7;2072;1;1;0.0000;1;5056.0000;None;54600.0000
15111;2023-03-11 14:23:40.667000;1;102904;1;1;39800.0000;1;7815.0000;None;84400.0000
15111;2023-03-11 14:23:40.667000;7;1002;1;1;0.0000;1;7815.0000;None;84400.0000
15111;2023-03-11 14:23:40.667000;6;101061;1;1;0.0000;1;7815.0000;None;84400.0000
15111;2023-03-11 14:23:40.667000;3;201207;1;1;6800.0000;1;7815.0000;None;84400.0000
15111;2023-03-11 14:23:40.667000;7;2045;1;1;0.0000;1;7815.0000;None;84400.0000
15111;2023-03-11 14:27:24.027000;1;102491;1;1;37800.0000;1;7815.0000;None;84400.0000
15111;2023-03-11 14:27:24.027000;7;1002;1;1;0.0000;1;7815.0000;None;84400.0000
15111;2023-03-11 14:27:24.027000;7;1135;1;1;0.0000;1;7815.0000;None;84400.0000
15112;2023-03-11 14:26:00.967000;3;102635;1;2;17600.0000;1;1630.0000;None;17600.0000
15113;2023-03-11 14:32:36.767000;6;101061;1;1;0.0000;1;12759.0000;None;137800.0000
15113;2023-03-11 14:32:36.767000;3;201207;1;1;6800.0000;1;12759.0000;None;137800.0000
15113;2023-03-11 14:32:36.767000;3;201237;1;2;13600.0000;1;12759.0000;None;137800.0000
15113;2023-03-11 14:32:36.767000;1;100846;1;1;30800.0000;1;12759.0000;None;137800.0000
15113;2023-03-11 14:32:36.767000;1;102678;1;1;36800.0000;1;12759.0000;None;137800.0000
15113;2023-03-11 15:06:18.197000;1;108796;1;1;49800.0000;1;12759.0000;None;137800.0000
15113;2023-03-11 15:06:18.197000;7;1006;1;1;0.0000;1;12759.0000;None;137800.0000
15114;2023-03-11 14:33:10.007000;6;101061;1;1;0.0000;1;4176.0000;None;45100.0000
15114;2023-03-11 14:33:10.007000;1;102678;1;1;36800.0000;1;4176.0000;None;45100.0000
15114;2023-03-11 14:33:10.007000;1;102286;1;1;1500.0000;1;4176.0000;None;45100.0000
15114;2023-03-11 14:33:10.007000;3;201237;1;1;6800.0000;1;4176.0000;None;45100.0000
15114;2023-03-11 14:36:09.093000;6;101061;1;1;0.0000;1;4176.0000;None;45100.0000
15114;2023-03-11 14:36:09.093000;7;1135;1;1;0.0000;1;4176.0000;None;45100.0000
15115;2023-03-11 14:48:48.780000;1;102670;1;1;35800.0000;1;7704.0000;None;83200.0000
15115;2023-03-11 14:48:48.780000;1;100845;1;1;28800.0000;1;7704.0000;None;83200.0000
15115;2023-03-11 14:48:48.780000;6;101061;1;1;0.0000;1;7704.0000;None;83200.0000
15115;2023-03-11 14:50:53.423000;3;102635;1;1;8800.0000;1;7704.0000;None;83200.0000
15115;2023-03-11 14:58:50.107000;2;101678;1;1;20800.0000;1;7704.0000;None;83200.0000
15115;2023-03-11 15:15:09.603000;2;101678;1;-1;-20800.0000;1;7704.0000;None;83200.0000
15115;2023-03-11 13:58:46.957000;3;102637;1;1;9800.0000;1;7704.0000;None;83200.0000
15117;2023-03-11 14:57:49.133000;1;103759;1;1;10800.0000;1;14389.0000;None;155400.0000
15117;2023-03-11 14:57:49.133000;1;102003;1;2;9600.0000;1;14389.0000;None;155400.0000
15117;2023-03-11 14:57:49.133000;7;1001;1;1;0.0000;1;14389.0000;None;155400.0000
15117;2023-03-11 14:57:49.133000;2;101679;1;1;19800.0000;1;14389.0000;None;155400.0000
15117;2023-03-11 15:01:38.610000;1;102492;1;1;44800.0000;1;14389.0000;None;155400.0000
15117;2023-03-11 15:01:38.610000;7;1205;1;1;0.0000;1;14389.0000;None;155400.0000
15117;2023-03-11 15:01:38.610000;7;1135;1;1;0.0000;1;14389.0000;None;155400.0000
15117;2023-03-11 15:01:38.610000;1;105021;1;1;29800.0000;1;14389.0000;None;155400.0000
15117;2023-03-11 15:12:54.710000;2;201184;1;1;10800.0000;1;14389.0000;None;155400.0000
15117;2023-03-11 15:17:21.853000;1;105021;1;1;29800.0000;1;14389.0000;None;155400.0000
15117;2023-03-11 15:17:21.853000;7;1157;1;1;0.0000;1;14389.0000;None;155400.0000
15117;2023-03-11 14:48:48.780000;3;102623;1;1;6800.0000;1;14389.0000;None;155400.0000
15117;2023-03-11 14:48:48.780000;7;1207;1;1;0.0000;1;14389.0000;None;155400.0000
15117;2023-03-11 15:31:37.800000;3;102623;1;-1;-6800.0000;1;14389.0000;None;155400.0000
15117;2023-03-11 15:31:37.800000;7;1207;1;-1;0.0000;1;14389.0000;None;155400.0000
15118;2023-03-11 15:05:47.320000;1;101961;1;1;67800.0000;1;11130.0000;None;120200.0000
15118;2023-03-11 15:05:47.320000;7;1002;1;1;0.0000;1;11130.0000;None;120200.0000
15118;2023-03-11 15:05:47.320000;1;101520;1;1;0.0000;1;11130.0000;None;120200.0000
15118;2023-03-11 15:05:47.320000;6;101061;1;1;0.0000;1;11130.0000;None;120200.0000
15118;2023-03-11 15:05:47.320000;2;101680;1;1;19800.0000;1;11130.0000;None;120200.0000
15118;2023-03-11 15:05:47.320000;2;101680;1;1;19800.0000;1;11130.0000;None;120200.0000
15118;2023-03-11 15:05:47.320000;3;200007;1;1;12800.0000;1;11130.0000;None;120200.0000
25882;2023-03-11 08:35:14.030000;1;100625;1;1;8800.0000;1;7759.0000;None;83800.0000
25882;2023-03-11 08:35:14.063000;3;102635;1;1;8800.0000;1;7759.0000;None;83800.0000
25882;2023-03-11 08:38:27.670000;1;100851;1;1;23800.0000;1;7759.0000;None;83800.0000
25882;2023-03-11 08:38:27.670000;7;1132;1;1;0.0000;1;7759.0000;None;83800.0000
25882;2023-03-11 08:38:27.670000;3;101332;1;1;10800.0000;1;7759.0000;None;83800.0000
25882;2023-03-11 09:01:52.910000;3;102635;1;1;8800.0000;1;7759.0000;None;83800.0000
25882;2023-03-11 09:14:15.727000;1;100850;1;1;22800.0000;1;7759.0000;None;83800.0000
25882;2023-03-11 09:14:15.727000;7;1135;1;1;0.0000;1;7759.0000;None;83800.0000
25882;2023-03-11 09:14:15.727000;7;1135;1;1;0.0000;1;7759.0000;None;83800.0000
25883;2023-03-11 08:38:07.280000;1;103365;1;1;9800.0000;1;3463.0000;None;37400.0000
25883;2023-03-11 08:38:52.317000;1;108351;1;1;21800.0000;1;3463.0000;None;37400.0000
25883;2023-03-11 08:38:52.317000;7;1132;1;1;0.0000;1;3463.0000;None;37400.0000
25883;2023-03-11 08:38:52.317000;7;1223;1;1;0.0000;1;3463.0000;None;37400.0000
25883;2023-03-11 08:38:52.317000;7;1223;1;1;0.0000;1;3463.0000;None;37400.0000
25883;2023-03-11 08:38:52.317000;3;100614;1;1;5800.0000;1;3463.0000;None;37400.0000
25883;2023-03-11 08:38:52.317000;7;2028;1;1;0.0000;1;3463.0000;None;37400.0000
25883;2023-03-11 08:38:52.317000;7;2011;1;1;0.0000;1;3463.0000;None;37400.0000
25884;2023-03-11 08:42:54.383000;1;103030;1;1;14800.0000;1;3685.0000;None;39800.0000
25884;2023-03-11 08:42:54.383000;1;102561;1;1;9800.0000;1;3685.0000;None;39800.0000
25884;2023-03-11 08:42:54.383000;7;1135;1;1;0.0000;1;3685.0000;None;39800.0000
25884;2023-03-11 08:42:54.400000;1;104698;1;1;1600.0000;1;3685.0000;None;39800.0000
25884;2023-03-11 08:42:54.400000;3;100606;1;1;6800.0000;1;3685.0000;None;39800.0000
25884;2023-03-11 08:42:54.400000;3;100606;1;1;6800.0000;1;3685.0000;None;39800.0000
25885;2023-03-11 08:47:41.557000;3;102619;1;1;7800.0000;1;5815.0000;None;62800.0000
25885;2023-03-11 08:47:41.557000;3;100606;1;1;6800.0000;1;5815.0000;None;62800.0000
25885;2023-03-11 09:07:11.890000;1;105165;1;1;7800.0000;1;5815.0000;None;62800.0000
25885;2023-03-11 09:07:11.890000;1;108351;1;1;21800.0000;1;5815.0000;None;62800.0000
25885;2023-03-11 09:07:11.890000;7;1132;1;1;0.0000;1;5815.0000;None;62800.0000
25885;2023-03-11 09:07:11.890000;1;103032;1;1;9800.0000;1;5815.0000;None;62800.0000
25885;2023-03-11 09:36:42.493000;3;102635;1;1;8800.0000;1;5815.0000;None;62800.0000
25886;2023-03-11 08:53:00.870000;1;103086;1;1;6000.0000;1;None;None;7800.0000
25886;2023-03-11 08:53:00.870000;7;2034;1;1;0.0000;1;None;None;7800.0000
25886;2023-03-11 08:53:44.140000;1;102206;1;1;800.0000;1;None;None;7800.0000
25886;2023-03-11 08:53:44.140000;1;102212;1;1;1000.0000;1;None;None;7800.0000
25887;2023-03-11 09:08:01.407000;1;101666;1;1;20800.0000;1;5000.0000;None;54000.0000
25887;2023-03-11 09:08:01.407000;7;1155;1;1;0.0000;1;5000.0000;None;54000.0000
25887;2023-03-11 09:08:01.407000;7;1135;1;1;0.0000;1;5000.0000;None;54000.0000
25887;2023-03-11 09:08:01.407000;1;103038;1;1;12800.0000;1;5000.0000;None;54000.0000
25887;2023-03-11 09:08:01.407000;3;100606;1;1;6800.0000;1;5000.0000;None;54000.0000
25887;2023-03-11 09:08:01.407000;3;100606;1;1;6800.0000;1;5000.0000;None;54000.0000
25887;2023-03-11 09:08:01.407000;1;108269;1;1;6800.0000;1;5000.0000;None;54000.0000
25888;2023-03-11 09:10:59.210000;1;103367;1;1;11800.0000;1;9815.0000;None;106000.0000
25888;2023-03-11 09:10:59.210000;7;1207;1;1;0.0000;1;9815.0000;None;106000.0000
25888;2023-03-11 09:10:59.210000;1;102561;1;1;9800.0000;1;9815.0000;None;106000.0000
25888;2023-03-11 09:10:59.210000;1;102561;1;1;9800.0000;1;9815.0000;None;106000.0000
25888;2023-03-11 09:10:59.210000;1;102554;1;1;9800.0000;1;9815.0000;None;106000.0000
25888;2023-03-11 09:10:59.210000;7;1049;1;1;0.0000;1;9815.0000;None;106000.0000
25888;2023-03-11 09:10:59.210000;3;101332;1;1;10800.0000;1;9815.0000;None;106000.0000
25888;2023-03-11 09:10:59.210000;3;101332;1;1;10800.0000;1;9815.0000;None;106000.0000
25888;2023-03-11 09:10:59.210000;3;101332;1;1;10800.0000;1;9815.0000;None;106000.0000
25888;2023-03-11 09:10:59.210000;1;100995;1;1;10800.0000;1;9815.0000;None;106000.0000
25888;2023-03-11 09:10:59.210000;1;100995;1;1;10800.0000;1;9815.0000;None;106000.0000
25888;2023-03-11 09:10:59.210000;1;100995;1;1;10800.0000;1;9815.0000;None;106000.0000
25889;2023-03-11 09:23:49.943000;1;103365;1;1;9800.0000;1;11556.0000;None;124800.0000
25889;2023-03-11 09:23:49.943000;1;103366;1;1;9800.0000;1;11556.0000;None;124800.0000
25889;2023-03-11 09:23:49.943000;3;101332;1;1;10800.0000;1;11556.0000;None;124800.0000
25889;2023-03-11 09:23:49.943000;3;101332;1;1;10800.0000;1;11556.0000;None;124800.0000
25889;2023-03-11 09:23:49.943000;3;101332;1;1;10800.0000;1;11556.0000;None;124800.0000
25889;2023-03-11 09:23:49.943000;7;1207;1;1;0.0000;1;11556.0000;None;124800.0000
25889;2023-03-11 09:25:14.963000;1;102561;1;1;9800.0000;1;11556.0000;None;124800.0000
25889;2023-03-11 09:25:14.963000;7;1247;1;1;0.0000;1;11556.0000;None;124800.0000
25889;2023-03-11 09:25:14.963000;1;102570;1;1;16800.0000;1;11556.0000;None;124800.0000
25889;2023-03-11 09:25:14.963000;7;1135;1;1;0.0000;1;11556.0000;None;124800.0000
25889;2023-03-11 09:25:14.963000;1;101666;1;1;20800.0000;1;11556.0000;None;124800.0000
25889;2023-03-11 09:25:14.963000;7;1155;1;1;0.0000;1;11556.0000;None;124800.0000
25889;2023-03-11 09:25:14.963000;7;1135;1;1;0.0000;1;11556.0000;None;124800.0000
25889;2023-03-11 09:25:14.963000;1;100995;1;1;10800.0000;1;11556.0000;None;124800.0000
25889;2023-03-11 09:25:14.963000;1;100590;1;1;5800.0000;1;11556.0000;None;124800.0000
25889;2023-03-11 09:25:14.963000;3;102630;1;1;8800.0000;1;11556.0000;None;124800.0000
25890;2023-03-11 09:54:31.170000;1;103365;1;1;9800.0000;1;5611.0000;None;60600.0000
25890;2023-03-11 09:56:43.810000;1;102561;1;1;9800.0000;1;5611.0000;None;60600.0000
25890;2023-03-11 09:56:43.810000;7;1135;1;1;0.0000;1;5611.0000;None;60600.0000
25890;2023-03-11 09:56:43.810000;7;1135;1;1;0.0000;1;5611.0000;None;60600.0000
25890;2023-03-11 09:56:43.810000;3;102635;1;1;8800.0000;1;5611.0000;None;60600.0000
25890;2023-03-11 10:11:33.520000;3;102635;1;1;8800.0000;1;5611.0000;None;60600.0000
25890;2023-03-11 10:11:33.520000;7;2034;1;1;0.0000;1;5611.0000;None;60600.0000
25890;2023-03-11 10:13:45.043000;1;104747;1;3;23400.0000;1;5611.0000;None;60600.0000
25890;2023-03-11 10:13:45.043000;7;1157;1;1;0.0000;1;5611.0000;None;60600.0000
25891;2023-03-11 10:02:44.817000;1;102670;1;1;35800.0000;1;None;None;93000.0000
25891;2023-03-11 10:02:44.817000;1;100845;1;1;28800.0000;1;None;None;93000.0000
25891;2023-03-11 10:02:44.817000;1;102522;1;2;19600.0000;1;None;None;93000.0000
25891;2023-03-11 10:02:44.817000;7;1135;1;1;0.0000;1;None;None;93000.0000
25891;2023-03-11 10:02:44.817000;3;102630;1;1;8800.0000;1;None;None;93000.0000
25891;2023-03-11 10:02:44.817000;7;2034;1;1;0.0000;1;None;None;93000.0000
25892;2023-03-11 10:03:41.973000;1;100995;1;1;10800.0000;1;2537.0000;None;27400.0000
25892;2023-03-11 10:03:41.973000;1;102561;1;1;9800.0000;1;2537.0000;None;27400.0000
25892;2023-03-11 10:03:41.973000;3;100606;1;1;6800.0000;1;2537.0000;None;27400.0000
25893;2023-03-11 10:19:34.247000;1;101666;1;1;20800.0000;1;8815.0000;None;95200.0000
25893;2023-03-11 10:19:34.247000;1;101666;1;1;20800.0000;1;8815.0000;None;95200.0000
25893;2023-03-11 10:19:34.247000;7;1049;1;1;0.0000;1;8815.0000;None;95200.0000
25893;2023-03-11 10:19:34.247000;7;1049;1;1;0.0000;1;8815.0000;None;95200.0000
25893;2023-03-11 10:19:34.247000;7;1135;1;1;0.0000;1;8815.0000;None;95200.0000
25893;2023-03-11 10:19:34.247000;3;102630;1;1;8800.0000;1;8815.0000;None;95200.0000
25893;2023-03-11 10:19:34.247000;3;100606;1;1;6800.0000;1;8815.0000;None;95200.0000
25893;2023-03-11 10:21:43.627000;1;103365;1;2;19600.0000;1;8815.0000;None;95200.0000
25893;2023-03-11 10:37:24.663000;3;100614;1;1;5800.0000;1;8815.0000;None;95200.0000
25893;2023-03-11 10:37:24.663000;3;100614;1;1;5800.0000;1;8815.0000;None;95200.0000
25893;2023-03-11 10:49:12.437000;3;201146;1;1;6800.0000;1;8815.0000;None;95200.0000
25893;2023-03-11 10:49:12.437000;7;2040;1;2;0.0000;1;8815.0000;None;95200.0000
25893;2023-03-11 10:49:12.437000;7;2002;1;1;0.0000;1;8815.0000;None;95200.0000
25894;2023-03-11 10:30:22.980000;1;103116;1;1;14800.0000;1;3630.0000;None;39200.0000
25894;2023-03-11 10:30:22.980000;1;102561;1;1;9800.0000;1;3630.0000;None;39200.0000
25894;2023-03-11 10:30:22.980000;7;1223;1;1;0.0000;1;3630.0000;None;39200.0000
25894;2023-03-11 10:30:22.980000;7;1223;1;1;0.0000;1;3630.0000;None;39200.0000
25894;2023-03-11 10:30:22.980000;3;100614;1;1;5800.0000;1;3630.0000;None;39200.0000
25894;2023-03-11 10:30:22.980000;7;2011;1;1;0.0000;1;3630.0000;None;39200.0000
25894;2023-03-11 10:30:22.980000;3;102630;1;1;8800.0000;1;3630.0000;None;39200.0000
25895;2023-03-11 10:46:15.297000;1;104690;1;2;9600.0000;1;None;None;9600.0000
25895;2023-03-11 10:46:15.297000;7;1157;1;1;0.0000;1;None;None;9600.0000
25896;2023-03-11 11:11:31.403000;3;102635;1;2;17600.0000;1;5259.0000;None;56800.0000
25896;2023-03-11 11:20:49.337000;1;103036;1;1;12800.0000;1;5259.0000;None;56800.0000
25896;2023-03-11 11:20:49.337000;3;108302;1;1;12800.0000;1;5259.0000;None;56800.0000
25896;2023-03-11 11:20:49.337000;1;105165;1;1;7800.0000;1;5259.0000;None;56800.0000
25896;2023-03-11 11:27:58.347000;3;100596;1;1;5800.0000;1;5259.0000;None;56800.0000
25897;2023-03-11 11:19:53.917000;3;102635;1;2;17600.0000;1;28815.0000;None;311200.0000
25897;2023-03-11 11:19:53.917000;3;100606;1;2;13600.0000;1;28815.0000;None;311200.0000
25897;2023-03-11 11:19:53.917000;3;200012;1;1;9800.0000;1;28815.0000;None;311200.0000
25897;2023-03-11 11:19:53.917000;3;100614;1;1;5800.0000;1;28815.0000;None;311200.0000
25897;2023-03-11 11:30:45.340000;3;102635;1;1;8800.0000;1;28815.0000;None;311200.0000
25897;2023-03-11 12:03:46.730000;1;102951;1;1;39800.0000;1;28815.0000;None;311200.0000
25897;2023-03-11 12:03:46.730000;1;100851;1;1;23800.0000;1;28815.0000;None;311200.0000
25897;2023-03-11 12:03:46.730000;1;102953;1;1;31800.0000;1;28815.0000;None;311200.0000
25897;2023-03-11 12:03:46.730000;1;102671;1;1;38800.0000;1;28815.0000;None;311200.0000
25897;2023-03-11 12:03:46.730000;1;104727;1;1;69800.0000;1;28815.0000;None;311200.0000
25897;2023-03-11 12:03:46.730000;7;1002;1;1;0.0000;1;28815.0000;None;311200.0000
25897;2023-03-11 12:03:46.730000;7;1028;1;1;0.0000;1;28815.0000;None;311200.0000
25897;2023-03-11 12:03:46.730000;7;1028;1;1;0.0000;1;28815.0000;None;311200.0000
25897;2023-03-11 12:03:46.730000;7;1028;1;1;0.0000;1;28815.0000;None;311200.0000
25897;2023-03-11 12:03:46.730000;8;104726;1;1;44800.0000;1;28815.0000;None;311200.0000
25897;2023-03-11 12:03:46.730000;7;1151;1;1;0.0000;1;28815.0000;None;311200.0000
25897;2023-03-11 12:03:46.730000;7;1152;1;1;0.0000;1;28815.0000;None;311200.0000
25897;2023-03-11 12:03:46.730000;7;1051;1;1;0.0000;1;28815.0000;None;311200.0000
25897;2023-03-11 12:03:46.730000;7;1051;1;1;0.0000;1;28815.0000;None;311200.0000
25897;2023-03-11 12:04:12.787000;3;100606;1;1;6800.0000;1;28815.0000;None;311200.0000
25898;2023-03-11 11:21:44.110000;3;100607;1;2;13600.0000;1;6722.0000;None;72600.0000
25898;2023-03-11 11:21:44.110000;1;100862;1;1;27800.0000;1;6722.0000;None;72600.0000
25898;2023-03-11 11:21:44.110000;3;102635;1;1;8800.0000;1;6722.0000;None;72600.0000
25898;2023-03-11 11:21:44.110000;1;103030;1;1;14800.0000;1;6722.0000;None;72600.0000
25898;2023-03-11 11:21:44.110000;1;100590;1;1;5800.0000;1;6722.0000;None;72600.0000
25898;2023-03-11 11:30:40.450000;1;102206;1;1;800.0000;1;6722.0000;None;72600.0000
25898;2023-03-11 11:30:40.450000;1;102212;1;1;1000.0000;1;6722.0000;None;72600.0000
25899;2023-03-11 11:32:20.557000;1;103039;1;1;21800.0000;1;3093.0000;None;33400.0000
25899;2023-03-11 11:32:20.557000;3;100614;1;1;5800.0000;1;3093.0000;None;33400.0000
25899;2023-03-11 11:39:53.067000;1;100590;1;1;5800.0000;1;3093.0000;None;33400.0000
25900;2023-03-11 11:32:41.560000;3;100614;1;1;5800.0000;1;4167.0000;None;45000.0000
25900;2023-03-11 11:32:41.560000;3;100607;1;1;6800.0000;1;4167.0000;None;45000.0000
25900;2023-03-11 11:32:41.560000;1;102555;1;1;20800.0000;1;4167.0000;None;45000.0000
25900;2023-03-11 11:50:47.870000;3;100614;1;1;5800.0000;1;4167.0000;None;45000.0000
25900;2023-03-11 11:55:29.153000;3;100614;1;1;5800.0000;1;4167.0000;None;45000.0000
25900;2023-03-11 11:55:29.153000;7;2034;1;1;0.0000;1;4167.0000;None;45000.0000
25901;2023-03-11 11:47:37.810000;1;101181;1;1;27800.0000;1;8593.0000;None;92800.0000
25901;2023-03-11 11:47:37.810000;1;101181;1;1;27800.0000;1;8593.0000;None;92800.0000
25901;2023-03-11 11:47:37.810000;7;1135;1;1;0.0000;1;8593.0000;None;92800.0000
25901;2023-03-11 11:47:37.810000;3;102635;1;1;8800.0000;1;8593.0000;None;92800.0000
25901;2023-03-11 11:47:37.810000;3;101332;1;1;10800.0000;1;8593.0000;None;92800.0000
25901;2023-03-11 12:19:08.060000;1;100625;1;1;8800.0000;1;8593.0000;None;92800.0000
25901;2023-03-11 12:19:08.060000;1;100625;1;1;8800.0000;1;8593.0000;None;92800.0000
25902;2023-03-11 12:12:47.117000;3;100614;1;1;5800.0000;1;None;None;5800.0000
25903;2023-03-11 12:31:50.380000;1;102982;1;1;59800.0000;1;7000.0000;None;75600.0000
25903;2023-03-11 12:31:50.380000;7;1002;1;1;0.0000;1;7000.0000;None;75600.0000
25903;2023-03-11 12:31:50.380000;1;101522;1;1;0.0000;1;7000.0000;None;75600.0000
25903;2023-03-11 12:31:50.380000;1;102172;1;1;3800.0000;1;7000.0000;None;75600.0000
25903;2023-03-11 12:31:50.380000;6;101061;1;1;0.0000;1;7000.0000;None;75600.0000
25903;2023-03-11 12:31:50.380000;3;201207;1;1;6800.0000;1;7000.0000;None;75600.0000
25903;2023-03-11 13:19:38.963000;1;102910;1;1;5200.0000;1;7000.0000;None;75600.0000
25904;2023-03-11 12:37:51.557000;3;201207;1;1;6800.0000;1;None;None;6800.0000
25904;2023-03-11 12:37:51.557000;7;2042;1;1;0.0000;1;None;None;6800.0000
25906;2023-03-11 12:53:11.037000;1;102914;1;1;26800.0000;1;3741.0000;None;40400.0000
25906;2023-03-11 12:53:11.037000;7;1223;1;1;0.0000;1;3741.0000;None;40400.0000
25906;2023-03-11 12:53:11.037000;7;1223;1;1;0.0000;1;3741.0000;None;40400.0000
25906;2023-03-11 12:53:11.037000;3;200644;1;1;6800.0000;1;3741.0000;None;40400.0000
25906;2023-03-11 12:53:11.037000;6;101641;1;1;0.0000;1;3741.0000;None;40400.0000
25906;2023-03-11 12:53:54.127000;3;100606;1;1;6800.0000;1;3741.0000;None;40400.0000
25906;2023-03-11 12:53:54.127000;7;2011;1;1;0.0000;1;3741.0000;None;40400.0000
25907;2023-03-11 13:08:16.870000;1;104293;1;1;44800.0000;1;7778.0000;None;84000.0000
25907;2023-03-11 13:08:16.870000;7;1006;1;1;0.0000;1;7778.0000;None;84000.0000
25907;2023-03-11 13:08:16.870000;1;101522;1;1;0.0000;1;7778.0000;None;84000.0000
25907;2023-03-11 13:08:16.870000;1;102172;1;1;3800.0000;1;7778.0000;None;84000.0000
25907;2023-03-11 13:08:16.870000;1;102132;1;1;6800.0000;1;7778.0000;None;84000.0000
25907;2023-03-11 13:08:16.870000;7;1196;1;1;0.0000;1;7778.0000;None;84000.0000
25907;2023-03-11 13:08:16.870000;7;1135;1;1;0.0000;1;7778.0000;None;84000.0000
25907;2023-03-11 13:08:16.870000;3;102635;1;1;8800.0000;1;7778.0000;None;84000.0000
25907;2023-03-11 13:08:24.200000;6;101061;1;1;0.0000;1;7778.0000;None;84000.0000
25907;2023-03-11 13:26:47.340000;8;102803;1;1;19800.0000;1;7778.0000;None;84000.0000
25907;2023-03-11 13:26:47.340000;7;1213;1;1;0.0000;1;7778.0000;None;84000.0000
25907;2023-03-11 13:26:47.340000;7;1151;1;1;0.0000;1;7778.0000;None;84000.0000
25907;2023-03-11 13:26:47.340000;7;1152;1;1;0.0000;1;7778.0000;None;84000.0000
25908;2023-03-11 13:11:00.780000;1;100850;1;2;45600.0000;1;5037.0000;None;54400.0000
25908;2023-03-11 13:11:00.780000;3;102635;1;1;8800.0000;1;5037.0000;None;54400.0000
25908;2023-03-11 13:11:00.780000;6;101061;1;1;0.0000;1;5037.0000;None;54400.0000
25909;2023-03-11 13:31:35.857000;1;103342;1;1;46800.0000;1;11093.0000;None;119800.0000
25909;2023-03-11 13:31:35.857000;1;101522;1;1;0.0000;1;11093.0000;None;119800.0000
25909;2023-03-11 13:31:35.857000;7;1028;1;1;0.0000;1;11093.0000;None;119800.0000
25909;2023-03-11 13:31:35.857000;7;1028;1;1;0.0000;1;11093.0000;None;119800.0000
25909;2023-03-11 13:31:35.857000;8;107550;1;1;17800.0000;1;11093.0000;None;119800.0000
25909;2023-03-11 13:31:35.857000;7;1151;1;1;0.0000;1;11093.0000;None;119800.0000
25909;2023-03-11 13:31:35.857000;7;1152;1;1;0.0000;1;11093.0000;None;119800.0000
25909;2023-03-11 13:31:35.857000;7;1164;1;2;0.0000;1;11093.0000;None;119800.0000
25909;2023-03-11 13:31:35.857000;1;105023;1;1;28800.0000;1;11093.0000;None;119800.0000
25909;2023-03-11 13:31:35.857000;7;1151;1;1;0.0000;1;11093.0000;None;119800.0000
25909;2023-03-11 13:31:35.857000;7;1152;1;1;0.0000;1;11093.0000;None;119800.0000
25909;2023-03-11 13:31:35.857000;7;1164;1;2;0.0000;1;11093.0000;None;119800.0000
25909;2023-03-11 13:31:35.857000;7;1208;1;1;0.0000;1;11093.0000;None;119800.0000
25909;2023-03-11 13:31:35.857000;3;102635;1;3;26400.0000;1;11093.0000;None;119800.0000
25909;2023-03-11 13:31:35.857000;6;101061;1;1;0.0000;1;11093.0000;None;119800.0000
25910;2023-03-11 13:44:53.970000;1;103759;1;1;10800.0000;1;16630.0000;None;179600.0000
25910;2023-03-11 13:44:53.970000;7;1001;1;1;0.0000;1;16630.0000;None;179600.0000
25910;2023-03-11 13:44:53.970000;1;101176;1;1;41800.0000;1;16630.0000;None;179600.0000
25910;2023-03-11 13:44:53.970000;7;1001;1;1;0.0000;1;16630.0000;None;179600.0000
25910;2023-03-11 13:44:53.970000;3;102635;1;1;8800.0000;1;16630.0000;None;179600.0000
25910;2023-03-11 13:55:52.063000;1;103787;1;1;67800.0000;1;16630.0000;None;179600.0000
25910;2023-03-11 13:55:52.063000;7;1028;1;1;0.0000;1;16630.0000;None;179600.0000
25910;2023-03-11 13:55:52.063000;7;1028;1;1;0.0000;1;16630.0000;None;179600.0000
25910;2023-03-11 13:55:52.063000;8;103023;1;1;34800.0000;1;16630.0000;None;179600.0000
25910;2023-03-11 13:55:52.063000;7;1151;1;1;0.0000;1;16630.0000;None;179600.0000
25910;2023-03-11 13:55:52.063000;7;1152;1;1;0.0000;1;16630.0000;None;179600.0000
25910;2023-03-11 13:55:52.063000;7;1164;1;2;0.0000;1;16630.0000;None;179600.0000
25910;2023-03-11 13:55:52.063000;7;1208;1;1;0.0000;1;16630.0000;None;179600.0000
25910;2023-03-11 13:55:52.063000;6;101061;1;1;0.0000;1;16630.0000;None;179600.0000
25910;2023-03-11 13:55:52.063000;3;102635;1;1;8800.0000;1;16630.0000;None;179600.0000
25910;2023-03-11 14:14:54.677000;3;100606;1;1;6800.0000;1;16630.0000;None;179600.0000
25911;2023-03-11 13:45:11.417000;1;103784;1;1;29800.0000;1;None;None;43400.0000
25911;2023-03-11 13:45:11.417000;7;1157;1;1;0.0000;1;None;None;43400.0000
25911;2023-03-11 13:46:08.690000;3;102631;1;1;7800.0000;1;None;None;43400.0000
25911;2023-03-11 13:46:08.690000;7;2034;1;1;0.0000;1;None;None;43400.0000
25911;2023-03-11 13:46:08.690000;3;100614;1;1;5800.0000;1;None;None;43400.0000
25912;2023-03-11 13:48:25.580000;1;103773;1;1;9800.0000;1;11074.0000;None;119600.0000
25912;2023-03-11 13:48:25.580000;7;1001;1;1;0.0000;1;11074.0000;None;119600.0000
25912;2023-03-11 13:48:25.580000;1;103955;1;1;41800.0000;1;11074.0000;None;119600.0000
25912;2023-03-11 13:48:25.580000;6;104684;1;1;0.0000;1;11074.0000;None;119600.0000
25912;2023-03-11 13:48:25.580000;7;1135;1;1;0.0000;1;11074.0000;None;119600.0000
25912;2023-03-11 13:48:25.580000;1;102671;1;1;38800.0000;1;11074.0000;None;119600.0000
25912;2023-03-11 13:48:25.580000;7;1132;1;1;0.0000;1;11074.0000;None;119600.0000
25912;2023-03-11 13:48:25.580000;3;107198;1;1;9800.0000;1;11074.0000;None;119600.0000
25912;2023-03-11 13:48:25.580000;7;1207;1;1;0.0000;1;11074.0000;None;119600.0000
25912;2023-03-11 13:48:25.580000;3;104554;1;1;4800.0000;1;11074.0000;None;119600.0000
25912;2023-03-11 13:48:25.580000;6;101061;1;1;0.0000;1;11074.0000;None;119600.0000
25912;2023-03-11 14:30:30.363000;3;100614;1;1;5800.0000;1;11074.0000;None;119600.0000
25912;2023-03-11 14:32:15.657000;1;104958;1;1;8800.0000;1;11074.0000;None;119600.0000
25913;2023-03-11 13:56:18.220000;1;103842;1;2;53600.0000;1;6222.0000;None;67200.0000
25913;2023-03-11 13:56:18.220000;6;101061;1;1;0.0000;1;6222.0000;None;67200.0000
25913;2023-03-11 13:56:18.220000;3;201237;1;1;6800.0000;1;6222.0000;None;67200.0000
25913;2023-03-11 13:56:18.220000;3;201269;1;1;6800.0000;1;6222.0000;None;67200.0000
25913;2023-03-11 13:56:18.220000;3;108191;1;1;0.0000;1;6222.0000;None;67200.0000
25914;2023-03-11 14:00:52.697000;6;101061;1;1;0.0000;1;12685.0000;None;137000.0000
25914;2023-03-11 14:00:52.697000;3;200644;1;1;6800.0000;1;12685.0000;None;137000.0000
25914;2023-03-11 14:00:52.697000;6;101641;1;1;0.0000;1;12685.0000;None;137000.0000
25914;2023-03-11 14:00:52.697000;3;102747;1;1;4800.0000;1;12685.0000;None;137000.0000
25914;2023-03-11 14:00:52.697000;1;102678;1;1;36800.0000;1;12685.0000;None;137000.0000
25914;2023-03-11 14:11:27.217000;8;107550;1;1;17800.0000;1;12685.0000;None;137000.0000
25914;2023-03-11 14:11:27.217000;7;1151;1;1;0.0000;1;12685.0000;None;137000.0000
25914;2023-03-11 14:11:27.217000;7;1152;1;1;0.0000;1;12685.0000;None;137000.0000
25914;2023-03-11 14:11:27.217000;7;1164;1;2;0.0000;1;12685.0000;None;137000.0000
25914;2023-03-11 14:11:27.217000;8;106491;1;1;29800.0000;1;12685.0000;None;137000.0000
25914;2023-03-11 14:11:27.217000;7;1151;1;1;0.0000;1;12685.0000;None;137000.0000
25914;2023-03-11 14:11:27.217000;7;1152;1;1;0.0000;1;12685.0000;None;137000.0000
25914;2023-03-11 14:11:27.217000;7;1164;1;2;0.0000;1;12685.0000;None;137000.0000
25914;2023-03-11 14:11:27.217000;7;1208;1;1;0.0000;1;12685.0000;None;137000.0000
25914;2023-03-11 14:11:27.217000;8;101996;1;1;15800.0000;1;12685.0000;None;137000.0000
25914;2023-03-11 14:11:27.217000;7;1029;1;1;0.0000;1;12685.0000;None;137000.0000
25914;2023-03-11 14:45:57.643000;3;102402;1;1;7800.0000;1;12685.0000;None;137000.0000
25914;2023-03-11 14:45:57.643000;6;104386;1;1;0.0000;1;12685.0000;None;137000.0000
25914;2023-03-11 14:45:57.643000;6;105155;1;1;0.0000;1;12685.0000;None;137000.0000
25914;2023-03-11 14:47:46.360000;3;100614;1;3;17400.0000;1;12685.0000;None;137000.0000
25915;2023-03-11 14:10:48.657000;1;103340;1;1;30800.0000;1;7611.0000;None;82200.0000
25915;2023-03-11 14:10:48.657000;1;101522;1;1;0.0000;1;7611.0000;None;82200.0000
25915;2023-03-11 14:10:48.657000;7;1028;1;1;0.0000;1;7611.0000;None;82200.0000
25915;2023-03-11 14:10:48.657000;7;1028;1;1;0.0000;1;7611.0000;None;82200.0000
25915;2023-03-11 14:10:48.657000;8;107926;1;1;35800.0000;1;7611.0000;None;82200.0000
25915;2023-03-11 14:10:48.657000;8;107228;1;1;0.0000;1;7611.0000;None;82200.0000
25915;2023-03-11 14:10:48.657000;7;1151;1;1;0.0000;1;7611.0000;None;82200.0000
25915;2023-03-11 14:10:48.657000;7;1152;1;1;0.0000;1;7611.0000;None;82200.0000
25915;2023-03-11 14:10:48.657000;7;1051;1;1;0.0000;1;7611.0000;None;82200.0000
25915;2023-03-11 14:10:48.657000;7;1051;1;1;0.0000;1;7611.0000;None;82200.0000
25915;2023-03-11 14:10:48.657000;6;101061;1;1;0.0000;1;7611.0000;None;82200.0000
25915;2023-03-11 14:10:48.657000;2;201184;1;1;10800.0000;1;7611.0000;None;82200.0000
25915;2023-03-11 14:10:48.657000;3;102747;1;1;4800.0000;1;7611.0000;None;82200.0000
25916;2023-03-11 14:21:01.453000;1;103773;1;2;19600.0000;1;20130.0000;None;217400.0000
25916;2023-03-11 14:21:01.453000;1;103750;1;1;13800.0000;1;20130.0000;None;217400.0000
25916;2023-03-11 14:21:01.453000;7;1001;1;3;0.0000;1;20130.0000;None;217400.0000
25916;2023-03-11 14:21:01.453000;1;100851;1;1;23800.0000;1;20130.0000;None;217400.0000
25916;2023-03-11 14:21:01.453000;1;102676;1;1;30800.0000;1;20130.0000;None;217400.0000
25916;2023-03-11 14:21:01.453000;1;100851;1;1;23800.0000;1;20130.0000;None;217400.0000
25916;2023-03-11 14:21:01.453000;1;100846;1;1;30800.0000;1;20130.0000;None;217400.0000
25916;2023-03-11 14:21:01.453000;1;102671;1;1;38800.0000;1;20130.0000;None;217400.0000
25916;2023-03-11 14:21:01.453000;7;1135;1;1;0.0000;1;20130.0000;None;217400.0000
25916;2023-03-11 14:21:01.453000;6;101061;1;1;0.0000;1;20130.0000;None;217400.0000
25916;2023-03-11 14:21:01.453000;3;201146;1;2;13600.0000;1;20130.0000;None;217400.0000
25916;2023-03-11 14:21:01.453000;6;101641;1;2;0.0000;1;20130.0000;None;217400.0000
25916;2023-03-11 14:21:01.453000;3;200644;1;2;13600.0000;1;20130.0000;None;217400.0000
25916;2023-03-11 14:21:01.453000;6;101641;1;2;0.0000;1;20130.0000;None;217400.0000
25916;2023-03-11 15:11:05.013000;1;104958;1;1;8800.0000;1;20130.0000;None;217400.0000
25919;2023-03-11 14:34:27.997000;6;101061;1;1;0.0000;1;3333.0000;None;36000.0000
25919;2023-03-11 14:34:28.013000;1;100846;1;1;30800.0000;1;3333.0000;None;36000.0000
25919;2023-03-11 15:12:19.657000;1;102908;1;1;5200.0000;1;3333.0000;None;36000.0000
25920;2023-03-11 14:51:58.067000;1;100848;1;1;28800.0000;1;7333.0000;None;79200.0000
25920;2023-03-11 14:51:58.067000;7;1132;1;1;0.0000;1;7333.0000;None;79200.0000
25920;2023-03-11 14:51:58.067000;1;100853;1;1;28800.0000;1;7333.0000;None;79200.0000
25920;2023-03-11 14:51:58.067000;7;1132;1;1;0.0000;1;7333.0000;None;79200.0000
25920;2023-03-11 14:51:58.067000;6;101061;1;1;0.0000;1;7333.0000;None;79200.0000
25920;2023-03-11 14:51:58.067000;3;102748;1;1;15800.0000;1;7333.0000;None;79200.0000
25920;2023-03-11 14:51:58.067000;3;104446;1;1;5800.0000;1;7333.0000;None;79200.0000
25921;2023-03-11 14:53:19.903000;8;102803;1;1;19800.0000;1;10352.0000;None;111800.0000
25921;2023-03-11 14:53:42.320000;1;103340;1;1;30800.0000;1;10352.0000;None;111800.0000
25921;2023-03-11 14:53:42.320000;1;101522;1;1;0.0000;1;10352.0000;None;111800.0000
25921;2023-03-11 14:53:42.320000;1;105188;1;1;31800.0000;1;10352.0000;None;111800.0000
25921;2023-03-11 14:53:42.320000;3;102637;1;1;9800.0000;1;10352.0000;None;111800.0000
25921;2023-03-11 14:53:42.320000;7;2042;1;1;0.0000;1;10352.0000;None;111800.0000
25921;2023-03-11 14:53:42.320000;3;102639;1;1;9800.0000;1;10352.0000;None;111800.0000
25921;2023-03-11 14:53:42.320000;7;2042;1;1;0.0000;1;10352.0000;None;111800.0000
25921;2023-03-11 14:53:42.320000;6;101061;1;1;0.0000;1;10352.0000;None;111800.0000
25921;2023-03-11 15:31:16.127000;3;102639;1;1;9800.0000;1;10352.0000;None;111800.0000
25921;2023-03-11 14:23:40.667000;1;103830;1;1;41800.0000;1;10352.0000;None;111800.0000
25921;2023-03-11 14:23:40.667000;6;104683;1;1;0.0000;1;10352.0000;None;111800.0000
25921;2023-03-11 15:32:20.167000;1;103830;1;-1;-41800.0000;1;10352.0000;None;111800.0000
25921;2023-03-11 15:32:20.167000;6;104683;1;-1;0.0000;1;10352.0000;None;111800.0000
25922;2023-03-11 14:58:45.477000;1;104275;1;1;8800.0000;1;None;None;17600.0000
25922;2023-03-11 14:58:45.477000;1;103092;1;1;8800.0000;1;None;None;17600.0000
25923;2023-03-11 15:06:45.180000;3;102639;1;1;9800.0000;1;10611.0000;None;114600.0000
25923;2023-03-11 15:06:45.180000;7;1207;1;1;0.0000;1;10611.0000;None;114600.0000
25923;2023-03-11 15:11:34.197000;1;101954;1;1;19800.0000;1;10611.0000;None;114600.0000
25923;2023-03-11 15:11:34.197000;7;1001;1;1;0.0000;1;10611.0000;None;114600.0000
25923;2023-03-11 15:11:34.197000;1;103784;1;1;29800.0000;1;10611.0000;None;114600.0000
25923;2023-03-11 15:11:34.197000;1;102673;1;1;36800.0000;1;10611.0000;None;114600.0000
25923;2023-03-11 15:11:34.197000;7;1132;1;1;0.0000;1;10611.0000;None;114600.0000
25923;2023-03-11 15:11:34.197000;6;101061;1;1;0.0000;1;10611.0000;None;114600.0000
25923;2023-03-11 13:15:09.380000;3;102747;1;1;4800.0000;1;10611.0000;None;114600.0000
25923;2023-03-11 15:35:39.493000;3;201207;1;1;6800.0000;1;10611.0000;None;114600.0000
25923;2023-03-11 15:37:35.747000;3;201207;1;1;6800.0000;1;10611.0000;None;114600.0000
