9705;2023-03-12 12:10:03.947000;1;103955;1;1;41800.0000;1;4667.0000;None;50400.0000
9705;2023-03-12 12:10:03.947000;1;101522;1;1;0.0000;1;4667.0000;None;50400.0000
9705;2023-03-12 12:10:03.947000;1;102172;1;1;3800.0000;1;4667.0000;None;50400.0000
9705;2023-03-12 12:10:03.947000;3;102747;1;1;4800.0000;1;4667.0000;None;50400.0000
9705;2023-03-12 12:10:03.947000;7;2077;1;1;0.0000;1;4667.0000;None;50400.0000
9707;2023-03-12 14:02:36.207000;3;100614;1;1;5800.0000;1;None;None;23400.0000
9707;2023-03-12 14:02:36.207000;1;103095;1;1;8800.0000;1;None;None;23400.0000
9707;2023-03-12 14:02:36.207000;1;103095;1;1;8800.0000;1;None;None;23400.0000
9708;2023-03-12 14:05:05.303000;1;106044;1;1;6000.0000;1;None;None;6000.0000
9709;2023-03-12 14:10:22.227000;3;100614;1;6;34800.0000;1;9889.0000;None;106800.0000
9709;2023-03-12 14:10:22.227000;3;100999;1;2;11600.0000;1;9889.0000;None;106800.0000
9709;2023-03-12 14:10:22.227000;1;109279;1;1;9800.0000;1;9889.0000;None;106800.0000
9709;2023-03-12 14:10:22.227000;7;1207;1;1;0.0000;1;9889.0000;None;106800.0000
9709;2023-03-12 14:10:22.227000;1;103372;1;1;15800.0000;1;9889.0000;None;106800.0000
9709;2023-03-12 14:42:44.937000;3;100614;1;6;34800.0000;1;9889.0000;None;106800.0000
9710;2023-03-12 14:10:52.477000;3;100614;1;1;5800.0000;1;None;None;16200.0000
9710;2023-03-12 14:10:52.477000;1;102908;1;2;10400.0000;1;None;None;16200.0000
9714;2023-03-12 15:07:17.207000;3;100596;1;1;5800.0000;1;None;None;5800.0000
9714;2023-03-12 15:07:17.207000;7;2034;1;1;0.0000;1;None;None;5800.0000
9715;2023-03-12 15:33:09.930000;1;103095;1;1;8800.0000;1;None;None;8800.0000
9716;2023-03-12 16:33:20.307000;1;103095;1;-1;-8800.0000;1;None;None;-23400.0000
9716;2023-03-12 16:33:20.307000;1;103095;1;-1;-8800.0000;1;None;None;-23400.0000
9716;2023-03-12 16:33:20.307000;3;100614;1;-1;-5800.0000;1;None;None;-23400.0000
15120;2023-03-12 09:37:03.630000;3;100606;1;1;6800.0000;1;10019.0000;None;108200.0000
15120;2023-03-12 09:37:03.660000;3;104554;1;1;4800.0000;1;10019.0000;None;108200.0000
15120;2023-03-12 09:40:30.363000;1;103040;1;1;17800.0000;1;10019.0000;None;108200.0000
15120;2023-03-12 09:40:30.363000;7;1141;1;1;0.0000;1;10019.0000;None;108200.0000
15120;2023-03-12 09:40:30.363000;1;106731;1;1;800.0000;1;10019.0000;None;108200.0000
15120;2023-03-12 09:40:30.363000;7;1196;1;2;0.0000;1;10019.0000;None;108200.0000
15120;2023-03-12 09:40:30.363000;1;100995;1;1;10800.0000;1;10019.0000;None;108200.0000
15120;2023-03-12 09:59:05.903000;3;201146;1;1;6800.0000;1;10019.0000;None;108200.0000
15120;2023-03-12 10:02:38.097000;1;102561;1;1;9800.0000;1;10019.0000;None;108200.0000
15120;2023-03-12 10:02:38.097000;1;102314;1;1;8800.0000;1;10019.0000;None;108200.0000
15120;2023-03-12 10:02:38.097000;7;1049;1;1;0.0000;1;10019.0000;None;108200.0000
15120;2023-03-12 10:02:38.097000;7;1135;1;1;0.0000;1;10019.0000;None;108200.0000
15120;2023-03-12 10:02:38.097000;3;200644;1;1;6800.0000;1;10019.0000;None;108200.0000
15120;2023-03-12 10:13:17.870000;1;100590;1;1;5800.0000;1;10019.0000;None;108200.0000
15120;2023-03-12 11:00:48.480000;3;100606;1;1;6800.0000;1;10019.0000;None;108200.0000
15120;2023-03-12 11:06:11.120000;1;103999;1;1;9800.0000;1;10019.0000;None;108200.0000
15120;2023-03-12 11:06:11.120000;3;100613;1;1;5800.0000;1;10019.0000;None;108200.0000
15120;2023-03-12 11:25:14.523000;3;100606;1;1;6800.0000;1;10019.0000;None;108200.0000
15121;2023-03-12 10:08:49.043000;1;102676;1;1;30800.0000;1;2852.0000;None;30800.0000
15121;2023-03-12 10:08:49.043000;7;1157;1;1;0.0000;1;2852.0000;None;30800.0000
15122;2023-03-12 10:21:47.097000;3;102635;1;1;8800.0000;1;6741.0000;None;72800.0000
15122;2023-03-12 10:21:47.097000;3;102635;1;1;8800.0000;1;6741.0000;None;72800.0000
15122;2023-03-12 10:21:47.097000;3;100606;1;1;6800.0000;1;6741.0000;None;72800.0000
15122;2023-03-12 10:21:47.097000;3;100606;1;1;6800.0000;1;6741.0000;None;72800.0000
15122;2023-03-12 10:21:47.097000;1;102555;1;1;20800.0000;1;6741.0000;None;72800.0000
15122;2023-03-12 10:21:47.097000;1;102555;1;1;20800.0000;1;6741.0000;None;72800.0000
15123;2023-03-12 11:45:25.453000;3;104554;1;1;4800.0000;1;None;None;4800.0000
15124;2023-03-12 13:15:57.400000;3;200644;1;1;6800.0000;1;4463.0000;None;48200.0000
15124;2023-03-12 13:15:57.400000;1;103784;1;1;29800.0000;1;4463.0000;None;48200.0000
15124;2023-03-12 13:35:37.470000;3;100596;1;1;5800.0000;1;4463.0000;None;48200.0000
15124;2023-03-12 13:35:37.470000;3;100596;1;1;5800.0000;1;4463.0000;None;48200.0000
15125;2023-03-12 13:35:19.250000;6;101061;1;1;0.0000;1;17982.0000;None;194200.0000
15125;2023-03-12 13:35:19.250000;1;103750;1;1;13800.0000;1;17982.0000;None;194200.0000
15125;2023-03-12 13:35:19.250000;1;108794;1;1;48800.0000;1;17982.0000;None;194200.0000
15125;2023-03-12 13:35:19.250000;7;1006;1;1;0.0000;1;17982.0000;None;194200.0000
15125;2023-03-12 13:35:19.250000;1;108794;1;1;48800.0000;1;17982.0000;None;194200.0000
15125;2023-03-12 13:35:19.250000;7;1205;1;1;0.0000;1;17982.0000;None;194200.0000
15125;2023-03-12 13:35:19.250000;7;1135;1;1;0.0000;1;17982.0000;None;194200.0000
15125;2023-03-12 13:35:19.250000;3;201207;1;2;13600.0000;1;17982.0000;None;194200.0000
15125;2023-03-12 13:35:19.250000;3;202133;1;1;9800.0000;1;17982.0000;None;194200.0000
15125;2023-03-12 14:01:53.087000;1;109404;1;1;43800.0000;1;17982.0000;None;194200.0000
15125;2023-03-12 14:01:53.087000;7;1006;1;1;0.0000;1;17982.0000;None;194200.0000
15125;2023-03-12 14:13:26.877000;1;109279;1;1;9800.0000;1;17982.0000;None;194200.0000
15125;2023-03-12 14:13:26.877000;7;2034;1;1;0.0000;1;17982.0000;None;194200.0000
15125;2023-03-12 14:15:05.953000;3;102749;1;1;5800.0000;1;17982.0000;None;194200.0000
15126;2023-03-12 14:03:55.140000;6;101061;1;2;0.0000;1;20167.0000;None;217800.0000
15126;2023-03-12 14:03:55.140000;1;102495;1;1;33800.0000;1;20167.0000;None;217800.0000
15126;2023-03-12 14:03:55.140000;7;1205;1;1;0.0000;1;20167.0000;None;217800.0000
15126;2023-03-12 14:03:55.140000;1;102501;1;1;39800.0000;1;20167.0000;None;217800.0000
15126;2023-03-12 14:03:55.140000;6;103488;1;1;0.0000;1;20167.0000;None;217800.0000
15126;2023-03-12 14:03:55.140000;7;1205;1;1;0.0000;1;20167.0000;None;217800.0000
15126;2023-03-12 14:03:55.140000;3;201146;1;2;13600.0000;1;20167.0000;None;217800.0000
15126;2023-03-12 14:03:55.140000;3;102747;1;1;4800.0000;1;20167.0000;None;217800.0000
15126;2023-03-12 14:03:55.140000;7;2072;1;1;0.0000;1;20167.0000;None;217800.0000
15126;2023-03-12 14:03:55.140000;3;104554;1;1;4800.0000;1;20167.0000;None;217800.0000
15126;2023-03-12 14:13:44.103000;1;102672;1;1;33800.0000;1;20167.0000;None;217800.0000
15126;2023-03-12 14:13:44.103000;1;100848;1;1;28800.0000;1;20167.0000;None;217800.0000
15126;2023-03-12 14:13:44.103000;7;1133;1;1;0.0000;1;20167.0000;None;217800.0000
15126;2023-03-12 14:13:44.103000;1;100843;1;1;26800.0000;1;20167.0000;None;217800.0000
15126;2023-03-12 14:13:44.103000;1;100852;1;1;26800.0000;1;20167.0000;None;217800.0000
15126;2023-03-12 14:13:44.103000;7;1135;1;1;0.0000;1;20167.0000;None;217800.0000
15126;2023-03-12 14:28:34.500000;3;103904;1;1;4800.0000;1;20167.0000;None;217800.0000
15126;2023-03-12 13:52:04.633000;1;103701;1;1;34800.0000;1;20167.0000;None;217800.0000
15126;2023-03-12 13:52:04.633000;1;101522;1;1;0.0000;1;20167.0000;None;217800.0000
15126;2023-03-12 14:43:02.720000;1;103701;1;-1;-34800.0000;1;20167.0000;None;217800.0000
15126;2023-03-12 14:43:02.720000;1;101522;1;-1;0.0000;1;20167.0000;None;217800.0000
15126;2023-03-12 14:03:55.140000;1;100850;1;1;22800.0000;1;20167.0000;None;217800.0000
15126;2023-03-12 14:03:55.140000;1;100851;1;1;23800.0000;1;20167.0000;None;217800.0000
15126;2023-03-12 14:03:55.140000;7;1133;1;1;0.0000;1;20167.0000;None;217800.0000
15126;2023-03-12 14:03:55.140000;1;102675;1;1;28800.0000;1;20167.0000;None;217800.0000
15126;2023-03-12 14:40:30.797000;1;100851;1;-1;-23800.0000;1;20167.0000;None;217800.0000
15126;2023-03-12 14:40:30.797000;7;1133;1;-1;0.0000;1;20167.0000;None;217800.0000
15126;2023-03-12 14:40:30.797000;1;102675;1;-1;-28800.0000;1;20167.0000;None;217800.0000
15126;2023-03-12 14:41:12.873000;1;100850;1;-1;-22800.0000;1;20167.0000;None;217800.0000
15126;2023-03-12 14:03:55.140000;1;100850;1;1;22800.0000;1;20167.0000;None;217800.0000
15126;2023-03-12 14:41:37.017000;1;100850;1;-1;-22800.0000;1;20167.0000;None;217800.0000
15127;2023-03-12 14:23:51.237000;3;102635;1;1;8800.0000;1;15389.0000;None;166200.0000
15127;2023-03-12 14:23:51.237000;3;102635;1;1;8800.0000;1;15389.0000;None;166200.0000
15127;2023-03-12 14:23:51.237000;3;200644;1;1;6800.0000;1;15389.0000;None;166200.0000
15127;2023-03-12 14:23:51.237000;6;101641;1;1;0.0000;1;15389.0000;None;166200.0000
15127;2023-03-12 14:30:15.360000;1;103771;1;1;12800.0000;1;15389.0000;None;166200.0000
15127;2023-03-12 14:30:15.360000;7;1001;1;1;0.0000;1;15389.0000;None;166200.0000
15127;2023-03-12 14:30:15.360000;1;103841;1;1;42800.0000;1;15389.0000;None;166200.0000
15127;2023-03-12 14:30:15.360000;7;1135;1;1;0.0000;1;15389.0000;None;166200.0000
15127;2023-03-12 14:30:15.360000;1;103790;1;1;39800.0000;1;15389.0000;None;166200.0000
15127;2023-03-12 14:30:15.360000;1;100846;1;1;30800.0000;1;15389.0000;None;166200.0000
15127;2023-03-12 15:05:39.773000;1;102910;1;1;5200.0000;1;15389.0000;None;166200.0000
15127;2023-03-12 15:05:39.773000;1;102909;1;1;5200.0000;1;15389.0000;None;166200.0000
15127;2023-03-12 15:05:39.773000;1;102908;1;1;5200.0000;1;15389.0000;None;166200.0000
15128;2023-03-12 14:28:04.773000;1;103171;1;1;28800.0000;1;10574.0000;None;114200.0000
15128;2023-03-12 14:28:04.773000;6;104684;1;1;0.0000;1;10574.0000;None;114200.0000
15128;2023-03-12 14:28:04.773000;1;103171;1;1;28800.0000;1;10574.0000;None;114200.0000
15128;2023-03-12 14:28:04.773000;6;104684;1;1;0.0000;1;10574.0000;None;114200.0000
15128;2023-03-12 14:28:04.773000;3;201237;1;1;6800.0000;1;10574.0000;None;114200.0000
15128;2023-03-12 14:28:04.773000;3;200644;1;1;6800.0000;1;10574.0000;None;114200.0000
15128;2023-03-12 14:28:04.773000;6;101641;1;1;0.0000;1;10574.0000;None;114200.0000
15128;2023-03-12 14:59:38.930000;1;105421;1;1;19800.0000;1;10574.0000;None;114200.0000
15128;2023-03-12 14:59:38.930000;3;100614;1;2;11600.0000;1;10574.0000;None;114200.0000
15128;2023-03-12 14:59:59.567000;3;100614;1;1;5800.0000;1;10574.0000;None;114200.0000
15128;2023-03-12 15:03:29.187000;3;100614;1;1;5800.0000;1;10574.0000;None;114200.0000
15129;2023-03-12 14:32:33.307000;1;102982;1;1;59800.0000;1;6352.0000;None;68600.0000
15129;2023-03-12 14:32:33.307000;7;1006;1;1;0.0000;1;6352.0000;None;68600.0000
15129;2023-03-12 14:32:33.307000;1;101522;1;1;0.0000;1;6352.0000;None;68600.0000
15129;2023-03-12 14:32:33.307000;3;102635;1;1;8800.0000;1;6352.0000;None;68600.0000
15130;2023-03-12 14:33:22.313000;3;200644;1;1;6800.0000;1;3296.0000;None;35600.0000
15130;2023-03-12 14:33:22.313000;6;101641;1;1;0.0000;1;3296.0000;None;35600.0000
15130;2023-03-12 14:33:22.313000;1;100862;1;1;27800.0000;1;3296.0000;None;35600.0000
15130;2023-03-12 14:33:22.313000;1;102238;1;1;1000.0000;1;3296.0000;None;35600.0000
15130;2023-03-12 14:33:22.313000;7;1196;1;1;0.0000;1;3296.0000;None;35600.0000
15131;2023-03-12 15:30:30.760000;3;100614;1;1;5800.0000;1;None;None;5800.0000
15131;2023-03-12 15:30:30.760000;7;2034;1;1;0.0000;1;None;None;5800.0000
15132;2023-03-12 15:45:08.017000;1;103771;1;1;12800.0000;1;2722.0000;None;29400.0000
15132;2023-03-12 15:45:08.017000;7;1001;1;1;0.0000;1;2722.0000;None;29400.0000
15132;2023-03-12 15:45:47.427000;3;100606;1;1;6800.0000;1;2722.0000;None;29400.0000
15132;2023-03-12 15:45:47.427000;7;2011;1;1;0.0000;1;2722.0000;None;29400.0000
15132;2023-03-12 15:45:47.427000;1;103999;1;1;9800.0000;1;2722.0000;None;29400.0000
15132;2023-03-12 15:45:47.427000;7;1223;1;1;0.0000;1;2722.0000;None;29400.0000
25924;2023-03-12 09:19:35.377000;1;100995;1;1;10800.0000;1;None;None;56400.0000
25924;2023-03-12 09:19:35.407000;1;102556;1;1;34800.0000;1;None;None;56400.0000
25924;2023-03-12 09:19:35.407000;7;1223;1;1;0.0000;1;None;None;56400.0000
25924;2023-03-12 09:19:35.407000;3;101332;1;1;10800.0000;1;None;None;56400.0000
25924;2023-03-12 09:19:35.407000;7;2009;1;1;0.0000;1;None;None;56400.0000
25924;2023-03-12 09:19:35.407000;7;2011;1;1;0.0000;1;None;None;56400.0000
25925;2023-03-12 09:20:02.167000;1;102570;1;1;16800.0000;1;3630.0000;None;39200.0000
25925;2023-03-12 09:20:02.167000;1;100590;1;1;5800.0000;1;3630.0000;None;39200.0000
25925;2023-03-12 09:20:02.167000;7;1223;1;1;0.0000;1;3630.0000;None;39200.0000
25925;2023-03-12 09:20:02.167000;3;100606;1;1;6800.0000;1;3630.0000;None;39200.0000
25925;2023-03-12 09:20:02.167000;7;2009;1;1;0.0000;1;3630.0000;None;39200.0000
25925;2023-03-12 09:20:02.167000;7;2011;1;1;0.0000;1;3630.0000;None;39200.0000
25925;2023-03-12 09:25:59.533000;3;102630;1;1;8800.0000;1;3630.0000;None;39200.0000
25925;2023-03-12 09:33:55.677000;1;102212;1;1;1000.0000;1;3630.0000;None;39200.0000
25926;2023-03-12 09:23:36.103000;3;102630;1;1;8800.0000;1;11259.0000;None;121600.0000
25926;2023-03-12 09:23:36.103000;3;102630;1;1;8800.0000;1;11259.0000;None;121600.0000
25926;2023-03-12 09:23:36.103000;3;103904;1;1;4800.0000;1;11259.0000;None;121600.0000
25926;2023-03-12 09:23:36.103000;1;101181;1;1;27800.0000;1;11259.0000;None;121600.0000
25926;2023-03-12 09:23:36.103000;1;102680;1;1;36800.0000;1;11259.0000;None;121600.0000
25926;2023-03-12 09:23:36.103000;1;100855;1;1;28800.0000;1;11259.0000;None;121600.0000
25926;2023-03-12 09:23:36.103000;1;100590;1;1;5800.0000;1;11259.0000;None;121600.0000
25927;2023-03-12 09:35:38.683000;3;100999;1;1;5800.0000;1;7389.0000;None;79800.0000
25927;2023-03-12 09:35:38.683000;3;100614;1;1;5800.0000;1;7389.0000;None;79800.0000
25927;2023-03-12 09:40:48.147000;1;102555;1;1;20800.0000;1;7389.0000;None;79800.0000
25927;2023-03-12 09:40:48.147000;1;100853;1;1;28800.0000;1;7389.0000;None;79800.0000
25927;2023-03-12 09:58:17.327000;3;102644;1;1;6800.0000;1;7389.0000;None;79800.0000
25927;2023-03-12 09:58:17.327000;7;2042;1;1;0.0000;1;7389.0000;None;79800.0000
25927;2023-03-12 10:12:17.473000;1;103086;1;1;6000.0000;1;7389.0000;None;79800.0000
25927;2023-03-12 10:12:17.473000;3;100614;1;1;5800.0000;1;7389.0000;None;79800.0000
25927;2023-03-12 10:12:17.473000;7;2034;1;2;0.0000;1;7389.0000;None;79800.0000
25928;2023-03-12 09:55:25.837000;1;102554;1;1;9800.0000;1;None;None;18200.0000
25928;2023-03-12 09:55:25.837000;7;1155;1;1;0.0000;1;None;None;18200.0000
25928;2023-03-12 09:55:25.837000;7;1132;1;1;0.0000;1;None;None;18200.0000
25928;2023-03-12 09:55:25.837000;1;104698;1;1;1600.0000;1;None;None;18200.0000
25928;2023-03-12 09:55:25.837000;7;1223;1;1;0.0000;1;None;None;18200.0000
25928;2023-03-12 09:55:25.837000;3;100607;1;1;6800.0000;1;None;None;18200.0000
25928;2023-03-12 09:55:25.837000;7;2011;1;1;0.0000;1;None;None;18200.0000
25929;2023-03-12 10:05:05.790000;1;102556;1;1;34800.0000;1;5370.0000;None;58000.0000
25929;2023-03-12 10:05:05.790000;1;100590;1;1;5800.0000;1;5370.0000;None;58000.0000
25929;2023-03-12 10:05:05.790000;1;102206;1;1;800.0000;1;5370.0000;None;58000.0000
25929;2023-03-12 10:05:05.790000;1;102212;1;1;1000.0000;1;5370.0000;None;58000.0000
25929;2023-03-12 10:05:05.790000;3;100607;1;1;6800.0000;1;5370.0000;None;58000.0000
25929;2023-03-12 10:05:05.790000;7;2001;1;1;0.0000;1;5370.0000;None;58000.0000
25929;2023-03-12 10:05:05.790000;7;2051;1;1;0.0000;1;5370.0000;None;58000.0000
25929;2023-03-12 10:31:15.510000;3;102635;1;1;8800.0000;1;5370.0000;None;58000.0000
25930;2023-03-12 10:19:05.167000;3;100614;1;1;5800.0000;1;537.0000;None;5800.0000
25931;2023-03-12 10:22:08.047000;1;104238;1;1;12800.0000;1;3148.0000;None;34000.0000
25931;2023-03-12 10:22:08.047000;7;1049;1;1;0.0000;1;3148.0000;None;34000.0000
25931;2023-03-12 10:22:08.047000;1;106731;1;1;800.0000;1;3148.0000;None;34000.0000
25931;2023-03-12 10:22:08.047000;7;1196;1;1;0.0000;1;3148.0000;None;34000.0000
25931;2023-03-12 10:22:08.047000;1;103491;1;1;7800.0000;1;3148.0000;None;34000.0000
25931;2023-03-12 10:22:08.047000;7;1157;1;2;0.0000;1;3148.0000;None;34000.0000
25931;2023-03-12 10:22:08.047000;7;1223;1;1;0.0000;1;3148.0000;None;34000.0000
25931;2023-03-12 10:22:08.047000;3;100607;1;1;6800.0000;1;3148.0000;None;34000.0000
25931;2023-03-12 10:22:08.047000;7;2009;1;1;0.0000;1;3148.0000;None;34000.0000
25931;2023-03-12 10:22:08.047000;3;100614;1;1;5800.0000;1;3148.0000;None;34000.0000
25931;2023-03-12 10:22:08.047000;7;2011;1;1;0.0000;1;3148.0000;None;34000.0000
25931;2023-03-12 10:22:08.047000;7;2034;1;2;0.0000;1;3148.0000;None;34000.0000
25932;2023-03-12 10:30:03.537000;1;102561;1;1;9800.0000;1;1593.0000;None;17200.0000
25932;2023-03-12 10:30:03.537000;1;104698;1;1;1600.0000;1;1593.0000;None;17200.0000
25932;2023-03-12 10:30:03.537000;7;1223;1;1;0.0000;1;1593.0000;None;17200.0000
25932;2023-03-12 10:30:03.537000;3;102886;1;1;5800.0000;1;1593.0000;None;17200.0000
25932;2023-03-12 10:30:03.537000;7;2011;1;1;0.0000;1;1593.0000;None;17200.0000
25933;2023-03-12 10:36:41.883000;3;100606;1;1;6800.0000;1;18611.0000;None;201000.0000
25933;2023-03-12 10:41:18.287000;3;100614;1;1;5800.0000;1;18611.0000;None;201000.0000
25933;2023-03-12 10:41:18.287000;3;100614;1;1;5800.0000;1;18611.0000;None;201000.0000
25933;2023-03-12 10:55:10.767000;3;100614;1;2;11600.0000;1;18611.0000;None;201000.0000
25933;2023-03-12 10:55:10.767000;3;102635;1;2;17600.0000;1;18611.0000;None;201000.0000
25933;2023-03-12 10:55:10.767000;1;102561;1;1;9800.0000;1;18611.0000;None;201000.0000
25933;2023-03-12 10:55:10.767000;7;1049;1;1;0.0000;1;18611.0000;None;201000.0000
25933;2023-03-12 10:55:10.767000;1;102561;1;1;9800.0000;1;18611.0000;None;201000.0000
25933;2023-03-12 10:55:10.767000;7;1049;1;1;0.0000;1;18611.0000;None;201000.0000
25933;2023-03-12 10:55:10.767000;7;1135;1;1;0.0000;1;18611.0000;None;201000.0000
25933;2023-03-12 10:55:10.767000;1;103498;1;1;5800.0000;1;18611.0000;None;201000.0000
25933;2023-03-12 10:55:10.767000;7;1196;1;1;0.0000;1;18611.0000;None;201000.0000
25933;2023-03-12 10:55:10.767000;1;101073;1;1;69800.0000;1;18611.0000;None;201000.0000
25933;2023-03-12 10:55:10.767000;1;105065;1;1;0.0000;1;18611.0000;None;201000.0000
25933;2023-03-12 10:55:10.767000;7;1002;1;1;0.0000;1;18611.0000;None;201000.0000
25933;2023-03-12 10:55:10.767000;1;100624;1;1;1400.0000;1;18611.0000;None;201000.0000
25933;2023-03-12 10:55:10.767000;7;1135;1;1;0.0000;1;18611.0000;None;201000.0000
25933;2023-03-12 10:55:10.767000;1;100995;1;1;10800.0000;1;18611.0000;None;201000.0000
25933;2023-03-12 10:55:10.767000;1;102567;1;1;14800.0000;1;18611.0000;None;201000.0000
25933;2023-03-12 10:55:10.767000;7;1049;1;1;0.0000;1;18611.0000;None;201000.0000
25933;2023-03-12 11:02:14.367000;1;101029;1;1;9800.0000;1;18611.0000;None;201000.0000
25933;2023-03-12 11:02:14.367000;7;1020;1;1;0.0000;1;18611.0000;None;201000.0000
25933;2023-03-12 11:15:28.577000;3;100614;1;1;5800.0000;1;18611.0000;None;201000.0000
25933;2023-03-12 11:15:28.577000;3;100606;1;1;6800.0000;1;18611.0000;None;201000.0000
25933;2023-03-12 11:36:14.147000;1;103095;1;1;8800.0000;1;18611.0000;None;201000.0000
25933;2023-03-12 11:36:14.147000;7;2049;1;1;0.0000;1;18611.0000;None;201000.0000
25934;2023-03-12 10:56:57.830000;1;103367;1;1;11800.0000;1;8982.0000;None;97000.0000
25934;2023-03-12 10:59:11.973000;1;103038;1;1;12800.0000;1;8982.0000;None;97000.0000
25934;2023-03-12 10:59:11.973000;1;103038;1;1;12800.0000;1;8982.0000;None;97000.0000
25934;2023-03-12 10:59:11.973000;1;101029;1;1;9800.0000;1;8982.0000;None;97000.0000
25934;2023-03-12 10:59:11.973000;1;101029;1;1;9800.0000;1;8982.0000;None;97000.0000
25934;2023-03-12 10:59:11.973000;7;1223;1;1;0.0000;1;8982.0000;None;97000.0000
25934;2023-03-12 10:59:11.973000;7;1135;1;1;0.0000;1;8982.0000;None;97000.0000
25934;2023-03-12 10:59:11.973000;3;100614;1;1;5800.0000;1;8982.0000;None;97000.0000
25934;2023-03-12 10:59:11.973000;3;100614;1;1;5800.0000;1;8982.0000;None;97000.0000
25934;2023-03-12 10:59:11.973000;7;2011;1;1;0.0000;1;8982.0000;None;97000.0000
25934;2023-03-12 11:18:52.827000;1;103034;1;1;16800.0000;1;8982.0000;None;97000.0000
25934;2023-03-12 11:18:52.827000;1;100590;1;1;5800.0000;1;8982.0000;None;97000.0000
25934;2023-03-12 11:33:21.803000;3;100614;1;1;5800.0000;1;8982.0000;None;97000.0000
25935;2023-03-12 11:10:04.797000;3;201207;1;1;6800.0000;1;10482.0000;None;113200.0000
25935;2023-03-12 11:10:04.797000;7;2029;1;1;0.0000;1;10482.0000;None;113200.0000
25935;2023-03-12 11:10:04.797000;3;100606;1;1;6800.0000;1;10482.0000;None;113200.0000
25935;2023-03-12 11:10:04.797000;7;2009;1;1;0.0000;1;10482.0000;None;113200.0000
25935;2023-03-12 11:10:04.797000;3;108302;1;1;12800.0000;1;10482.0000;None;113200.0000
25935;2023-03-12 11:10:04.797000;7;2009;1;1;0.0000;1;10482.0000;None;113200.0000
25935;2023-03-12 11:10:04.797000;7;1207;1;1;0.0000;1;10482.0000;None;113200.0000
25935;2023-03-12 11:10:04.797000;7;2011;1;1;0.0000;1;10482.0000;None;113200.0000
25935;2023-03-12 11:10:04.797000;1;102671;1;1;38800.0000;1;10482.0000;None;113200.0000
25935;2023-03-12 11:10:04.797000;1;100995;1;1;10800.0000;1;10482.0000;None;113200.0000
25935;2023-03-12 11:10:04.797000;1;100590;1;1;5800.0000;1;10482.0000;None;113200.0000
25935;2023-03-12 11:10:04.797000;1;103034;1;1;16800.0000;1;10482.0000;None;113200.0000
25935;2023-03-12 11:10:04.797000;7;1223;1;1;0.0000;1;10482.0000;None;113200.0000
25935;2023-03-12 11:44:55.140000;1;102228;1;1;8800.0000;1;10482.0000;None;113200.0000
25935;2023-03-12 11:49:19.370000;3;100614;1;1;5800.0000;1;10482.0000;None;113200.0000
25935;2023-03-12 11:49:19.370000;7;2049;1;1;0.0000;1;10482.0000;None;113200.0000
25936;2023-03-12 11:37:45.717000;3;105025;1;1;10800.0000;1;3815.0000;None;41200.0000
25936;2023-03-12 11:37:45.717000;7;2009;1;1;0.0000;1;3815.0000;None;41200.0000
25936;2023-03-12 11:37:45.717000;7;1207;1;1;0.0000;1;3815.0000;None;41200.0000
25936;2023-03-12 11:37:45.717000;3;101332;1;1;10800.0000;1;3815.0000;None;41200.0000
25936;2023-03-12 11:37:45.717000;7;2011;1;1;0.0000;1;3815.0000;None;41200.0000
25936;2023-03-12 11:37:45.717000;1;103641;1;1;13800.0000;1;3815.0000;None;41200.0000
25936;2023-03-12 11:37:45.717000;1;100590;1;1;5800.0000;1;3815.0000;None;41200.0000
25936;2023-03-12 11:37:45.717000;7;1223;1;1;0.0000;1;3815.0000;None;41200.0000
25937;2023-03-12 12:29:14.757000;1;103340;1;1;30800.0000;1;None;None;57200.0000
25937;2023-03-12 12:29:14.757000;1;101552;1;1;0.0000;1;None;None;57200.0000
25937;2023-03-12 12:29:14.757000;1;104207;1;1;7800.0000;1;None;None;57200.0000
25937;2023-03-12 12:29:14.757000;7;1157;1;1;0.0000;1;None;None;57200.0000
25937;2023-03-12 12:29:14.757000;7;1223;1;1;0.0000;1;None;None;57200.0000
25937;2023-03-12 12:29:14.757000;3;102641;1;1;10800.0000;1;None;None;57200.0000
25937;2023-03-12 12:29:14.757000;3;102619;1;1;7800.0000;1;None;None;57200.0000
25937;2023-03-12 12:29:14.757000;7;2034;1;1;0.0000;1;None;None;57200.0000
25937;2023-03-12 12:29:14.757000;7;2011;1;1;0.0000;1;None;None;57200.0000
25938;2023-03-12 12:42:40.363000;6;101061;1;1;0.0000;1;10944.0000;None;118200.0000
25938;2023-03-12 12:42:40.363000;1;102671;1;1;38800.0000;1;10944.0000;None;118200.0000
25938;2023-03-12 12:42:40.363000;1;109323;1;1;54800.0000;1;10944.0000;None;118200.0000
25938;2023-03-12 12:42:40.363000;7;1006;1;1;0.0000;1;10944.0000;None;118200.0000
25938;2023-03-12 12:42:40.363000;3;102637;1;1;9800.0000;1;10944.0000;None;118200.0000
25938;2023-03-12 12:42:40.363000;7;2036;1;1;0.0000;1;10944.0000;None;118200.0000
25938;2023-03-12 12:48:54.283000;2;201615;1;1;14800.0000;1;10944.0000;None;118200.0000
25939;2023-03-12 12:46:04.757000;6;101061;1;1;0.0000;1;10926.0000;None;118000.0000
25939;2023-03-12 12:46:04.757000;1;102982;1;1;59800.0000;1;10926.0000;None;118000.0000
25939;2023-03-12 12:46:04.757000;1;101520;1;1;0.0000;1;10926.0000;None;118000.0000
25939;2023-03-12 12:46:04.757000;1;103750;1;1;13800.0000;1;10926.0000;None;118000.0000
25939;2023-03-12 12:46:04.757000;1;102914;1;1;26800.0000;1;10926.0000;None;118000.0000
25939;2023-03-12 12:46:04.757000;7;1109;1;1;0.0000;1;10926.0000;None;118000.0000
25939;2023-03-12 12:46:04.757000;3;200644;1;1;6800.0000;1;10926.0000;None;118000.0000
25939;2023-03-12 12:46:04.757000;6;101641;1;1;0.0000;1;10926.0000;None;118000.0000
25939;2023-03-12 12:46:04.757000;3;102641;1;1;10800.0000;1;10926.0000;None;118000.0000
25940;2023-03-12 12:51:55.817000;1;106044;1;1;6000.0000;1;None;None;6000.0000
25941;2023-03-12 12:59:04.300000;3;201269;1;1;6800.0000;1;8574.0000;None;92600.0000
25941;2023-03-12 12:59:04.300000;6;101641;1;1;0.0000;1;8574.0000;None;92600.0000
25941;2023-03-12 12:59:04.300000;3;100607;1;1;6800.0000;1;8574.0000;None;92600.0000
25941;2023-03-12 12:59:04.300000;3;105025;1;1;10800.0000;1;8574.0000;None;92600.0000
25941;2023-03-12 12:59:04.300000;7;2009;1;1;0.0000;1;8574.0000;None;92600.0000
25941;2023-03-12 13:17:46.723000;1;103095;1;2;17600.0000;1;8574.0000;None;92600.0000
25941;2023-03-12 13:17:46.723000;1;109280;1;2;19600.0000;1;8574.0000;None;92600.0000
25941;2023-03-12 13:17:46.723000;1;104551;1;1;8800.0000;1;8574.0000;None;92600.0000
25941;2023-03-12 13:17:46.723000;7;1207;1;1;0.0000;1;8574.0000;None;92600.0000
25941;2023-03-12 13:17:46.723000;1;103092;1;1;8800.0000;1;8574.0000;None;92600.0000
25941;2023-03-12 13:17:46.723000;7;2034;1;6;0.0000;1;8574.0000;None;92600.0000
25941;2023-03-12 13:18:40.953000;10;700095;1;1;13400.0000;1;8574.0000;None;92600.0000
25942;2023-03-12 13:18:26.560000;1;103759;1;1;10800.0000;1;7778.0000;None;84000.0000
25942;2023-03-12 13:18:26.560000;7;1001;1;1;0.0000;1;7778.0000;None;84000.0000
25942;2023-03-12 13:18:26.560000;1;100846;1;1;30800.0000;1;7778.0000;None;84000.0000
25942;2023-03-12 13:18:26.560000;1;102914;1;1;26800.0000;1;7778.0000;None;84000.0000
25942;2023-03-12 13:18:26.560000;3;201146;1;1;6800.0000;1;7778.0000;None;84000.0000
25942;2023-03-12 13:18:26.560000;3;102635;1;1;8800.0000;1;7778.0000;None;84000.0000
25943;2023-03-12 13:23:04.307000;1;103092;1;1;8800.0000;1;1352.0000;None;14600.0000
25943;2023-03-12 13:23:04.307000;3;100614;1;1;5800.0000;1;1352.0000;None;14600.0000
25944;2023-03-12 13:26:19.070000;1;103759;1;1;10800.0000;1;10074.0000;None;108800.0000
25944;2023-03-12 13:26:19.070000;1;103759;1;1;10800.0000;1;10074.0000;None;108800.0000
25944;2023-03-12 13:26:19.070000;7;1001;1;1;0.0000;1;10074.0000;None;108800.0000
25944;2023-03-12 13:26:19.070000;1;102725;1;1;36800.0000;1;10074.0000;None;108800.0000
25944;2023-03-12 13:26:19.070000;1;102725;1;1;36800.0000;1;10074.0000;None;108800.0000
25944;2023-03-12 13:26:19.070000;3;201207;1;1;6800.0000;1;10074.0000;None;108800.0000
25944;2023-03-12 13:26:19.070000;3;201207;1;1;6800.0000;1;10074.0000;None;108800.0000
25945;2023-03-12 13:33:41.927000;3;100607;1;1;6800.0000;1;630.0000;None;6800.0000
25946;2023-03-12 13:45:01.767000;1;103342;1;1;46800.0000;1;None;None;100000.0000
25946;2023-03-12 13:45:01.767000;1;101522;1;1;0.0000;1;None;None;100000.0000
25946;2023-03-12 13:45:01.767000;1;100852;1;1;26800.0000;1;None;None;100000.0000
25946;2023-03-12 13:45:01.767000;7;1157;1;1;0.0000;1;None;None;100000.0000
25946;2023-03-12 13:45:01.767000;3;102635;1;1;8800.0000;1;None;None;100000.0000
25946;2023-03-12 13:45:01.767000;3;102635;1;1;8800.0000;1;None;None;100000.0000
25946;2023-03-12 13:45:01.767000;7;2034;1;1;0.0000;1;None;None;100000.0000
25946;2023-03-12 14:07:55.063000;3;102635;1;1;8800.0000;1;None;None;100000.0000
25947;2023-03-12 13:45:42.070000;1;103171;1;1;28800.0000;1;2667.0000;None;28800.0000
25947;2023-03-12 13:45:42.070000;7;1054;1;1;0.0000;1;2667.0000;None;28800.0000
25947;2023-03-12 13:45:42.070000;1;101522;1;1;0.0000;1;2667.0000;None;28800.0000
25947;2023-03-12 13:45:42.087000;7;1135;1;1;0.0000;1;2667.0000;None;28800.0000
25947;2023-03-12 13:45:42.087000;7;1157;1;1;0.0000;1;2667.0000;None;28800.0000
25948;2023-03-12 13:47:02.847000;1;103771;1;1;12800.0000;1;2259.0000;None;24400.0000
25948;2023-03-12 13:47:02.847000;1;102239;1;1;5800.0000;1;2259.0000;None;24400.0000
25948;2023-03-12 13:47:02.847000;7;1196;1;1;0.0000;1;2259.0000;None;24400.0000
25948;2023-03-12 13:47:02.847000;7;1135;1;1;0.0000;1;2259.0000;None;24400.0000
25948;2023-03-12 13:47:02.847000;7;1157;1;1;0.0000;1;2259.0000;None;24400.0000
25948;2023-03-12 13:47:02.847000;3;100614;1;1;5800.0000;1;2259.0000;None;24400.0000
25948;2023-03-12 13:47:02.847000;7;2034;1;1;0.0000;1;2259.0000;None;24400.0000
25948;2023-03-12 13:47:02.847000;7;2011;1;1;0.0000;1;2259.0000;None;24400.0000
25949;2023-03-12 13:47:58.573000;1;100846;1;1;30800.0000;1;None;None;59600.0000
25949;2023-03-12 13:47:58.573000;1;100845;1;1;28800.0000;1;None;None;59600.0000
25949;2023-03-12 13:47:58.573000;7;1157;1;1;0.0000;1;None;None;59600.0000
25950;2023-03-12 13:52:04.633000;6;101061;1;1;0.0000;1;8537.0000;None;92200.0000
25950;2023-03-12 13:52:04.633000;1;103784;1;1;29800.0000;1;8537.0000;None;92200.0000
25950;2023-03-12 13:52:04.633000;3;102635;1;2;17600.0000;1;8537.0000;None;92200.0000
25950;2023-03-12 13:52:04.633000;7;2036;1;2;0.0000;1;8537.0000;None;92200.0000
25950;2023-03-12 14:09:50.943000;1;104293;1;1;44800.0000;1;8537.0000;None;92200.0000
25950;2023-03-12 14:09:50.943000;7;1006;1;1;0.0000;1;8537.0000;None;92200.0000
25950;2023-03-12 14:09:50.943000;1;101522;1;1;0.0000;1;8537.0000;None;92200.0000
25950;2023-03-12 14:09:50.943000;7;1135;1;1;0.0000;1;8537.0000;None;92200.0000
25951;2023-03-12 14:01:27.187000;1;103669;1;1;23800.0000;1;2204.0000;None;23800.0000
25952;2023-03-12 14:07:35.057000;1;103171;1;1;28800.0000;1;None;None;28800.0000
25952;2023-03-12 14:07:35.057000;1;101522;1;1;0.0000;1;None;None;28800.0000
25952;2023-03-12 14:07:35.057000;7;1054;1;1;0.0000;1;None;None;28800.0000
25952;2023-03-12 14:07:35.057000;7;1157;1;1;0.0000;1;None;None;28800.0000
25952;2023-03-12 14:07:35.057000;7;1135;1;1;0.0000;1;None;None;28800.0000
25954;2023-03-12 15:04:13.390000;1;104293;1;1;44800.0000;1;13019.0000;None;140600.0000
25954;2023-03-12 15:04:13.390000;1;104294;1;1;65800.0000;1;13019.0000;None;140600.0000
25954;2023-03-12 15:04:13.390000;3;200644;1;1;6800.0000;1;13019.0000;None;140600.0000
25954;2023-03-12 15:04:13.390000;3;102747;1;1;4800.0000;1;13019.0000;None;140600.0000
25954;2023-03-12 15:13:22.863000;1;102132;1;1;6800.0000;1;13019.0000;None;140600.0000
25954;2023-03-12 15:21:18.190000;3;100614;1;1;5800.0000;1;13019.0000;None;140600.0000
25954;2023-03-12 15:21:18.190000;3;100614;1;1;5800.0000;1;13019.0000;None;140600.0000
25955;2023-03-12 15:18:05.630000;3;100614;1;1;5800.0000;1;None;None;5800.0000
25955;2023-03-12 15:18:05.630000;7;2034;1;1;0.0000;1;None;None;5800.0000
25956;2023-03-12 15:21:35.157000;3;201207;1;1;6800.0000;1;4222.0000;None;45600.0000
25956;2023-03-12 15:21:35.157000;1;102671;1;1;38800.0000;1;4222.0000;None;45600.0000
