9723;2023-03-13 10:24:50.570000;1;104294;1;6;394800.0000;1;72241.0000;None;780200.0000
9723;2023-03-13 10:24:50.570000;1;101522;1;1;0.0000;1;72241.0000;None;780200.0000
9723;2023-03-13 10:24:50.570000;7;1006;1;6;0.0000;1;72241.0000;None;780200.0000
9723;2023-03-13 10:24:50.570000;1;105647;1;2;139600.0000;1;72241.0000;None;780200.0000
9723;2023-03-13 10:24:50.570000;1;101522;1;1;0.0000;1;72241.0000;None;780200.0000
9723;2023-03-13 10:24:50.570000;1;102172;1;8;30400.0000;1;72241.0000;None;780200.0000
9723;2023-03-13 10:24:50.587000;7;1157;1;8;0.0000;1;72241.0000;None;780200.0000
9723;2023-03-13 10:24:50.587000;7;1135;1;1;0.0000;1;72241.0000;None;780200.0000
9723;2023-03-13 10:24:50.587000;7;1135;1;1;0.0000;1;72241.0000;None;780200.0000
9723;2023-03-13 10:24:50.587000;3;200644;1;1;6800.0000;1;72241.0000;None;780200.0000
9723;2023-03-13 10:24:50.587000;3;102635;1;7;61600.0000;1;72241.0000;None;780200.0000
9723;2023-03-13 10:24:50.587000;7;2034;1;8;0.0000;1;72241.0000;None;780200.0000
9723;2023-03-13 10:24:50.587000;7;1207;1;1;0.0000;1;72241.0000;None;780200.0000
9723;2023-03-13 13:37:45.373000;3;200644;1;4;27200.0000;1;72241.0000;None;780200.0000
9723;2023-03-13 13:37:45.373000;7;2049;1;1;0.0000;1;72241.0000;None;780200.0000
9723;2023-03-13 13:37:45.373000;7;2049;1;1;0.0000;1;72241.0000;None;780200.0000
9723;2023-03-13 13:37:45.373000;7;2049;1;1;0.0000;1;72241.0000;None;780200.0000
9723;2023-03-13 13:40:02.477000;1;105421;1;4;79200.0000;1;72241.0000;None;780200.0000
9723;2023-03-13 13:40:02.477000;7;1039;1;1;0.0000;1;72241.0000;None;780200.0000
9723;2023-03-13 15:33:05.753000;3;100614;1;7;40600.0000;1;72241.0000;None;780200.0000
9723;2023-03-13 15:33:05.753000;7;2049;1;1;0.0000;1;72241.0000;None;780200.0000
9725;2023-03-13 10:57:24.237000;1;103342;1;1;46800.0000;1;5148.0000;None;55600.0000
9725;2023-03-13 10:57:24.237000;1;101522;1;1;0.0000;1;5148.0000;None;55600.0000
9725;2023-03-13 10:57:24.237000;3;102635;1;1;8800.0000;1;5148.0000;None;55600.0000
9725;2023-03-13 10:57:24.237000;7;1207;1;1;0.0000;1;5148.0000;None;55600.0000
9726;2023-03-13 10:59:01.843000;1;108452;1;1;23800.0000;1;4944.0000;None;53400.0000
9726;2023-03-13 10:59:01.843000;7;1135;1;1;0.0000;1;4944.0000;None;53400.0000
9726;2023-03-13 10:59:01.843000;3;107198;1;1;9800.0000;1;4944.0000;None;53400.0000
9726;2023-03-13 10:59:01.843000;7;1207;1;1;0.0000;1;4944.0000;None;53400.0000
9726;2023-03-13 10:59:01.843000;8;102803;1;1;19800.0000;1;4944.0000;None;53400.0000
9726;2023-03-13 10:59:01.843000;7;1151;1;1;0.0000;1;4944.0000;None;53400.0000
9726;2023-03-13 10:59:01.843000;7;1152;1;1;0.0000;1;4944.0000;None;53400.0000
9726;2023-03-13 10:59:01.843000;7;1213;1;1;0.0000;1;4944.0000;None;53400.0000
9727;2023-03-13 12:01:19.763000;6;101061;1;1;0.0000;1;5315.0000;None;57400.0000
9727;2023-03-13 12:01:19.763000;1;103759;1;1;10800.0000;1;5315.0000;None;57400.0000
9727;2023-03-13 12:01:19.763000;7;1001;1;1;0.0000;1;5315.0000;None;57400.0000
9727;2023-03-13 12:01:19.763000;1;103955;1;1;41800.0000;1;5315.0000;None;57400.0000
9727;2023-03-13 12:01:19.763000;6;104684;1;1;0.0000;1;5315.0000;None;57400.0000
9727;2023-03-13 12:01:19.763000;3;102747;1;1;4800.0000;1;5315.0000;None;57400.0000
9727;2023-03-13 12:01:19.763000;7;2072;1;1;0.0000;1;5315.0000;None;57400.0000
9728;2023-03-13 12:01:57.670000;6;101061;1;1;0.0000;1;2944.0000;None;31800.0000
9728;2023-03-13 12:01:57.670000;1;105188;1;1;31800.0000;1;2944.0000;None;31800.0000
9728;2023-03-13 12:01:57.670000;7;1045;1;1;0.0000;1;2944.0000;None;31800.0000
9728;2023-03-13 12:18:15.633000;6;101641;2;1;0.0000;1;2944.0000;None;31800.0000
9728;2023-03-13 12:21:27.647000;7;1220;1;1;0.0000;1;2944.0000;None;31800.0000
9729;2023-03-13 12:02:11.217000;2;200480;1;1;12800.0000;1;1185.0000;None;12800.0000
9733;2023-03-13 13:21:10.757000;1;103790;1;1;39800.0000;1;None;None;48600.0000
9733;2023-03-13 13:21:10.757000;7;1157;1;1;0.0000;1;None;None;48600.0000
9733;2023-03-13 13:21:10.757000;3;102635;1;1;8800.0000;1;None;None;48600.0000
9733;2023-03-13 13:21:10.757000;7;2034;1;1;0.0000;1;None;None;48600.0000
9736;2023-03-13 12:54:56.753000;3;100614;1;1;5800.0000;1;None;None;11600.0000
9736;2023-03-13 12:54:56.753000;7;2034;1;1;0.0000;1;None;None;11600.0000
9736;2023-03-13 14:33:59.697000;3;100614;1;1;5800.0000;1;None;None;11600.0000
9736;2023-03-13 14:33:59.697000;7;2034;1;1;0.0000;1;None;None;11600.0000
9736;2023-03-13 14:33:59.697000;7;1207;1;1;0.0000;1;None;None;11600.0000
9740;2023-03-13 12:59:31.343000;1;103759;1;1;10800.0000;1;5907.0000;None;63800.0000
9740;2023-03-13 12:59:31.343000;1;102132;1;1;6800.0000;1;5907.0000;None;63800.0000
9740;2023-03-13 12:59:31.343000;1;102275;1;1;12800.0000;1;5907.0000;None;63800.0000
9740;2023-03-13 12:59:31.343000;7;1045;1;1;0.0000;1;5907.0000;None;63800.0000
9740;2023-03-13 13:04:16.297000;8;107550;1;1;17800.0000;1;5907.0000;None;63800.0000
9740;2023-03-13 13:04:16.297000;7;1151;1;2;0.0000;1;5907.0000;None;63800.0000
9740;2023-03-13 13:04:16.297000;7;1164;1;2;0.0000;1;5907.0000;None;63800.0000
9740;2023-03-13 13:17:25.910000;3;102635;1;1;8800.0000;1;5907.0000;None;63800.0000
9740;2023-03-13 13:17:25.910000;7;2042;1;1;0.0000;1;5907.0000;None;63800.0000
9740;2023-03-13 14:02:41.027000;3;100606;1;1;6800.0000;1;5907.0000;None;63800.0000
15133;2023-03-13 08:25:10.570000;3;100614;1;1;5800.0000;1;3889.0000;None;42000.0000
15133;2023-03-13 08:29:03.970000;1;102554;1;1;9800.0000;1;3889.0000;None;42000.0000
15133;2023-03-13 08:29:03.970000;7;1049;1;1;0.0000;1;3889.0000;None;42000.0000
15133;2023-03-13 08:29:03.970000;1;102561;1;1;9800.0000;1;3889.0000;None;42000.0000
15133;2023-03-13 08:29:03.970000;1;100995;1;1;10800.0000;1;3889.0000;None;42000.0000
15133;2023-03-13 08:29:03.970000;7;1223;1;1;0.0000;1;3889.0000;None;42000.0000
15133;2023-03-13 08:29:03.970000;3;102886;1;1;5800.0000;1;3889.0000;None;42000.0000
15133;2023-03-13 08:29:03.970000;7;2011;1;1;0.0000;1;3889.0000;None;42000.0000
15134;2023-03-13 08:47:05.860000;3;100614;1;1;5800.0000;1;3074.0000;None;33200.0000
15134;2023-03-13 08:47:05.860000;3;104554;1;1;4800.0000;1;3074.0000;None;33200.0000
15134;2023-03-13 08:47:05.860000;1;103367;1;1;11800.0000;1;3074.0000;None;33200.0000
15134;2023-03-13 08:47:05.860000;1;100995;1;1;10800.0000;1;3074.0000;None;33200.0000
15135;2023-03-13 08:49:11.220000;3;100606;1;1;6800.0000;1;6111.0000;None;66000.0000
15135;2023-03-13 08:59:05.877000;1;102556;1;1;34800.0000;1;6111.0000;None;66000.0000
15135;2023-03-13 08:59:05.877000;1;102314;1;1;8800.0000;1;6111.0000;None;66000.0000
15135;2023-03-13 08:59:05.877000;1;108351;1;1;21800.0000;1;6111.0000;None;66000.0000
15135;2023-03-13 08:59:05.877000;3;102641;1;1;10800.0000;1;6111.0000;None;66000.0000
15135;2023-03-13 09:03:12.597000;1;102548;1;1;17800.0000;1;6111.0000;None;66000.0000
15135;2023-03-13 09:05:50.403000;1;102556;1;-1;-34800.0000;1;6111.0000;None;66000.0000
15137;2023-03-13 09:06:32.423000;3;104554;1;1;4800.0000;1;5389.0000;None;58200.0000
15137;2023-03-13 09:06:32.423000;3;200644;1;1;6800.0000;1;5389.0000;None;58200.0000
15137;2023-03-13 09:06:32.423000;3;103911;1;1;6800.0000;1;5389.0000;None;58200.0000
15137;2023-03-13 09:06:32.423000;7;2001;1;1;0.0000;1;5389.0000;None;58200.0000
15137;2023-03-13 09:06:32.423000;7;2051;1;1;0.0000;1;5389.0000;None;58200.0000
15137;2023-03-13 09:07:11.377000;3;100999;1;1;5800.0000;1;5389.0000;None;58200.0000
15137;2023-03-13 09:07:11.377000;7;1207;1;1;0.0000;1;5389.0000;None;58200.0000
15137;2023-03-13 09:15:10.047000;3;201146;1;1;6800.0000;1;5389.0000;None;58200.0000
15137;2023-03-13 09:21:46.790000;3;100614;1;1;5800.0000;1;5389.0000;None;58200.0000
15137;2023-03-13 10:09:40.993000;3;104554;1;1;4800.0000;1;5389.0000;None;58200.0000
15137;2023-03-13 10:09:40.993000;3;102102;1;1;9800.0000;1;5389.0000;None;58200.0000
15137;2023-03-13 10:09:40.993000;7;1207;1;1;0.0000;1;5389.0000;None;58200.0000
15137;2023-03-13 10:09:40.993000;3;200644;1;1;6800.0000;1;5389.0000;None;58200.0000
15137;2023-03-13 10:09:40.993000;6;101641;1;1;0.0000;1;5389.0000;None;58200.0000
15139;2023-03-13 10:14:54.750000;3;100606;1;1;6800.0000;1;2333.0000;None;25200.0000
15139;2023-03-13 10:14:54.750000;3;100606;1;1;6800.0000;1;2333.0000;None;25200.0000
15139;2023-03-13 10:14:54.750000;1;100590;1;1;5800.0000;1;2333.0000;None;25200.0000
15139;2023-03-13 10:14:54.750000;1;100590;1;1;5800.0000;1;2333.0000;None;25200.0000
15140;2023-03-13 10:36:12.047000;3;100606;1;1;6800.0000;1;1981.0000;None;21400.0000
15140;2023-03-13 10:52:54.027000;3;100606;1;1;6800.0000;1;1981.0000;None;21400.0000
15140;2023-03-13 08:59:05.877000;1;104747;1;1;7800.0000;1;1981.0000;None;21400.0000
15140;2023-03-13 09:42:04.937000;1;101029;1;1;9800.0000;1;1981.0000;None;21400.0000
15140;2023-03-13 10:27:14.057000;1;101029;1;-1;-9800.0000;1;1981.0000;None;21400.0000
15142;2023-03-13 10:38:31;1;103365;1;1;9800.0000;1;2537.0000;None;27400.0000
15142;2023-03-13 10:38:57.493000;3;100606;1;1;6800.0000;1;2537.0000;None;27400.0000
15142;2023-03-13 10:38:57.493000;7;2009;1;1;0.0000;1;2537.0000;None;27400.0000
15142;2023-03-13 10:38:57.493000;7;2011;1;1;0.0000;1;2537.0000;None;27400.0000
15142;2023-03-13 10:38:57.493000;7;2011;1;1;0.0000;1;2537.0000;None;27400.0000
15142;2023-03-13 10:38:57.493000;1;100995;1;1;10800.0000;1;2537.0000;None;27400.0000
15142;2023-03-13 10:38:57.493000;7;1223;1;1;0.0000;1;2537.0000;None;27400.0000
15142;2023-03-13 10:38:57.493000;7;1223;1;1;0.0000;1;2537.0000;None;27400.0000
15143;2023-03-13 11:19:15.900000;3;100606;1;1;6800.0000;1;2778.0000;None;30000.0000
15143;2023-03-13 11:19:15.900000;3;100614;1;1;5800.0000;1;2778.0000;None;30000.0000
15143;2023-03-13 11:33:33.033000;3;100614;1;1;5800.0000;1;2778.0000;None;30000.0000
15143;2023-03-13 11:33:33.033000;3;100614;1;1;5800.0000;1;2778.0000;None;30000.0000
15143;2023-03-13 11:49:18.377000;3;100614;1;1;5800.0000;1;2778.0000;None;30000.0000
15144;2023-03-13 11:33:26.937000;3;100613;1;1;5800.0000;1;None;None;22400.0000
15144;2023-03-13 11:33:26.937000;3;105025;1;1;10800.0000;1;None;None;22400.0000
15144;2023-03-13 11:33:26.937000;1;100590;1;3;17400.0000;1;None;None;22400.0000
15144;2023-03-13 11:43:50.137000;1;100590;1;-3;-17400.0000;1;None;None;22400.0000
15144;2023-03-13 11:43:50.137000;1;100590;1;1;5800.0000;1;None;None;22400.0000
15145;2023-03-13 11:37:37.103000;3;100614;1;1;5800.0000;1;2796.0000;None;30200.0000
15145;2023-03-13 12:05:57.220000;3;200644;1;2;13600.0000;1;2796.0000;None;30200.0000
15145;2023-03-13 12:05:57.220000;1;103759;1;1;10800.0000;1;2796.0000;None;30200.0000
15145;2023-03-13 12:05:57.220000;7;1001;1;1;0.0000;1;2796.0000;None;30200.0000
15145;2023-03-13 12:10:30.237000;6;101641;2;1;0.0000;1;2796.0000;None;30200.0000
15147;2023-03-13 12:07:15.683000;3;100614;1;1;5800.0000;1;None;None;5800.0000
15147;2023-03-13 12:07:15.683000;7;2034;1;1;0.0000;1;None;None;5800.0000
15148;2023-03-13 12:07:48.713000;1;102982;1;1;59800.0000;1;11093.0000;None;119800.0000
15148;2023-03-13 12:07:48.713000;7;1002;1;1;0.0000;1;11093.0000;None;119800.0000
15148;2023-03-13 12:07:48.713000;1;101433;1;1;0.0000;1;11093.0000;None;119800.0000
15148;2023-03-13 12:07:48.713000;1;102132;1;1;6800.0000;1;11093.0000;None;119800.0000
15148;2023-03-13 12:07:48.713000;7;1196;1;1;0.0000;1;11093.0000;None;119800.0000
15148;2023-03-13 12:07:48.713000;7;1135;1;1;0.0000;1;11093.0000;None;119800.0000
15148;2023-03-13 12:07:48.713000;6;101061;1;1;0.0000;1;11093.0000;None;119800.0000
15148;2023-03-13 12:07:48.713000;3;102641;1;1;10800.0000;1;11093.0000;None;119800.0000
15148;2023-03-13 12:09:26.087000;1;103171;1;1;28800.0000;1;11093.0000;None;119800.0000
15148;2023-03-13 12:09:26.087000;1;101433;1;1;0.0000;1;11093.0000;None;119800.0000
15148;2023-03-13 12:09:26.087000;1;103400;1;1;7800.0000;1;11093.0000;None;119800.0000
15148;2023-03-13 12:09:26.087000;3;104446;1;1;5800.0000;1;11093.0000;None;119800.0000
15150;2023-03-13 12:15:34.347000;6;101061;1;2;0.0000;1;39500.0000;None;426600.0000
15150;2023-03-13 12:15:34.347000;1;105647;1;1;69800.0000;1;39500.0000;None;426600.0000
15150;2023-03-13 12:15:34.347000;1;101433;1;1;0.0000;1;39500.0000;None;426600.0000
15150;2023-03-13 12:15:34.347000;7;1079;1;1;0.0000;1;39500.0000;None;426600.0000
15150;2023-03-13 12:15:34.347000;1;102132;1;1;6800.0000;1;39500.0000;None;426600.0000
15150;2023-03-13 12:15:34.347000;7;1196;1;1;0.0000;1;39500.0000;None;426600.0000
15150;2023-03-13 12:15:34.347000;1;102261;1;1;5800.0000;1;39500.0000;None;426600.0000
15150;2023-03-13 12:15:34.347000;1;105647;1;1;69800.0000;1;39500.0000;None;426600.0000
15150;2023-03-13 12:15:34.347000;1;101433;1;1;0.0000;1;39500.0000;None;426600.0000
15150;2023-03-13 12:15:34.347000;1;102132;1;1;6800.0000;1;39500.0000;None;426600.0000
15150;2023-03-13 12:15:34.347000;7;1196;1;1;0.0000;1;39500.0000;None;426600.0000
15150;2023-03-13 12:15:34.347000;1;105647;1;1;69800.0000;1;39500.0000;None;426600.0000
15150;2023-03-13 12:15:34.347000;1;101433;1;1;0.0000;1;39500.0000;None;426600.0000
15150;2023-03-13 12:15:34.347000;1;102132;1;1;6800.0000;1;39500.0000;None;426600.0000
15150;2023-03-13 12:15:34.347000;7;1196;1;1;0.0000;1;39500.0000;None;426600.0000
15150;2023-03-13 12:15:34.347000;1;100858;1;1;13800.0000;1;39500.0000;None;426600.0000
15150;2023-03-13 12:15:34.347000;1;102982;1;1;59800.0000;1;39500.0000;None;426600.0000
15150;2023-03-13 12:15:34.347000;1;101522;1;1;0.0000;1;39500.0000;None;426600.0000
15150;2023-03-13 12:15:34.347000;7;1002;1;1;0.0000;1;39500.0000;None;426600.0000
15150;2023-03-13 12:15:34.347000;1;105647;1;1;69800.0000;1;39500.0000;None;426600.0000
15150;2023-03-13 12:15:34.347000;1;101433;1;1;0.0000;1;39500.0000;None;426600.0000
15150;2023-03-13 12:15:34.347000;1;102132;1;1;6800.0000;1;39500.0000;None;426600.0000
15150;2023-03-13 12:15:34.347000;7;1196;1;1;0.0000;1;39500.0000;None;426600.0000
15150;2023-03-13 12:15:34.347000;7;1135;1;1;0.0000;1;39500.0000;None;426600.0000
15150;2023-03-13 12:15:34.347000;7;1135;1;1;0.0000;1;39500.0000;None;426600.0000
15150;2023-03-13 12:15:34.347000;3;201269;1;2;13600.0000;1;39500.0000;None;426600.0000
15150;2023-03-13 12:15:34.347000;6;101641;1;2;0.0000;1;39500.0000;None;426600.0000
15150;2023-03-13 12:15:34.347000;3;201146;1;1;6800.0000;1;39500.0000;None;426600.0000
15150;2023-03-13 12:15:34.347000;6;101641;1;1;0.0000;1;39500.0000;None;426600.0000
15150;2023-03-13 12:15:34.347000;3;201146;1;1;6800.0000;1;39500.0000;None;426600.0000
15150;2023-03-13 12:15:34.347000;3;200644;1;2;13600.0000;1;39500.0000;None;426600.0000
15150;2023-03-13 12:15:34.347000;6;101641;1;2;0.0000;1;39500.0000;None;426600.0000
15152;2023-03-13 12:16:40.940000;6;101061;1;1;0.0000;1;26158.0000;None;282500.0000
15152;2023-03-13 12:16:40.940000;1;109323;1;1;54800.0000;1;26158.0000;None;282500.0000
15152;2023-03-13 12:16:40.940000;7;1205;1;1;0.0000;1;26158.0000;None;282500.0000
15152;2023-03-13 12:16:40.940000;1;102953;1;1;31800.0000;1;26158.0000;None;282500.0000
15152;2023-03-13 12:16:40.940000;1;102141;1;1;1700.0000;1;26158.0000;None;282500.0000
15152;2023-03-13 12:16:40.940000;7;1196;1;1;0.0000;1;26158.0000;None;282500.0000
15152;2023-03-13 12:16:40.940000;7;1028;1;1;0.0000;1;26158.0000;None;282500.0000
15152;2023-03-13 12:16:40.940000;8;102803;1;1;19800.0000;1;26158.0000;None;282500.0000
15152;2023-03-13 12:16:40.940000;7;1151;1;2;0.0000;1;26158.0000;None;282500.0000
15152;2023-03-13 12:16:40.940000;7;1164;1;2;0.0000;1;26158.0000;None;282500.0000
15152;2023-03-13 12:16:40.940000;7;1051;1;1;0.0000;1;26158.0000;None;282500.0000
15152;2023-03-13 12:20:59.827000;3;102747;1;1;4800.0000;1;26158.0000;None;282500.0000
15152;2023-03-13 12:20:59.827000;2;101708;1;1;30600.0000;1;26158.0000;None;282500.0000
15152;2023-03-13 12:20:59.827000;6;105520;1;1;0.0000;1;26158.0000;None;282500.0000
15152;2023-03-13 12:20:59.827000;7;2047;1;1;0.0000;1;26158.0000;None;282500.0000
15152;2023-03-13 12:20:59.827000;7;2002;1;1;0.0000;1;26158.0000;None;282500.0000
15152;2023-03-13 12:20:59.827000;6;101641;1;1;0.0000;1;26158.0000;None;282500.0000
15152;2023-03-13 12:20:59.827000;2;101708;1;1;30600.0000;1;26158.0000;None;282500.0000
15152;2023-03-13 12:20:59.827000;7;2047;1;1;0.0000;1;26158.0000;None;282500.0000
15152;2023-03-13 12:20:59.827000;7;2002;1;1;0.0000;1;26158.0000;None;282500.0000
15152;2023-03-13 12:20:59.827000;6;101641;1;2;0.0000;1;26158.0000;None;282500.0000
15152;2023-03-13 12:20:59.827000;7;1207;1;1;0.0000;1;26158.0000;None;282500.0000
15152;2023-03-13 12:20:59.827000;3;202114;1;2;23600.0000;1;26158.0000;None;282500.0000
15152;2023-03-13 12:20:59.827000;7;1207;1;1;0.0000;1;26158.0000;None;282500.0000
15152;2023-03-13 12:20:59.827000;7;1207;1;1;0.0000;1;26158.0000;None;282500.0000
15152;2023-03-13 12:25:15.890000;1;101244;1;1;29800.0000;1;26158.0000;None;282500.0000
15152;2023-03-13 12:25:15.890000;1;103772;1;1;17800.0000;1;26158.0000;None;282500.0000
15152;2023-03-13 12:25:15.890000;3;201146;1;1;6800.0000;1;26158.0000;None;282500.0000
15152;2023-03-13 13:04:51.750000;3;102102;1;3;29400.0000;1;26158.0000;None;282500.0000
15152;2023-03-13 13:04:51.750000;7;2001;1;3;0.0000;1;26158.0000;None;282500.0000
15152;2023-03-13 13:04:51.750000;7;2051;1;1;0.0000;1;26158.0000;None;282500.0000
15152;2023-03-13 13:04:51.750000;7;1207;1;1;0.0000;1;26158.0000;None;282500.0000
15152;2023-03-13 13:04:51.750000;1;102212;1;1;1000.0000;1;26158.0000;None;282500.0000
15153;2023-03-13 12:22:02.687000;3;104554;1;1;4800.0000;1;17519.0000;None;189200.0000
15153;2023-03-13 12:22:02.687000;3;200644;1;1;6800.0000;1;17519.0000;None;189200.0000
15153;2023-03-13 12:22:02.687000;6;101641;1;1;0.0000;1;17519.0000;None;189200.0000
15153;2023-03-13 12:27:45.220000;8;109318;1;1;40800.0000;1;17519.0000;None;189200.0000
15153;2023-03-13 12:27:45.220000;7;1151;1;1;0.0000;1;17519.0000;None;189200.0000
15153;2023-03-13 12:27:45.220000;7;1152;1;1;0.0000;1;17519.0000;None;189200.0000
15153;2023-03-13 12:27:45.220000;7;1164;1;2;0.0000;1;17519.0000;None;189200.0000
15153;2023-03-13 12:27:45.220000;7;1213;1;1;0.0000;1;17519.0000;None;189200.0000
15153;2023-03-13 12:27:45.220000;8;109318;1;1;40800.0000;1;17519.0000;None;189200.0000
15153;2023-03-13 12:27:45.220000;7;1151;1;1;0.0000;1;17519.0000;None;189200.0000
15153;2023-03-13 12:27:45.220000;7;1152;1;1;0.0000;1;17519.0000;None;189200.0000
15153;2023-03-13 12:27:45.220000;7;1164;1;2;0.0000;1;17519.0000;None;189200.0000
15153;2023-03-13 12:27:45.220000;7;1208;1;1;0.0000;1;17519.0000;None;189200.0000
15153;2023-03-13 12:27:45.220000;1;105647;1;1;69800.0000;1;17519.0000;None;189200.0000
15153;2023-03-13 12:27:45.220000;1;101433;1;1;0.0000;1;17519.0000;None;189200.0000
15153;2023-03-13 12:27:45.220000;1;102132;1;1;6800.0000;1;17519.0000;None;189200.0000
15153;2023-03-13 12:27:45.220000;7;1135;1;1;0.0000;1;17519.0000;None;189200.0000
15153;2023-03-13 12:27:45.220000;7;1028;1;1;0.0000;1;17519.0000;None;189200.0000
15153;2023-03-13 12:27:45.220000;7;1028;1;1;0.0000;1;17519.0000;None;189200.0000
15153;2023-03-13 12:27:45.220000;3;201146;1;1;6800.0000;1;17519.0000;None;189200.0000
15153;2023-03-13 12:54:01.477000;1;102261;1;1;5800.0000;1;17519.0000;None;189200.0000
15153;2023-03-13 13:29:20.640000;3;200644;1;1;6800.0000;1;17519.0000;None;189200.0000
15153;2023-03-13 13:29:20.640000;6;101641;1;1;0.0000;1;17519.0000;None;189200.0000
15155;2023-03-13 12:24:54.173000;3;201146;1;1;6800.0000;1;4204.0000;None;45400.0000
15155;2023-03-13 12:24:54.173000;6;101641;1;1;0.0000;1;4204.0000;None;45400.0000
15155;2023-03-13 12:24:54.173000;3;102747;1;1;4800.0000;1;4204.0000;None;45400.0000
15155;2023-03-13 13:08:29.427000;1;102679;1;1;33800.0000;1;4204.0000;None;45400.0000
15156;2023-03-13 12:25:51.487000;1;102501;1;1;39800.0000;1;10019.0000;None;108200.0000
15156;2023-03-13 12:25:51.487000;6;103488;1;1;0.0000;1;10019.0000;None;108200.0000
15156;2023-03-13 12:25:51.487000;7;1006;1;1;0.0000;1;10019.0000;None;108200.0000
15156;2023-03-13 12:25:51.487000;1;109323;1;1;54800.0000;1;10019.0000;None;108200.0000
15156;2023-03-13 12:25:51.487000;7;1006;1;1;0.0000;1;10019.0000;None;108200.0000
15156;2023-03-13 12:25:51.487000;3;201237;1;1;6800.0000;1;10019.0000;None;108200.0000
15156;2023-03-13 12:25:51.487000;3;201237;1;1;6800.0000;1;10019.0000;None;108200.0000
15156;2023-03-13 12:25:51.487000;6;101061;1;1;0.0000;1;10019.0000;None;108200.0000
15157;2023-03-13 12:29:26.790000;2;101680;1;1;19800.0000;1;11926.0000;None;128800.0000
15157;2023-03-13 12:29:26.790000;7;1207;1;1;0.0000;1;11926.0000;None;128800.0000
15157;2023-03-13 12:29:26.790000;3;201146;1;1;6800.0000;1;11926.0000;None;128800.0000
15157;2023-03-13 12:29:26.790000;6;101641;1;1;0.0000;1;11926.0000;None;128800.0000
15157;2023-03-13 12:29:26.790000;1;104293;1;1;44800.0000;1;11926.0000;None;128800.0000
15157;2023-03-13 12:29:26.790000;1;101552;1;1;0.0000;1;11926.0000;None;128800.0000
15157;2023-03-13 12:29:26.790000;7;1006;1;1;0.0000;1;11926.0000;None;128800.0000
15157;2023-03-13 12:29:26.790000;1;104293;1;1;44800.0000;1;11926.0000;None;128800.0000
15157;2023-03-13 12:29:26.790000;7;1006;1;1;0.0000;1;11926.0000;None;128800.0000
15157;2023-03-13 12:29:26.790000;1;101433;1;1;0.0000;1;11926.0000;None;128800.0000
15157;2023-03-13 12:29:26.790000;1;102132;1;1;6800.0000;1;11926.0000;None;128800.0000
15157;2023-03-13 12:29:26.790000;7;1196;1;1;0.0000;1;11926.0000;None;128800.0000
15157;2023-03-13 12:29:26.790000;6;101061;1;1;0.0000;1;11926.0000;None;128800.0000
15157;2023-03-13 13:11:54.377000;3;100614;1;1;5800.0000;1;11926.0000;None;128800.0000
15157;2023-03-13 13:31:32.663000;7;99999;1;1;0.0000;1;11926.0000;None;128800.0000
15157;2023-03-13 13:31:32.663000;7;1222;1;1;0.0000;1;11926.0000;None;128800.0000
15158;2023-03-13 12:31:50.420000;1;105188;1;1;31800.0000;1;6778.0000;None;73200.0000
15158;2023-03-13 12:31:50.420000;1;103784;1;1;29800.0000;1;6778.0000;None;73200.0000
15158;2023-03-13 12:31:50.420000;7;1135;1;1;0.0000;1;6778.0000;None;73200.0000
15158;2023-03-13 12:31:50.420000;3;201261;1;1;6800.0000;1;6778.0000;None;73200.0000
15158;2023-03-13 12:31:50.420000;3;102747;1;1;4800.0000;1;6778.0000;None;73200.0000
15158;2023-03-13 12:31:50.420000;7;2072;1;1;0.0000;1;6778.0000;None;73200.0000
15159;2023-03-13 12:36:15.570000;3;100606;1;1;6800.0000;1;4704.0000;None;50800.0000
15159;2023-03-13 12:48:33.843000;1;101244;1;1;29800.0000;1;4704.0000;None;50800.0000
15159;2023-03-13 12:48:33.843000;1;104698;1;1;1600.0000;1;4704.0000;None;50800.0000
15159;2023-03-13 12:48:33.843000;7;1223;1;1;0.0000;1;4704.0000;None;50800.0000
15159;2023-03-13 12:48:33.843000;3;100607;1;1;6800.0000;1;4704.0000;None;50800.0000
15159;2023-03-13 12:48:33.843000;7;2011;1;1;0.0000;1;4704.0000;None;50800.0000
15159;2023-03-13 13:05:54.967000;3;102649;1;1;5800.0000;1;4704.0000;None;50800.0000
15159;2023-03-13 13:05:54.967000;7;2042;1;1;0.0000;1;4704.0000;None;50800.0000
15159;2023-03-13 13:05:54.967000;7;2072;1;1;0.0000;1;4704.0000;None;50800.0000
15160;2023-03-13 12:38:12.897000;2;101844;1;1;25800.0000;1;39408.0000;None;425600.0000
15160;2023-03-13 12:38:12.897000;2;101844;1;1;25800.0000;1;39408.0000;None;425600.0000
15160;2023-03-13 12:38:12.897000;7;1207;1;1;0.0000;1;39408.0000;None;425600.0000
15160;2023-03-13 12:38:12.897000;2;201184;1;1;10800.0000;1;39408.0000;None;425600.0000
15160;2023-03-13 12:38:12.897000;2;201184;1;1;10800.0000;1;39408.0000;None;425600.0000
15160;2023-03-13 12:38:12.897000;1;102132;1;1;6800.0000;1;39408.0000;None;425600.0000
15160;2023-03-13 12:38:12.897000;1;102035;1;1;35800.0000;1;39408.0000;None;425600.0000
15160;2023-03-13 12:47:05.540000;1;108794;1;1;48800.0000;1;39408.0000;None;425600.0000
15160;2023-03-13 12:47:05.540000;7;1006;1;1;0.0000;1;39408.0000;None;425600.0000
15160;2023-03-13 12:47:05.540000;6;101061;1;1;0.0000;1;39408.0000;None;425600.0000
15160;2023-03-13 12:49:49.450000;2;101844;1;1;25800.0000;1;39408.0000;None;425600.0000
15160;2023-03-13 12:49:49.450000;6;105631;1;1;0.0000;1;39408.0000;None;425600.0000
15160;2023-03-13 12:49:49.450000;3;200644;1;1;6800.0000;1;39408.0000;None;425600.0000
15160;2023-03-13 12:55:42.783000;1;102498;1;1;34800.0000;1;39408.0000;None;425600.0000
15160;2023-03-13 13:15:14.843000;3;102747;1;1;4800.0000;1;39408.0000;None;425600.0000
15160;2023-03-13 13:15:14.843000;7;2006;1;1;0.0000;1;39408.0000;None;425600.0000
15160;2023-03-13 13:15:14.843000;7;2006;1;1;0.0000;1;39408.0000;None;425600.0000
15160;2023-03-13 13:15:14.843000;2;101844;1;1;25800.0000;1;39408.0000;None;425600.0000
15160;2023-03-13 13:15:14.843000;2;101844;1;1;25800.0000;1;39408.0000;None;425600.0000
15160;2023-03-13 13:15:14.843000;6;105631;1;1;0.0000;1;39408.0000;None;425600.0000
15160;2023-03-13 13:15:14.843000;7;1207;1;1;0.0000;1;39408.0000;None;425600.0000
15160;2023-03-13 13:35:26.623000;2;108470;1;1;60800.0000;1;39408.0000;None;425600.0000
15160;2023-03-13 13:35:26.623000;2;108470;1;1;60800.0000;1;39408.0000;None;425600.0000
15160;2023-03-13 13:35:26.623000;7;1207;1;1;0.0000;1;39408.0000;None;425600.0000
15160;2023-03-13 13:35:26.623000;2;201184;1;1;10800.0000;1;39408.0000;None;425600.0000
15160;2023-03-13 13:42:27.203000;3;104554;1;1;4800.0000;1;39408.0000;None;425600.0000
15160;2023-03-13 13:42:27.203000;7;1207;1;1;0.0000;1;39408.0000;None;425600.0000
15162;2023-03-13 12:44:23.877000;8;107298;1;1;36800.0000;1;3852.0000;None;41600.0000
15162;2023-03-13 12:44:23.877000;8;107228;1;1;0.0000;1;3852.0000;None;41600.0000
15162;2023-03-13 12:44:23.877000;3;102747;1;1;4800.0000;1;3852.0000;None;41600.0000
15163;2023-03-13 12:44:55.493000;1;105188;1;1;31800.0000;1;3389.0000;None;36600.0000
15163;2023-03-13 12:44:55.493000;7;1135;1;1;0.0000;1;3389.0000;None;36600.0000
15163;2023-03-13 12:44:55.493000;6;101061;1;1;0.0000;1;3389.0000;None;36600.0000
15163;2023-03-13 12:44:55.493000;3;102747;1;1;4800.0000;1;3389.0000;None;36600.0000
15164;2023-03-13 12:45:47.063000;1;101954;1;1;19800.0000;1;33685.0000;None;363800.0000
15164;2023-03-13 12:45:47.063000;1;102879;1;1;15800.0000;1;33685.0000;None;363800.0000
15164;2023-03-13 12:45:47.063000;7;1054;1;1;0.0000;1;33685.0000;None;363800.0000
15164;2023-03-13 12:45:47.063000;7;1001;1;2;0.0000;1;33685.0000;None;363800.0000
15164;2023-03-13 12:53:39.317000;6;101061;1;1;0.0000;1;33685.0000;None;363800.0000
15164;2023-03-13 12:53:39.317000;1;102678;1;1;36800.0000;1;33685.0000;None;363800.0000
15164;2023-03-13 12:53:39.317000;1;102238;1;1;1000.0000;1;33685.0000;None;363800.0000
15164;2023-03-13 12:53:39.317000;7;1196;1;1;0.0000;1;33685.0000;None;363800.0000
15164;2023-03-13 12:53:39.317000;1;102132;1;1;6800.0000;1;33685.0000;None;363800.0000
15164;2023-03-13 12:53:39.317000;7;1022;1;1;0.0000;1;33685.0000;None;363800.0000
15164;2023-03-13 12:53:39.317000;1;105647;1;1;69800.0000;1;33685.0000;None;363800.0000
15164;2023-03-13 12:53:39.317000;1;101552;1;1;0.0000;1;33685.0000;None;363800.0000
15164;2023-03-13 12:53:39.317000;1;105647;1;1;69800.0000;1;33685.0000;None;363800.0000
15164;2023-03-13 12:53:39.317000;1;101433;1;1;0.0000;1;33685.0000;None;363800.0000
15164;2023-03-13 12:53:39.317000;1;102132;1;1;6800.0000;1;33685.0000;None;363800.0000
15164;2023-03-13 12:53:39.317000;7;1196;1;1;0.0000;1;33685.0000;None;363800.0000
15164;2023-03-13 12:53:39.317000;7;1000;2;2;0.0000;1;33685.0000;None;363800.0000
15164;2023-03-13 12:53:39.317000;3;102747;1;2;9600.0000;1;33685.0000;None;363800.0000
15164;2023-03-13 12:53:39.317000;7;2072;1;2;0.0000;1;33685.0000;None;363800.0000
15164;2023-03-13 12:53:39.317000;3;200644;1;1;6800.0000;1;33685.0000;None;363800.0000
15164;2023-03-13 12:53:39.317000;6;101641;1;1;0.0000;1;33685.0000;None;363800.0000
15164;2023-03-13 13:12:20.640000;1;105647;1;1;69800.0000;1;33685.0000;None;363800.0000
15164;2023-03-13 13:12:20.640000;1;101433;1;1;0.0000;1;33685.0000;None;363800.0000
15164;2023-03-13 13:12:47.820000;1;102913;1;1;26800.0000;1;33685.0000;None;363800.0000
15164;2023-03-13 13:12:47.820000;6;103488;1;1;0.0000;1;33685.0000;None;363800.0000
15164;2023-03-13 13:12:47.820000;7;1157;1;1;0.0000;1;33685.0000;None;363800.0000
15164;2023-03-13 13:22:26.957000;3;201207;1;1;6800.0000;1;33685.0000;None;363800.0000
15164;2023-03-13 13:50:54.277000;3;100614;1;3;17400.0000;1;33685.0000;None;363800.0000
15165;2023-03-13 12:49:16.127000;6;101061;1;1;0.0000;1;18389.0000;None;198600.0000
15165;2023-03-13 12:49:16.127000;1;103171;1;1;28800.0000;1;18389.0000;None;198600.0000
15165;2023-03-13 12:49:16.127000;1;101522;1;1;0.0000;1;18389.0000;None;198600.0000
15165;2023-03-13 12:49:16.127000;1;101958;1;1;67800.0000;1;18389.0000;None;198600.0000
15165;2023-03-13 12:49:16.127000;1;101552;1;1;0.0000;1;18389.0000;None;198600.0000
15165;2023-03-13 12:49:16.127000;7;1205;1;1;0.0000;1;18389.0000;None;198600.0000
15165;2023-03-13 12:49:16.127000;7;1000;2;1;0.0000;1;18389.0000;None;198600.0000
15165;2023-03-13 12:49:16.127000;2;101680;1;1;19800.0000;1;18389.0000;None;198600.0000
15165;2023-03-13 12:49:16.127000;3;201277;1;1;6800.0000;1;18389.0000;None;198600.0000
15165;2023-03-13 12:49:16.127000;3;102635;1;1;8800.0000;1;18389.0000;None;198600.0000
15165;2023-03-13 13:13:23.753000;1;103171;1;1;28800.0000;1;18389.0000;None;198600.0000
15165;2023-03-13 13:13:23.753000;7;1114;1;1;0.0000;1;18389.0000;None;198600.0000
15165;2023-03-13 13:13:23.753000;1;101433;1;1;0.0000;1;18389.0000;None;198600.0000
15165;2023-03-13 13:13:23.753000;1;102132;1;1;6800.0000;1;18389.0000;None;198600.0000
15165;2023-03-13 13:13:23.753000;7;1196;1;1;0.0000;1;18389.0000;None;198600.0000
15165;2023-03-13 13:13:30.693000;1;102132;1;1;6800.0000;1;18389.0000;None;198600.0000
15165;2023-03-13 13:17:56.923000;3;201269;1;1;6800.0000;1;18389.0000;None;198600.0000
15165;2023-03-13 13:17:56.923000;3;108191;1;1;0.0000;1;18389.0000;None;198600.0000
15165;2023-03-13 13:17:56.923000;3;102649;1;1;5800.0000;1;18389.0000;None;198600.0000
15165;2023-03-13 14:07:15.610000;3;100614;1;2;11600.0000;1;18389.0000;None;198600.0000
15166;2023-03-13 12:57:25.877000;1;103759;1;1;10800.0000;1;8667.0000;None;93600.0000
15166;2023-03-13 12:57:25.877000;1;102132;1;1;6800.0000;1;8667.0000;None;93600.0000
15166;2023-03-13 12:57:25.877000;1;100855;1;1;28800.0000;1;8667.0000;None;93600.0000
15166;2023-03-13 12:57:25.877000;1;100853;1;1;28800.0000;1;8667.0000;None;93600.0000
15166;2023-03-13 12:57:25.877000;3;104554;1;1;4800.0000;1;8667.0000;None;93600.0000
15166;2023-03-13 12:57:25.877000;3;200644;1;1;6800.0000;1;8667.0000;None;93600.0000
15166;2023-03-13 12:57:25.877000;3;200644;1;1;6800.0000;1;8667.0000;None;93600.0000
15166;2023-03-13 12:57:25.877000;6;101641;1;1;0.0000;1;8667.0000;None;93600.0000
15166;2023-03-13 12:57:25.877000;6;101641;1;1;0.0000;1;8667.0000;None;93600.0000
15166;2023-03-13 12:57:25.877000;6;101061;1;1;0.0000;1;8667.0000;None;93600.0000
15167;2023-03-13 12:57:41.267000;1;102678;1;1;36800.0000;1;4037.0000;None;43600.0000
15167;2023-03-13 12:57:41.267000;3;201207;1;1;6800.0000;1;4037.0000;None;43600.0000
15169;2023-03-13 12:59:31.343000;6;101061;1;1;0.0000;1;6222.0000;None;67200.0000
15169;2023-03-13 12:59:31.343000;1;104293;1;1;44800.0000;1;6222.0000;None;67200.0000
15169;2023-03-13 12:59:31.343000;1;101433;1;1;0.0000;1;6222.0000;None;67200.0000
15169;2023-03-13 12:59:31.343000;7;1002;1;1;0.0000;1;6222.0000;None;67200.0000
15169;2023-03-13 12:59:31.343000;1;102132;1;1;6800.0000;1;6222.0000;None;67200.0000
15169;2023-03-13 12:59:31.343000;7;1196;1;1;0.0000;1;6222.0000;None;67200.0000
15169;2023-03-13 12:59:31.343000;7;1045;1;1;0.0000;1;6222.0000;None;67200.0000
15169;2023-03-13 13:17:25.910000;3;102635;1;1;8800.0000;1;6222.0000;None;67200.0000
15169;2023-03-13 13:17:25.910000;7;2036;1;1;0.0000;1;6222.0000;None;67200.0000
15169;2023-03-13 13:46:13.947000;3;100606;1;1;6800.0000;1;6222.0000;None;67200.0000
15170;2023-03-13 13:01:53.400000;3;201207;1;1;6800.0000;1;12667.0000;None;136800.0000
15170;2023-03-13 13:01:53.400000;3;200644;1;1;6800.0000;1;12667.0000;None;136800.0000
15170;2023-03-13 13:01:53.400000;6;101641;1;1;0.0000;1;12667.0000;None;136800.0000
15170;2023-03-13 13:18:09.937000;6;101061;1;1;0.0000;1;12667.0000;None;136800.0000
15170;2023-03-13 13:05:35.467000;1;103955;1;1;41800.0000;1;12667.0000;None;136800.0000
15170;2023-03-13 13:05:35.467000;1;101552;1;1;0.0000;1;12667.0000;None;136800.0000
15170;2023-03-13 13:05:35.467000;1;104727;1;1;69800.0000;1;12667.0000;None;136800.0000
15170;2023-03-13 13:05:35.467000;7;1002;1;1;0.0000;1;12667.0000;None;136800.0000
15170;2023-03-13 13:05:35.467000;6;101061;1;1;0.0000;1;12667.0000;None;136800.0000
15170;2023-03-13 13:41:19.717000;3;100614;1;2;11600.0000;1;12667.0000;None;136800.0000
15171;2023-03-13 13:03:26.930000;3;200644;1;1;6800.0000;1;5759.0000;None;62200.0000
15171;2023-03-13 13:03:26.930000;6;101641;1;1;0.0000;1;5759.0000;None;62200.0000
15171;2023-03-13 13:03:26.930000;3;102631;1;1;7800.0000;1;5759.0000;None;62200.0000
15171;2023-03-13 13:03:26.930000;1;100851;1;1;23800.0000;1;5759.0000;None;62200.0000
15171;2023-03-13 13:03:26.930000;1;100851;1;1;23800.0000;1;5759.0000;None;62200.0000
15171;2023-03-13 13:03:26.930000;6;101061;1;1;0.0000;1;5759.0000;None;62200.0000
15171;2023-03-13 13:31:41.937000;7;99999;1;1;0.0000;1;5759.0000;None;62200.0000
15171;2023-03-13 13:31:41.937000;7;1222;1;1;0.0000;1;5759.0000;None;62200.0000
15173;2023-03-13 13:18:37.530000;6;101061;1;1;0.0000;1;9333.0000;None;100800.0000
15173;2023-03-13 13:18:37.530000;1;102953;1;1;31800.0000;1;9333.0000;None;100800.0000
15173;2023-03-13 13:18:37.530000;3;200644;1;1;6800.0000;1;9333.0000;None;100800.0000
15173;2023-03-13 13:18:37.530000;6;101641;1;1;0.0000;1;9333.0000;None;100800.0000
15173;2023-03-13 13:20:43.047000;1;103651;1;1;43800.0000;1;9333.0000;None;100800.0000
15173;2023-03-13 12:44:18.890000;3;200644;1;1;6800.0000;1;9333.0000;None;100800.0000
15173;2023-03-13 12:44:18.890000;6;101641;1;1;0.0000;1;9333.0000;None;100800.0000
15173;2023-03-13 13:48:05.720000;3;100614;1;1;5800.0000;1;9333.0000;None;100800.0000
15173;2023-03-13 13:48:05.720000;3;100614;1;1;5800.0000;1;9333.0000;None;100800.0000
15174;2023-03-13 13:19:50.757000;1;103784;1;1;29800.0000;1;7537.0000;None;81400.0000
15174;2023-03-13 13:19:50.757000;1;104293;1;1;44800.0000;1;7537.0000;None;81400.0000
15174;2023-03-13 13:19:50.757000;1;105065;1;1;0.0000;1;7537.0000;None;81400.0000
15174;2023-03-13 13:19:50.757000;7;1002;1;1;0.0000;1;7537.0000;None;81400.0000
15174;2023-03-13 13:19:50.757000;3;201277;1;1;6800.0000;1;7537.0000;None;81400.0000
15174;2023-03-13 13:39:58.733000;7;99999;1;1;0.0000;1;7537.0000;None;81400.0000
15174;2023-03-13 13:39:58.733000;7;1222;1;1;0.0000;1;7537.0000;None;81400.0000
15174;2023-03-13 13:39:58.733000;6;101061;1;1;0.0000;1;7537.0000;None;81400.0000
15175;2023-03-13 13:30:49.350000;1;109323;1;1;54800.0000;1;5611.0000;None;60600.0000
15175;2023-03-13 13:30:49.350000;7;1003;2;1;0.0000;1;5611.0000;None;60600.0000
15175;2023-03-13 13:30:49.350000;6;101061;1;1;0.0000;1;5611.0000;None;60600.0000
15175;2023-03-13 13:30:49.350000;3;102649;1;1;5800.0000;1;5611.0000;None;60600.0000
15175;2023-03-13 13:53:05.190000;7;99999;1;1;0.0000;1;5611.0000;None;60600.0000
15175;2023-03-13 13:53:05.207000;7;1222;1;1;0.0000;1;5611.0000;None;60600.0000
15176;2023-03-13 13:32:03.630000;1;103955;1;1;41800.0000;1;4407.0000;None;47600.0000
15176;2023-03-13 13:32:03.630000;1;101552;1;1;0.0000;1;4407.0000;None;47600.0000
15176;2023-03-13 13:32:03.630000;6;101061;1;1;0.0000;1;4407.0000;None;47600.0000
15176;2023-03-13 13:32:03.630000;3;104446;1;1;5800.0000;1;4407.0000;None;47600.0000
15176;2023-03-13 13:55:54.547000;7;99999;1;1;0.0000;1;4407.0000;None;47600.0000
15176;2023-03-13 13:55:54.547000;7;1222;1;1;0.0000;1;4407.0000;None;47600.0000
15177;2023-03-13 13:33:04.333000;3;102617;1;1;7800.0000;1;3389.0000;None;36600.0000
15177;2023-03-13 13:33:04.333000;1;100855;1;1;28800.0000;1;3389.0000;None;36600.0000
15177;2023-03-13 13:33:04.333000;7;1133;1;1;0.0000;1;3389.0000;None;36600.0000
15178;2023-03-13 13:36:18.123000;1;102671;1;1;38800.0000;1;6259.0000;None;67600.0000
15178;2023-03-13 13:36:18.123000;1;100845;1;1;28800.0000;1;6259.0000;None;67600.0000
15179;2023-03-13 13:42:00.833000;1;103773;1;1;9800.0000;1;3481.0000;None;37600.0000
15179;2023-03-13 13:42:00.833000;7;1001;1;1;0.0000;1;3481.0000;None;37600.0000
15179;2023-03-13 13:42:00.833000;1;100862;1;1;27800.0000;1;3481.0000;None;37600.0000
15180;2023-03-13 13:47:11.517000;1;103772;1;1;17800.0000;1;13519.0000;None;146000.0000
15180;2023-03-13 13:47:11.517000;7;1001;1;1;0.0000;1;13519.0000;None;146000.0000
15180;2023-03-13 13:47:11.517000;1;103551;1;1;49800.0000;1;13519.0000;None;146000.0000
15180;2023-03-13 13:47:11.517000;1;104294;1;1;65800.0000;1;13519.0000;None;146000.0000
15180;2023-03-13 13:47:11.517000;1;101522;1;1;0.0000;1;13519.0000;None;146000.0000
15180;2023-03-13 13:47:11.517000;7;1205;1;1;0.0000;1;13519.0000;None;146000.0000
15180;2023-03-13 13:47:11.517000;3;201269;1;1;6800.0000;1;13519.0000;None;146000.0000
15180;2023-03-13 13:47:11.517000;3;108191;1;1;0.0000;1;13519.0000;None;146000.0000
15180;2023-03-13 13:47:11.517000;3;102635;1;1;8800.0000;1;13519.0000;None;146000.0000
15180;2023-03-13 13:50:39.053000;1;103342;1;1;46800.0000;1;13519.0000;None;146000.0000
15180;2023-03-13 13:50:39.053000;1;101636;1;1;0.0000;1;13519.0000;None;146000.0000
15180;2023-03-13 13:50:39.053000;7;1135;1;1;0.0000;1;13519.0000;None;146000.0000
15180;2023-03-13 14:24:12.370000;1;103551;1;-1;-49800.0000;1;13519.0000;None;146000.0000
15181;2023-03-13 13:54:51.580000;1;103772;1;1;17800.0000;1;9333.0000;None;100800.0000
15181;2023-03-13 13:54:51.580000;7;1001;1;1;0.0000;1;9333.0000;None;100800.0000
15181;2023-03-13 13:54:51.580000;8;101026;1;1;31800.0000;1;9333.0000;None;100800.0000
15181;2023-03-13 13:54:51.580000;7;1152;1;1;0.0000;1;9333.0000;None;100800.0000
15181;2023-03-13 13:54:51.580000;7;1151;1;1;0.0000;1;9333.0000;None;100800.0000
15181;2023-03-13 13:54:51.580000;7;1164;1;1;0.0000;1;9333.0000;None;100800.0000
15181;2023-03-13 13:54:51.580000;7;1051;1;1;0.0000;1;9333.0000;None;100800.0000
15181;2023-03-13 13:54:51.580000;1;104198;1;1;29800.0000;1;9333.0000;None;100800.0000
15181;2023-03-13 13:54:51.580000;1;102239;1;1;5800.0000;1;9333.0000;None;100800.0000
15181;2023-03-13 13:54:51.580000;7;1135;1;1;0.0000;1;9333.0000;None;100800.0000
15181;2023-03-13 13:54:51.580000;3;102637;1;1;9800.0000;1;9333.0000;None;100800.0000
15181;2023-03-13 14:29:08.393000;3;100999;1;1;5800.0000;1;9333.0000;None;100800.0000
15182;2023-03-13 14:09:59.383000;3;102747;1;1;4800.0000;1;8676.0000;None;93700.0000
15182;2023-03-13 14:09:59.383000;3;201146;1;1;6800.0000;1;8676.0000;None;93700.0000
15182;2023-03-13 14:12:06.657000;1;102474;1;1;30800.0000;1;8676.0000;None;93700.0000
15182;2023-03-13 14:12:06.657000;7;1002;1;1;0.0000;1;8676.0000;None;93700.0000
15182;2023-03-13 14:12:06.657000;1;102286;1;1;1500.0000;1;8676.0000;None;93700.0000
15182;2023-03-13 14:12:06.657000;7;1135;1;1;0.0000;1;8676.0000;None;93700.0000
15182;2023-03-13 14:12:06.657000;1;102494;1;1;49800.0000;1;8676.0000;None;93700.0000
15182;2023-03-13 14:12:06.657000;7;1002;1;1;0.0000;1;8676.0000;None;93700.0000
15183;2023-03-13 14:13:41.727000;1;108452;1;1;23800.0000;1;7037.0000;None;76000.0000
15183;2023-03-13 14:13:41.727000;1;102275;1;1;12800.0000;1;7037.0000;None;76000.0000
15183;2023-03-13 14:13:41.727000;7;1135;1;1;0.0000;1;7037.0000;None;76000.0000
15183;2023-03-13 14:13:41.727000;3;200644;1;1;6800.0000;1;7037.0000;None;76000.0000
15183;2023-03-13 14:13:41.727000;6;101641;1;1;0.0000;1;7037.0000;None;76000.0000
15183;2023-03-13 14:13:41.727000;6;101061;1;1;0.0000;1;7037.0000;None;76000.0000
15183;2023-03-13 14:37:05.517000;3;100614;1;1;5800.0000;1;7037.0000;None;76000.0000
15183;2023-03-13 14:37:05.517000;2;101739;1;1;26800.0000;1;7037.0000;None;76000.0000
15184;2023-03-13 14:14:33.807000;1;104727;1;1;69800.0000;1;17111.0000;None;184800.0000
15184;2023-03-13 14:14:33.807000;7;1205;1;1;0.0000;1;17111.0000;None;184800.0000
15184;2023-03-13 14:14:33.807000;1;100848;1;1;28800.0000;1;17111.0000;None;184800.0000
15184;2023-03-13 14:14:33.807000;1;103171;1;1;28800.0000;1;17111.0000;None;184800.0000
15184;2023-03-13 14:14:33.807000;1;101520;1;1;0.0000;1;17111.0000;None;184800.0000
15184;2023-03-13 14:14:33.807000;6;101061;1;1;0.0000;1;17111.0000;None;184800.0000
15184;2023-03-13 14:14:33.807000;3;201269;1;1;6800.0000;1;17111.0000;None;184800.0000
15184;2023-03-13 14:14:33.807000;6;101641;1;1;0.0000;1;17111.0000;None;184800.0000
15184;2023-03-13 14:14:33.807000;3;102639;1;1;9800.0000;1;17111.0000;None;184800.0000
15184;2023-03-13 14:14:33.807000;3;102639;1;1;9800.0000;1;17111.0000;None;184800.0000
15184;2023-03-13 14:37:46.040000;1;102132;1;1;6800.0000;1;17111.0000;None;184800.0000
15184;2023-03-13 15:01:50.197000;3;100614;1;1;5800.0000;1;17111.0000;None;184800.0000
15184;2023-03-13 15:03:07.157000;3;103904;1;1;4800.0000;1;17111.0000;None;184800.0000
15184;2023-03-13 15:04:44.157000;3;103904;1;1;4800.0000;1;17111.0000;None;184800.0000
15184;2023-03-13 15:04:44.157000;7;1207;1;1;0.0000;1;17111.0000;None;184800.0000
15184;2023-03-13 15:18:07.197000;1;103095;1;1;8800.0000;1;17111.0000;None;184800.0000
15184;2023-03-13 15:18:07.197000;7;2034;1;1;0.0000;1;17111.0000;None;184800.0000
15185;2023-03-13 14:15:04.680000;8;102692;1;1;32800.0000;1;3481.0000;None;37600.0000
15185;2023-03-13 14:15:04.680000;7;1151;1;1;0.0000;1;3481.0000;None;37600.0000
15185;2023-03-13 14:15:04.680000;7;1152;1;1;0.0000;1;3481.0000;None;37600.0000
15185;2023-03-13 14:16:11.853000;3;103904;1;1;4800.0000;1;3481.0000;None;37600.0000
15186;2023-03-13 14:31:12.383000;1;104293;1;1;44800.0000;1;4148.0000;None;44800.0000
15186;2023-03-13 14:31:12.383000;1;101552;1;1;0.0000;1;4148.0000;None;44800.0000
15186;2023-03-13 14:31:12.383000;7;1007;1;1;0.0000;1;4148.0000;None;44800.0000
15187;2023-03-13 14:43:48.620000;1;101114;1;1;12800.0000;1;2648.0000;None;28600.0000
15187;2023-03-13 14:43:48.620000;1;103372;1;1;15800.0000;1;2648.0000;None;28600.0000
15188;2023-03-13 14:51:27.783000;3;100596;1;1;5800.0000;1;1352.0000;None;14600.0000
15188;2023-03-13 14:51:27.783000;3;102635;1;1;8800.0000;1;1352.0000;None;14600.0000
15191;2023-03-13 15:29:05.127000;3;100614;1;1;5800.0000;1;1074.0000;None;11600.0000
15191;2023-03-13 15:29:05.127000;3;100614;1;1;5800.0000;1;1074.0000;None;11600.0000
15192;2023-03-13 15:37:33.617000;3;100614;1;1;5800.0000;1;5148.0000;None;55600.0000
15192;2023-03-13 15:42:34.110000;1;108795;1;1;49800.0000;1;5148.0000;None;55600.0000
15192;2023-03-13 15:42:34.110000;7;1006;1;1;0.0000;1;5148.0000;None;55600.0000
15192;2023-03-13 15:42:34.110000;6;101061;1;1;0.0000;1;5148.0000;None;55600.0000
15193;2023-03-13 15:52:25.570000;1;103207;1;1;35800.0000;1;11278.0000;None;121800.0000
15193;2023-03-13 15:52:25.570000;1;103340;1;1;30800.0000;1;11278.0000;None;121800.0000
15193;2023-03-13 15:52:25.570000;1;101522;1;1;0.0000;1;11278.0000;None;121800.0000
15193;2023-03-13 15:52:25.570000;3;102639;1;1;9800.0000;1;11278.0000;None;121800.0000
15193;2023-03-13 15:52:25.570000;3;102635;1;1;8800.0000;1;11278.0000;None;121800.0000
15193;2023-03-13 15:52:25.570000;6;101061;1;1;0.0000;1;11278.0000;None;121800.0000
15193;2023-03-13 16:26:29.447000;3;102402;1;1;7800.0000;1;11278.0000;None;121800.0000
15193;2023-03-13 16:26:29.447000;6;104386;1;1;0.0000;1;11278.0000;None;121800.0000
15193;2023-03-13 16:26:29.447000;6;105155;1;1;0.0000;1;11278.0000;None;121800.0000
15193;2023-03-13 16:26:29.447000;1;103171;1;1;28800.0000;1;11278.0000;None;121800.0000
15193;2023-03-13 16:26:29.447000;7;1054;1;1;0.0000;1;11278.0000;None;121800.0000
15193;2023-03-13 16:26:29.447000;1;101520;1;1;0.0000;1;11278.0000;None;121800.0000
15193;2023-03-13 16:26:29.447000;7;1157;1;1;0.0000;1;11278.0000;None;121800.0000
15194;2023-03-13 15:52:39.343000;3;100614;1;1;5800.0000;1;3407.0000;None;36800.0000
15194;2023-03-13 15:52:39.343000;3;100614;1;1;5800.0000;1;3407.0000;None;36800.0000
15194;2023-03-13 15:52:39.343000;3;100606;1;1;6800.0000;1;3407.0000;None;36800.0000
15194;2023-03-13 16:01:17.870000;3;201146;1;1;6800.0000;1;3407.0000;None;36800.0000
15194;2023-03-13 16:05:16.957000;3;100614;1;2;11600.0000;1;3407.0000;None;36800.0000
15194;2023-03-13 16:05:16.957000;7;2034;1;2;0.0000;1;3407.0000;None;36800.0000
15195;2023-03-13 15:59:35.257000;3;201269;1;1;6800.0000;1;2704.0000;None;29200.0000
15195;2023-03-13 15:59:35.257000;3;108191;1;1;0.0000;1;2704.0000;None;29200.0000
15195;2023-03-13 15:59:35.257000;3;200644;1;1;6800.0000;1;2704.0000;None;29200.0000
15195;2023-03-13 15:59:35.257000;3;201207;1;1;6800.0000;1;2704.0000;None;29200.0000
15195;2023-03-13 15:59:35.257000;1;102228;1;1;8800.0000;1;2704.0000;None;29200.0000
15196;2023-03-13 16:33:57.680000;1;102879;1;1;15800.0000;1;11185.0000;None;120800.0000
15196;2023-03-13 16:33:57.680000;7;1054;1;1;0.0000;1;11185.0000;None;120800.0000
15196;2023-03-13 16:33:57.680000;7;1001;1;1;0.0000;1;11185.0000;None;120800.0000
15196;2023-03-13 16:34:13.817000;3;201207;1;1;6800.0000;1;11185.0000;None;120800.0000
15196;2023-03-13 16:34:13.817000;2;201615;1;1;14800.0000;1;11185.0000;None;120800.0000
15196;2023-03-13 16:46:40.833000;1;102903;1;1;36800.0000;1;11185.0000;None;120800.0000
15196;2023-03-13 16:46:40.833000;7;1006;1;1;0.0000;1;11185.0000;None;120800.0000
15196;2023-03-13 16:46:40.833000;6;103488;1;1;0.0000;1;11185.0000;None;120800.0000
15196;2023-03-13 16:46:40.833000;1;102042;1;1;37800.0000;1;11185.0000;None;120800.0000
15196;2023-03-13 16:46:40.833000;1;102228;1;1;8800.0000;1;11185.0000;None;120800.0000
15196;2023-03-13 16:46:40.833000;6;101061;1;1;0.0000;1;11185.0000;None;120800.0000
15197;2023-03-13 16:49:19.113000;3;100606;1;1;6800.0000;1;5426.0000;None;58600.0000
15197;2023-03-13 16:49:19.113000;1;102904;1;1;39800.0000;1;5426.0000;None;58600.0000
15197;2023-03-13 16:49:19.113000;7;1205;1;1;0.0000;1;5426.0000;None;58600.0000
15197;2023-03-13 16:49:19.113000;3;200644;1;1;6800.0000;1;5426.0000;None;58600.0000
15197;2023-03-13 17:13:37.627000;1;102908;1;1;5200.0000;1;5426.0000;None;58600.0000
25957;2023-03-13 08:17:38.807000;1;108351;1;1;21800.0000;1;2704.0000;None;29200.0000
25957;2023-03-13 08:17:38.820000;7;1132;1;1;0.0000;1;2704.0000;None;29200.0000
25957;2023-03-13 08:17:38.820000;3;100614;1;1;5800.0000;1;2704.0000;None;29200.0000
25957;2023-03-13 08:17:38.820000;7;2045;2;1;0.0000;1;2704.0000;None;29200.0000
25957;2023-03-13 08:33:33.380000;1;104698;1;1;1600.0000;1;2704.0000;None;29200.0000
25958;2023-03-13 08:20:20.073000;3;108302;1;1;12800.0000;1;3759.0000;None;40600.0000
25958;2023-03-13 08:20:20.073000;7;1207;1;1;0.0000;1;3759.0000;None;40600.0000
25958;2023-03-13 08:23:46.687000;1;100862;1;1;27800.0000;1;3759.0000;None;40600.0000
25959;2023-03-13 08:20:40.193000;3;100614;1;1;5800.0000;1;None;None;5800.0000
25960;2023-03-13 08:35:41.137000;3;100614;1;2;11600.0000;1;7722.0000;None;83400.0000
25960;2023-03-13 08:45:47.143000;1;101666;1;1;20800.0000;1;7722.0000;None;83400.0000
25960;2023-03-13 08:45:47.143000;7;1049;1;1;0.0000;1;7722.0000;None;83400.0000
25960;2023-03-13 08:45:47.143000;7;1135;1;1;0.0000;1;7722.0000;None;83400.0000
25960;2023-03-13 08:45:47.143000;1;102567;1;1;14800.0000;1;7722.0000;None;83400.0000
25960;2023-03-13 08:45:47.143000;7;1049;1;1;0.0000;1;7722.0000;None;83400.0000
25960;2023-03-13 08:45:47.143000;1;100590;1;1;5800.0000;1;7722.0000;None;83400.0000
25960;2023-03-13 08:45:47.143000;7;1223;1;1;0.0000;1;7722.0000;None;83400.0000
25960;2023-03-13 08:45:47.143000;3;101332;1;2;21600.0000;1;7722.0000;None;83400.0000
25960;2023-03-13 08:45:47.143000;3;102635;1;1;8800.0000;1;7722.0000;None;83400.0000
25960;2023-03-13 08:45:47.143000;7;2011;1;1;0.0000;1;7722.0000;None;83400.0000
25961;2023-03-13 09:12:18.160000;1;102561;1;1;9800.0000;1;3259.0000;None;35200.0000
25961;2023-03-13 09:12:18.160000;7;1135;1;1;0.0000;1;3259.0000;None;35200.0000
25961;2023-03-13 09:12:18.160000;1;100995;1;1;10800.0000;1;3259.0000;None;35200.0000
25961;2023-03-13 09:12:14.320000;3;102635;1;1;8800.0000;1;3259.0000;None;35200.0000
25961;2023-03-13 09:24:33.147000;3;100614;1;1;5800.0000;1;3259.0000;None;35200.0000
25962;2023-03-13 09:12:38.993000;1;108351;1;1;21800.0000;1;3463.0000;None;37400.0000
25962;2023-03-13 09:12:38.993000;3;100607;1;1;6800.0000;1;3463.0000;None;37400.0000
25962;2023-03-13 09:12:38.993000;7;2009;1;1;0.0000;1;3463.0000;None;37400.0000
25962;2023-03-13 09:12:38.993000;3;102635;1;1;8800.0000;1;3463.0000;None;37400.0000
25963;2023-03-13 09:23:53.197000;1;103034;1;1;16800.0000;1;7889.0000;None;85200.0000
25963;2023-03-13 09:23:53.197000;1;103034;1;1;16800.0000;1;7889.0000;None;85200.0000
25963;2023-03-13 09:23:53.197000;1;103641;1;1;13800.0000;1;7889.0000;None;85200.0000
25963;2023-03-13 09:23:53.197000;1;100590;1;1;5800.0000;1;7889.0000;None;85200.0000
25963;2023-03-13 09:23:53.197000;7;1135;1;1;0.0000;1;7889.0000;None;85200.0000
25963;2023-03-13 09:03:12.597000;1;100590;1;1;5800.0000;1;7889.0000;None;85200.0000
25963;2023-03-13 09:26:25.243000;3;100606;1;1;6800.0000;1;7889.0000;None;85200.0000
25963;2023-03-13 09:26:25.243000;3;100606;1;1;6800.0000;1;7889.0000;None;85200.0000
25963;2023-03-13 09:26:25.243000;3;200644;1;1;6800.0000;1;7889.0000;None;85200.0000
25963;2023-03-13 09:26:25.243000;3;100999;1;1;5800.0000;1;7889.0000;None;85200.0000
25964;2023-03-13 09:26:08.717000;1;109562;1;1;7800.0000;1;3630.0000;None;39200.0000
25964;2023-03-13 09:26:08.717000;1;102568;1;1;14800.0000;1;3630.0000;None;39200.0000
25964;2023-03-13 09:26:08.717000;7;1223;1;1;0.0000;1;3630.0000;None;39200.0000
25964;2023-03-13 09:26:08.717000;3;102102;1;1;9800.0000;1;3630.0000;None;39200.0000
25964;2023-03-13 09:26:08.717000;7;2001;1;1;0.0000;1;3630.0000;None;39200.0000
25964;2023-03-13 09:26:08.717000;7;2052;1;1;0.0000;1;3630.0000;None;39200.0000
25964;2023-03-13 09:26:08.717000;7;2051;1;1;0.0000;1;3630.0000;None;39200.0000
25964;2023-03-13 09:26:08.717000;3;100607;1;1;6800.0000;1;3630.0000;None;39200.0000
25964;2023-03-13 09:26:08.717000;7;2011;1;1;0.0000;1;3630.0000;None;39200.0000
25965;2023-03-13 09:28:15.247000;3;102635;1;1;8800.0000;1;4704.0000;None;50800.0000
25965;2023-03-13 09:28:15.247000;3;102635;1;1;8800.0000;1;4704.0000;None;50800.0000
25965;2023-03-13 09:29:20.213000;1;102561;1;1;9800.0000;1;4704.0000;None;50800.0000
25965;2023-03-13 09:29:20.213000;1;102561;1;1;9800.0000;1;4704.0000;None;50800.0000
25965;2023-03-13 09:29:20.213000;1;100590;1;1;5800.0000;1;4704.0000;None;50800.0000
25965;2023-03-13 09:29:20.213000;1;105165;1;1;7800.0000;1;4704.0000;None;50800.0000
25966;2023-03-13 09:42:04.937000;1;100995;1;1;10800.0000;1;3259.0000;None;35200.0000
25966;2023-03-13 09:42:04.937000;1;102212;1;1;1000.0000;1;3259.0000;None;35200.0000
25966;2023-03-13 09:42:04.937000;3;104554;1;1;4800.0000;1;3259.0000;None;35200.0000
25966;2023-03-13 09:42:04.937000;3;103904;1;1;4800.0000;1;3259.0000;None;35200.0000
25966;2023-03-13 09:46:01.673000;1;103641;1;1;13800.0000;1;3259.0000;None;35200.0000
25966;2023-03-13 09:46:01.673000;7;1135;1;1;0.0000;1;3259.0000;None;35200.0000
25966;2023-03-13 09:46:01.673000;7;1135;1;1;0.0000;1;3259.0000;None;35200.0000
25968;2023-03-13 09:53:52.063000;1;103365;1;1;9800.0000;1;5593.0000;None;60400.0000
25968;2023-03-13 09:55:58.420000;3;100607;1;1;6800.0000;1;5593.0000;None;60400.0000
25968;2023-03-13 09:55:58.420000;7;2009;1;1;0.0000;1;5593.0000;None;60400.0000
25968;2023-03-13 09:55:58.420000;1;108269;1;1;6800.0000;1;5593.0000;None;60400.0000
25968;2023-03-13 09:59:17.527000;3;201146;1;1;6800.0000;1;5593.0000;None;60400.0000
25968;2023-03-13 09:59:17.527000;7;2050;1;1;0.0000;1;5593.0000;None;60400.0000
25968;2023-03-13 10:03:40.827000;1;103035;1;1;9800.0000;1;5593.0000;None;60400.0000
25968;2023-03-13 10:03:40.827000;7;1049;1;1;0.0000;1;5593.0000;None;60400.0000
25968;2023-03-13 10:03:40.827000;7;1135;1;1;0.0000;1;5593.0000;None;60400.0000
25968;2023-03-13 10:03:40.827000;1;108269;1;1;6800.0000;1;5593.0000;None;60400.0000
25968;2023-03-13 10:03:40.827000;7;1223;1;1;0.0000;1;5593.0000;None;60400.0000
25968;2023-03-13 10:03:40.827000;3;100607;1;1;6800.0000;1;5593.0000;None;60400.0000
25968;2023-03-13 10:03:40.827000;7;2011;1;1;0.0000;1;5593.0000;None;60400.0000
25968;2023-03-13 10:07:51.663000;3;100607;1;1;6800.0000;1;5593.0000;None;60400.0000
25968;2023-03-13 10:07:51.663000;7;2009;1;1;0.0000;1;5593.0000;None;60400.0000
25969;2023-03-13 09:57:42.930000;1;100995;1;1;10800.0000;1;6333.0000;None;68400.0000
25969;2023-03-13 09:57:42.930000;1;103491;1;1;7800.0000;1;6333.0000;None;68400.0000
25969;2023-03-13 09:57:42.930000;7;1223;1;1;0.0000;1;6333.0000;None;68400.0000
25969;2023-03-13 09:57:42.930000;7;1223;1;1;0.0000;1;6333.0000;None;68400.0000
25969;2023-03-13 09:57:42.930000;3;105025;1;1;10800.0000;1;6333.0000;None;68400.0000
25969;2023-03-13 09:57:42.930000;7;2011;1;1;0.0000;1;6333.0000;None;68400.0000
25969;2023-03-13 09:57:42.930000;3;100614;1;1;5800.0000;1;6333.0000;None;68400.0000
25969;2023-03-13 09:57:42.930000;7;2011;1;1;0.0000;1;6333.0000;None;68400.0000
25969;2023-03-13 10:17:27.897000;3;105025;1;1;10800.0000;1;6333.0000;None;68400.0000
25969;2023-03-13 10:18:51.597000;3;201146;1;1;6800.0000;1;6333.0000;None;68400.0000
25969;2023-03-13 10:31:45.507000;3;100607;1;1;6800.0000;1;6333.0000;None;68400.0000
25969;2023-03-13 10:31:45.507000;7;2009;1;1;0.0000;1;6333.0000;None;68400.0000
25969;2023-03-13 10:31:45.507000;7;2034;1;1;0.0000;1;6333.0000;None;68400.0000
25969;2023-03-13 10:31:45.507000;1;100625;1;1;8800.0000;1;6333.0000;None;68400.0000
25969;2023-03-13 10:31:45.507000;7;1157;1;1;0.0000;1;6333.0000;None;68400.0000
25970;2023-03-13 10:18:51.597000;1;101666;1;1;20800.0000;1;3463.0000;None;37400.0000
25970;2023-03-13 10:18:51.597000;7;1155;1;1;0.0000;1;3463.0000;None;37400.0000
25970;2023-03-13 10:18:51.597000;1;106341;1;1;11800.0000;1;3463.0000;None;37400.0000
25970;2023-03-13 10:18:51.597000;3;103904;1;1;4800.0000;1;3463.0000;None;37400.0000
25971;2023-03-13 10:37:42.927000;1;103365;1;1;9800.0000;1;8704.0000;None;94000.0000
25971;2023-03-13 10:37:42.927000;1;102561;1;1;9800.0000;1;8704.0000;None;94000.0000
25971;2023-03-13 10:37:42.927000;7;1049;1;1;0.0000;1;8704.0000;None;94000.0000
25971;2023-03-13 10:37:42.927000;1;102570;1;1;16800.0000;1;8704.0000;None;94000.0000
25971;2023-03-13 10:37:42.927000;1;100860;1;1;13800.0000;1;8704.0000;None;94000.0000
25971;2023-03-13 10:37:42.927000;1;104571;1;1;800.0000;1;8704.0000;None;94000.0000
25971;2023-03-13 10:37:42.927000;7;1049;1;1;0.0000;1;8704.0000;None;94000.0000
25971;2023-03-13 10:37:42.927000;7;1135;1;1;0.0000;1;8704.0000;None;94000.0000
25971;2023-03-13 10:38:19.663000;3;101332;1;1;10800.0000;1;8704.0000;None;94000.0000
25971;2023-03-13 10:38:19.663000;7;1207;1;1;0.0000;1;8704.0000;None;94000.0000
25971;2023-03-13 10:38:19.663000;3;102635;1;1;8800.0000;1;8704.0000;None;94000.0000
25971;2023-03-13 10:38:19.663000;3;100607;1;1;6800.0000;1;8704.0000;None;94000.0000
25971;2023-03-13 10:41:46.453000;1;103365;1;1;9800.0000;1;8704.0000;None;94000.0000
25971;2023-03-13 10:41:46.453000;7;1207;1;1;0.0000;1;8704.0000;None;94000.0000
25971;2023-03-13 11:19:03.333000;3;102616;1;1;6800.0000;1;8704.0000;None;94000.0000
25972;2023-03-13 10:39:49.830000;1;103364;1;1;9800.0000;1;5815.0000;None;62800.0000
25972;2023-03-13 10:42:32.803000;1;102561;1;1;9800.0000;1;5815.0000;None;62800.0000
25972;2023-03-13 10:42:32.803000;1;102255;1;1;5800.0000;1;5815.0000;None;62800.0000
25972;2023-03-13 10:42:32.803000;7;1049;1;1;0.0000;1;5815.0000;None;62800.0000
25972;2023-03-13 10:42:32.803000;1;104698;1;1;1600.0000;1;5815.0000;None;62800.0000
25972;2023-03-13 10:42:32.803000;7;1135;1;1;0.0000;1;5815.0000;None;62800.0000
25972;2023-03-13 10:42:32.803000;7;1223;1;1;0.0000;1;5815.0000;None;62800.0000
25972;2023-03-13 10:42:32.803000;3;102102;1;1;9800.0000;1;5815.0000;None;62800.0000
25972;2023-03-13 10:42:32.803000;7;2001;1;1;0.0000;1;5815.0000;None;62800.0000
25972;2023-03-13 10:42:32.803000;7;2051;1;1;0.0000;1;5815.0000;None;62800.0000
25972;2023-03-13 10:42:32.803000;7;1207;1;1;0.0000;1;5815.0000;None;62800.0000
25972;2023-03-13 10:42:32.803000;7;2011;1;1;0.0000;1;5815.0000;None;62800.0000
25972;2023-03-13 11:00:45.243000;1;104698;1;1;1600.0000;1;5815.0000;None;62800.0000
25972;2023-03-13 11:00:45.243000;1;103491;1;1;7800.0000;1;5815.0000;None;62800.0000
25972;2023-03-13 11:00:45.243000;1;102212;1;1;1000.0000;1;5815.0000;None;62800.0000
25972;2023-03-13 11:12:25.190000;1;100590;1;1;5800.0000;1;5815.0000;None;62800.0000
25972;2023-03-13 11:24:22.057000;3;102102;1;1;9800.0000;1;5815.0000;None;62800.0000
25972;2023-03-13 11:24:22.057000;7;1207;1;1;0.0000;1;5815.0000;None;62800.0000
25973;2023-03-13 10:41:03.927000;3;100614;1;1;5800.0000;1;79223.0000;None;855600.0000
25973;2023-03-13 10:41:03.927000;7;2034;1;1;0.0000;1;79223.0000;None;855600.0000
25973;2023-03-13 10:41:03.927000;3;100614;1;1;5800.0000;1;79223.0000;None;855600.0000
25973;2023-03-13 10:41:03.927000;3;201146;1;1;6800.0000;1;79223.0000;None;855600.0000
25973;2023-03-13 10:41:03.927000;3;104554;1;1;4800.0000;1;79223.0000;None;855600.0000
25973;2023-03-13 10:41:03.927000;3;104554;1;1;4800.0000;1;79223.0000;None;855600.0000
25973;2023-03-13 10:41:57.883000;3;100614;1;1;5800.0000;1;79223.0000;None;855600.0000
25973;2023-03-13 10:41:57.883000;3;201146;1;1;6800.0000;1;79223.0000;None;855600.0000
25973;2023-03-13 10:41:57.883000;7;2002;1;1;0.0000;1;79223.0000;None;855600.0000
25973;2023-03-13 10:53:04.950000;3;100614;1;1;5800.0000;1;79223.0000;None;855600.0000
25973;2023-03-13 10:57:04.797000;3;100614;1;1;5800.0000;1;79223.0000;None;855600.0000
25973;2023-03-13 10:57:04.797000;7;2047;1;1;0.0000;1;79223.0000;None;855600.0000
25973;2023-03-13 10:57:04.797000;7;2051;1;1;0.0000;1;79223.0000;None;855600.0000
25973;2023-03-13 11:49:10.493000;3;102102;1;1;9800.0000;1;79223.0000;None;855600.0000
25973;2023-03-13 12:25:08.797000;1;103784;1;1;29800.0000;1;79223.0000;None;855600.0000
25973;2023-03-13 12:25:08.797000;7;1028;1;1;0.0000;1;79223.0000;None;855600.0000
25973;2023-03-13 12:25:08.797000;7;1028;1;1;0.0000;1;79223.0000;None;855600.0000
25973;2023-03-13 12:25:08.797000;8;101026;1;1;31800.0000;1;79223.0000;None;855600.0000
25973;2023-03-13 12:25:08.797000;7;1151;1;1;0.0000;1;79223.0000;None;855600.0000
25973;2023-03-13 12:25:08.797000;7;1152;1;1;0.0000;1;79223.0000;None;855600.0000
25973;2023-03-13 12:25:08.797000;8;102798;1;1;34800.0000;1;79223.0000;None;855600.0000
25973;2023-03-13 12:25:08.797000;7;1151;1;1;0.0000;1;79223.0000;None;855600.0000
25973;2023-03-13 12:25:08.797000;7;1152;1;1;0.0000;1;79223.0000;None;855600.0000
25973;2023-03-13 12:25:08.797000;8;103615;1;1;32800.0000;1;79223.0000;None;855600.0000
25973;2023-03-13 12:25:08.797000;7;1151;1;1;0.0000;1;79223.0000;None;855600.0000
25973;2023-03-13 12:25:08.797000;7;1152;1;1;0.0000;1;79223.0000;None;855600.0000
25973;2023-03-13 12:25:08.797000;8;103023;1;1;34800.0000;1;79223.0000;None;855600.0000
25973;2023-03-13 12:25:08.797000;8;103023;1;1;34800.0000;1;79223.0000;None;855600.0000
25973;2023-03-13 12:25:08.797000;7;1151;1;1;0.0000;1;79223.0000;None;855600.0000
25973;2023-03-13 12:25:08.797000;7;1152;1;1;0.0000;1;79223.0000;None;855600.0000
25973;2023-03-13 12:25:08.797000;7;1151;1;1;0.0000;1;79223.0000;None;855600.0000
25973;2023-03-13 12:25:08.797000;7;1152;1;1;0.0000;1;79223.0000;None;855600.0000
25973;2023-03-13 12:25:08.797000;8;102790;1;1;23800.0000;1;79223.0000;None;855600.0000
25973;2023-03-13 12:25:08.797000;7;1151;1;1;0.0000;1;79223.0000;None;855600.0000
25973;2023-03-13 12:25:08.797000;7;1152;1;1;0.0000;1;79223.0000;None;855600.0000
25973;2023-03-13 12:25:08.797000;1;102502;1;1;47800.0000;1;79223.0000;None;855600.0000
25973;2023-03-13 12:25:08.797000;6;103488;1;1;0.0000;1;79223.0000;None;855600.0000
25973;2023-03-13 12:25:08.797000;7;1003;2;1;0.0000;1;79223.0000;None;855600.0000
25973;2023-03-13 12:25:08.797000;7;1028;1;1;0.0000;1;79223.0000;None;855600.0000
25973;2023-03-13 12:25:08.797000;7;1028;1;1;0.0000;1;79223.0000;None;855600.0000
25973;2023-03-13 12:25:08.797000;8;102790;1;1;23800.0000;1;79223.0000;None;855600.0000
25973;2023-03-13 12:25:08.797000;7;1151;1;1;0.0000;1;79223.0000;None;855600.0000
25973;2023-03-13 12:25:08.797000;7;1152;1;1;0.0000;1;79223.0000;None;855600.0000
25973;2023-03-13 12:25:08.797000;7;1051;1;1;0.0000;1;79223.0000;None;855600.0000
25973;2023-03-13 12:25:08.797000;7;1051;1;1;0.0000;1;79223.0000;None;855600.0000
25973;2023-03-13 12:25:08.797000;8;103539;1;1;29800.0000;1;79223.0000;None;855600.0000
25973;2023-03-13 12:25:08.797000;7;1151;1;1;0.0000;1;79223.0000;None;855600.0000
25973;2023-03-13 12:25:08.797000;7;1152;1;1;0.0000;1;79223.0000;None;855600.0000
25973;2023-03-13 12:25:08.797000;8;102800;1;1;23800.0000;1;79223.0000;None;855600.0000
25973;2023-03-13 12:25:08.797000;7;1151;1;1;0.0000;1;79223.0000;None;855600.0000
25973;2023-03-13 12:25:08.797000;7;1152;1;1;0.0000;1;79223.0000;None;855600.0000
25973;2023-03-13 12:25:08.797000;7;1051;1;1;0.0000;1;79223.0000;None;855600.0000
25973;2023-03-13 12:25:08.797000;7;1051;1;1;0.0000;1;79223.0000;None;855600.0000
25973;2023-03-13 12:25:08.797000;7;1213;1;1;0.0000;1;79223.0000;None;855600.0000
25973;2023-03-13 12:25:08.797000;8;102052;1;1;42800.0000;1;79223.0000;None;855600.0000
25973;2023-03-13 12:25:08.797000;8;102052;1;1;42800.0000;1;79223.0000;None;855600.0000
25973;2023-03-13 12:25:08.797000;7;1151;1;1;0.0000;1;79223.0000;None;855600.0000
25973;2023-03-13 12:25:08.797000;7;1152;1;1;0.0000;1;79223.0000;None;855600.0000
25973;2023-03-13 12:25:08.797000;7;1051;1;1;0.0000;1;79223.0000;None;855600.0000
25973;2023-03-13 12:25:08.797000;7;1051;1;1;0.0000;1;79223.0000;None;855600.0000
25973;2023-03-13 12:25:08.797000;1;102725;1;1;36800.0000;1;79223.0000;None;855600.0000
25973;2023-03-13 12:25:08.797000;7;1028;1;1;0.0000;1;79223.0000;None;855600.0000
25973;2023-03-13 12:25:08.797000;7;1028;1;1;0.0000;1;79223.0000;None;855600.0000
25973;2023-03-13 12:25:08.797000;1;100853;1;1;28800.0000;1;79223.0000;None;855600.0000
25973;2023-03-13 12:25:08.797000;1;102913;1;1;26800.0000;1;79223.0000;None;855600.0000
25973;2023-03-13 12:25:08.797000;6;101561;1;1;0.0000;1;79223.0000;None;855600.0000
25973;2023-03-13 12:25:08.797000;7;1135;1;1;0.0000;1;79223.0000;None;855600.0000
25973;2023-03-13 12:25:08.797000;7;1135;1;1;0.0000;1;79223.0000;None;855600.0000
25973;2023-03-13 12:25:27.980000;1;105421;1;3;59400.0000;1;79223.0000;None;855600.0000
25973;2023-03-13 12:25:27.980000;7;1135;1;1;0.0000;1;79223.0000;None;855600.0000
25973;2023-03-13 12:26:07.237000;8;102997;1;2;17600.0000;1;79223.0000;None;855600.0000
25973;2023-03-13 12:26:07.237000;7;1151;1;2;0.0000;1;79223.0000;None;855600.0000
25973;2023-03-13 12:26:07.237000;7;1152;1;2;0.0000;1;79223.0000;None;855600.0000
25973;2023-03-13 12:26:07.237000;7;1164;1;2;0.0000;1;79223.0000;None;855600.0000
25973;2023-03-13 12:26:07.237000;8;103002;1;2;33600.0000;1;79223.0000;None;855600.0000
25973;2023-03-13 12:26:07.237000;7;1151;1;2;0.0000;1;79223.0000;None;855600.0000
25973;2023-03-13 12:26:07.237000;7;1152;1;2;0.0000;1;79223.0000;None;855600.0000
25973;2023-03-13 12:26:07.237000;7;1164;1;2;0.0000;1;79223.0000;None;855600.0000
25973;2023-03-13 12:32:16.247000;3;102747;1;1;4800.0000;1;79223.0000;None;855600.0000
25973;2023-03-13 12:32:16.247000;3;102747;1;1;4800.0000;1;79223.0000;None;855600.0000
25973;2023-03-13 12:32:16.247000;3;102747;1;1;4800.0000;1;79223.0000;None;855600.0000
25973;2023-03-13 12:32:16.247000;3;201146;1;1;6800.0000;1;79223.0000;None;855600.0000
25973;2023-03-13 12:32:16.247000;3;201207;1;1;6800.0000;1;79223.0000;None;855600.0000
25973;2023-03-13 12:35:32.137000;1;102982;1;1;59800.0000;1;79223.0000;None;855600.0000
25973;2023-03-13 12:35:32.137000;7;1003;2;1;0.0000;1;79223.0000;None;855600.0000
25973;2023-03-13 12:35:32.137000;1;105065;1;1;0.0000;1;79223.0000;None;855600.0000
25973;2023-03-13 12:35:32.137000;7;1135;1;1;0.0000;1;79223.0000;None;855600.0000
25973;2023-03-13 13:11:19.890000;3;102747;1;1;4800.0000;1;79223.0000;None;855600.0000
25973;2023-03-13 13:11:19.890000;7;2006;1;1;0.0000;1;79223.0000;None;855600.0000
25973;2023-03-13 13:16:53.460000;8;107550;1;1;17800.0000;1;79223.0000;None;855600.0000
25973;2023-03-13 13:20:13.550000;3;201146;1;1;6800.0000;1;79223.0000;None;855600.0000
25973;2023-03-13 13:20:13.550000;7;1207;1;1;0.0000;1;79223.0000;None;855600.0000
25973;2023-03-13 13:21:45.543000;3;201146;1;1;6800.0000;1;79223.0000;None;855600.0000
25973;2023-03-13 13:21:45.543000;7;2042;1;1;0.0000;1;79223.0000;None;855600.0000
25973;2023-03-13 13:23:56;1;103100;1;1;8800.0000;1;79223.0000;None;855600.0000
25973;2023-03-13 13:28:22.880000;3;102102;1;1;9800.0000;1;79223.0000;None;855600.0000
25973;2023-03-13 13:32:43.777000;3;100614;1;1;5800.0000;1;79223.0000;None;855600.0000
25973;2023-03-13 13:36:40.670000;1;104275;1;1;8800.0000;1;79223.0000;None;855600.0000
25974;2023-03-13 10:51:26.883000;3;200644;1;1;6800.0000;1;None;None;6800.0000
25974;2023-03-13 10:51:26.883000;7;2034;1;1;0.0000;1;None;None;6800.0000
25974;2023-03-13 10:51:26.883000;7;2049;1;1;0.0000;1;None;None;6800.0000
25976;2023-03-13 10:59:52.777000;1;100974;1;1;17800.0000;1;None;None;33400.0000
25976;2023-03-13 10:59:52.777000;7;1157;1;1;0.0000;1;None;None;33400.0000
25976;2023-03-13 10:59:52.777000;3;102635;1;1;8800.0000;1;None;None;33400.0000
25976;2023-03-13 10:59:52.777000;3;102616;1;1;6800.0000;1;None;None;33400.0000
25976;2023-03-13 10:59:52.777000;7;1207;1;1;0.0000;1;None;None;33400.0000
25977;2023-03-13 11:06:49.567000;3;100614;1;1;5800.0000;1;1074.0000;None;11600.0000
25977;2023-03-13 11:06:49.567000;1;100590;1;1;5800.0000;1;1074.0000;None;11600.0000
25978;2023-03-13 11:13:40.693000;1;100590;1;1;5800.0000;1;3241.0000;None;35000.0000
25978;2023-03-13 11:13:40.693000;1;100590;1;1;5800.0000;1;3241.0000;None;35000.0000
25978;2023-03-13 11:13:40.693000;1;100590;1;1;5800.0000;1;3241.0000;None;35000.0000
25978;2023-03-13 11:13:40.693000;3;105025;1;1;10800.0000;1;3241.0000;None;35000.0000
25978;2023-03-13 11:13:40.693000;7;1207;1;1;0.0000;1;3241.0000;None;35000.0000
25978;2023-03-13 11:13:40.693000;3;100606;1;1;6800.0000;1;3241.0000;None;35000.0000
25979;2023-03-13 11:24:07.677000;1;102567;1;1;14800.0000;1;2370.0000;None;25600.0000
25979;2023-03-13 11:24:07.677000;7;1049;1;1;0.0000;1;2370.0000;None;25600.0000
25979;2023-03-13 11:24:07.677000;3;101332;1;1;10800.0000;1;2370.0000;None;25600.0000
25979;2023-03-13 11:24:07.677000;7;1207;1;1;0.0000;1;2370.0000;None;25600.0000
25979;2023-03-13 11:24:07.677000;7;2045;1;1;0.0000;1;2370.0000;None;25600.0000
25980;2023-03-13 11:34:58.890000;1;103759;1;1;10800.0000;1;None;None;19600.0000
25980;2023-03-13 11:34:58.890000;7;1157;1;1;0.0000;1;None;None;19600.0000
25980;2023-03-13 12:05:56.483000;1;102228;1;1;8800.0000;1;None;None;19600.0000
25980;2023-03-13 12:05:56.483000;7;1157;1;1;0.0000;1;None;None;19600.0000
25981;2023-03-13 11:41:20.803000;3;100606;1;1;6800.0000;1;9444.0000;None;102000.0000
25981;2023-03-13 11:41:20.803000;3;100606;1;1;6800.0000;1;9444.0000;None;102000.0000
25981;2023-03-13 11:41:20.803000;3;100606;1;1;6800.0000;1;9444.0000;None;102000.0000
25981;2023-03-13 11:41:20.803000;3;104554;1;1;4800.0000;1;9444.0000;None;102000.0000
25981;2023-03-13 11:41:20.803000;1;100625;1;1;8800.0000;1;9444.0000;None;102000.0000
25981;2023-03-13 11:45:31.557000;3;102635;1;2;17600.0000;1;9444.0000;None;102000.0000
25981;2023-03-13 11:48:16.967000;1;103641;1;4;55200.0000;1;9444.0000;None;102000.0000
25981;2023-03-13 12:13:17.623000;3;104554;1;-1;-4800.0000;1;9444.0000;None;102000.0000
25982;2023-03-13 11:47:41.797000;3;200644;1;1;6800.0000;1;7296.0000;None;78800.0000
25982;2023-03-13 11:47:41.797000;1;102952;1;1;22800.0000;1;7296.0000;None;78800.0000
25982;2023-03-13 11:47:41.797000;1;102474;1;1;30800.0000;1;7296.0000;None;78800.0000
25982;2023-03-13 11:58:38.730000;3;201146;1;1;6800.0000;1;7296.0000;None;78800.0000
25982;2023-03-13 12:23:47.977000;1;102173;1;1;5800.0000;1;7296.0000;None;78800.0000
25982;2023-03-13 12:23:47.977000;7;1135;1;1;0.0000;1;7296.0000;None;78800.0000
25982;2023-03-13 12:23:47.977000;1;102255;1;1;5800.0000;1;7296.0000;None;78800.0000
25982;2023-03-13 12:23:47.977000;7;1135;1;1;0.0000;1;7296.0000;None;78800.0000
25983;2023-03-13 11:54:51.020000;8;107297;1;1;22800.0000;1;None;None;22800.0000
25983;2023-03-13 11:54:51.020000;8;107228;1;1;0.0000;1;None;None;22800.0000
25983;2023-03-13 11:54:51.020000;7;1157;1;1;0.0000;1;None;None;22800.0000
25984;2023-03-13 12:00:22.480000;1;103750;1;1;13800.0000;1;None;None;65400.0000
25984;2023-03-13 12:00:22.480000;1;104293;1;1;44800.0000;1;None;None;65400.0000
25984;2023-03-13 12:00:22.480000;7;1006;1;1;0.0000;1;None;None;65400.0000
25984;2023-03-13 12:00:22.480000;1;101433;1;1;0.0000;1;None;None;65400.0000
25984;2023-03-13 12:00:22.480000;1;102132;1;1;6800.0000;1;None;None;65400.0000
25984;2023-03-13 12:00:22.480000;7;1196;1;1;0.0000;1;None;None;65400.0000
25984;2023-03-13 12:00:22.480000;7;1157;1;1;0.0000;1;None;None;65400.0000
25987;2023-03-13 12:06:13.940000;1;102239;1;1;5800.0000;1;1704.0000;None;18400.0000
25987;2023-03-13 12:06:13.940000;1;103400;1;1;7800.0000;1;1704.0000;None;18400.0000
25987;2023-03-13 12:06:13.940000;3;104554;1;1;4800.0000;1;1704.0000;None;18400.0000
25988;2023-03-13 12:06:30.480000;1;103130;1;1;9800.0000;1;2259.0000;None;24400.0000
25988;2023-03-13 12:06:30.480000;3;102747;1;1;4800.0000;1;2259.0000;None;24400.0000
25988;2023-03-13 12:26:02.883000;1;103130;1;1;9800.0000;1;2259.0000;None;24400.0000
25989;2023-03-13 12:11:38.767000;1;105188;1;1;31800.0000;1;19759.0000;None;213400.0000
25989;2023-03-13 12:11:38.767000;1;102502;1;1;47800.0000;1;19759.0000;None;213400.0000
25989;2023-03-13 12:11:38.767000;6;103488;1;1;0.0000;1;19759.0000;None;213400.0000
25989;2023-03-13 12:11:38.767000;7;1002;1;1;0.0000;1;19759.0000;None;213400.0000
25989;2023-03-13 12:11:38.767000;7;1028;1;1;0.0000;1;19759.0000;None;213400.0000
25989;2023-03-13 12:11:38.767000;7;1028;1;1;0.0000;1;19759.0000;None;213400.0000
25989;2023-03-13 12:11:38.767000;8;109318;1;1;40800.0000;1;19759.0000;None;213400.0000
25989;2023-03-13 12:11:38.767000;7;1151;1;1;0.0000;1;19759.0000;None;213400.0000
25989;2023-03-13 12:11:38.767000;7;1152;1;1;0.0000;1;19759.0000;None;213400.0000
25989;2023-03-13 12:11:38.767000;7;1164;1;2;0.0000;1;19759.0000;None;213400.0000
25989;2023-03-13 12:11:38.767000;7;1208;1;1;0.0000;1;19759.0000;None;213400.0000
25989;2023-03-13 12:11:38.767000;3;200644;1;1;6800.0000;1;19759.0000;None;213400.0000
25989;2023-03-13 12:11:38.767000;3;201269;1;1;6800.0000;1;19759.0000;None;213400.0000
25989;2023-03-13 12:11:38.767000;6;101641;1;1;0.0000;1;19759.0000;None;213400.0000
25989;2023-03-13 12:11:38.767000;7;2045;2;1;0.0000;1;19759.0000;None;213400.0000
25989;2023-03-13 12:11:38.767000;7;2051;1;1;0.0000;1;19759.0000;None;213400.0000
25989;2023-03-13 12:11:38.767000;6;101061;1;1;0.0000;1;19759.0000;None;213400.0000
25989;2023-03-13 12:39:40.543000;3;100614;1;1;5800.0000;1;19759.0000;None;213400.0000
25989;2023-03-13 12:39:40.543000;7;1207;1;1;0.0000;1;19759.0000;None;213400.0000
25989;2023-03-13 12:24:35.063000;3;100614;1;2;11600.0000;1;19759.0000;None;213400.0000
25989;2023-03-13 12:53:45.567000;1;103750;1;1;13800.0000;1;19759.0000;None;213400.0000
25989;2023-03-13 12:53:45.567000;7;1001;1;1;0.0000;1;19759.0000;None;213400.0000
25989;2023-03-13 12:53:45.567000;1;103171;1;1;28800.0000;1;19759.0000;None;213400.0000
25989;2023-03-13 12:53:45.567000;7;1054;1;1;0.0000;1;19759.0000;None;213400.0000
25989;2023-03-13 12:53:45.567000;1;101433;1;1;0.0000;1;19759.0000;None;213400.0000
25989;2023-03-13 12:53:45.567000;1;102132;1;1;6800.0000;1;19759.0000;None;213400.0000
25989;2023-03-13 12:53:45.567000;7;1135;1;1;0.0000;1;19759.0000;None;213400.0000
25989;2023-03-13 12:53:45.567000;3;200644;1;1;6800.0000;1;19759.0000;None;213400.0000
25989;2023-03-13 12:53:45.567000;6;101641;1;1;0.0000;1;19759.0000;None;213400.0000
25989;2023-03-13 13:23:27.653000;3;100614;1;1;5800.0000;1;19759.0000;None;213400.0000
25989;2023-03-13 13:23:27.653000;7;2034;1;1;0.0000;1;19759.0000;None;213400.0000
25990;2023-03-13 12:13:56.513000;3;201146;1;1;6800.0000;1;None;None;6800.0000
25990;2023-03-13 12:13:56.513000;7;2034;1;1;0.0000;1;None;None;6800.0000
25991;2023-03-13 12:30:20.980000;1;108452;1;1;23800.0000;1;None;None;52100.0000
25991;2023-03-13 12:30:20.980000;1;102260;1;1;5800.0000;1;None;None;52100.0000
25991;2023-03-13 12:30:20.980000;7;1135;1;1;0.0000;1;None;None;52100.0000
25991;2023-03-13 12:30:20.980000;1;103759;1;1;10800.0000;1;None;None;52100.0000
25991;2023-03-13 12:30:20.980000;3;102747;1;1;4800.0000;1;None;None;52100.0000
25991;2023-03-13 12:30:20.980000;6;101061;1;1;0.0000;1;None;None;52100.0000
25991;2023-03-13 13:02:58.020000;1;103624;1;1;43800.0000;1;None;None;52100.0000
25991;2023-03-13 13:02:58.020000;7;1157;1;1;0.0000;1;None;None;52100.0000
25991;2023-03-13 13:03:29.853000;3;102747;1;1;4800.0000;1;None;None;52100.0000
25991;2023-03-13 13:26:15.540000;1;102909;1;1;5200.0000;1;None;None;52100.0000
25991;2023-03-13 13:26:15.540000;1;102906;1;1;5200.0000;1;None;None;52100.0000
25991;2023-03-13 14:42:10.850000;None;3;None;1;-52100.0000;2;None;None;52100.0000
25992;2023-03-13 12:32:55.883000;3;102747;1;1;4800.0000;1;6852.0000;None;74000.0000
25992;2023-03-13 12:32:55.883000;7;2072;1;1;0.0000;1;6852.0000;None;74000.0000
25992;2023-03-13 12:32:55.883000;2;201615;1;1;14800.0000;1;6852.0000;None;74000.0000
25992;2023-03-13 12:36:46.217000;6;101061;1;1;0.0000;1;6852.0000;None;74000.0000
25992;2023-03-13 12:36:46.217000;1;103759;1;1;10800.0000;1;6852.0000;None;74000.0000
25992;2023-03-13 12:36:46.217000;1;103750;1;1;13800.0000;1;6852.0000;None;74000.0000
25992;2023-03-13 12:36:46.217000;1;101244;1;1;29800.0000;1;6852.0000;None;74000.0000
25995;2023-03-13 12:37:29.450000;3;102635;1;3;26400.0000;1;15556.0000;None;168000.0000
25995;2023-03-13 12:37:29.450000;1;103771;1;1;12800.0000;1;15556.0000;None;168000.0000
25995;2023-03-13 12:37:29.450000;1;103759;1;1;10800.0000;1;15556.0000;None;168000.0000
25995;2023-03-13 12:37:29.450000;7;1001;1;2;0.0000;1;15556.0000;None;168000.0000
25995;2023-03-13 12:37:29.450000;1;108424;1;1;41800.0000;1;15556.0000;None;168000.0000
25995;2023-03-13 12:37:29.450000;6;103488;1;1;0.0000;1;15556.0000;None;168000.0000
25995;2023-03-13 12:37:29.450000;7;1003;2;1;0.0000;1;15556.0000;None;168000.0000
25995;2023-03-13 12:37:29.450000;1;104294;1;1;65800.0000;1;15556.0000;None;168000.0000
25995;2023-03-13 12:37:29.450000;7;1006;1;1;0.0000;1;15556.0000;None;168000.0000
25995;2023-03-13 12:37:29.450000;1;101520;1;1;0.0000;1;15556.0000;None;168000.0000
25995;2023-03-13 12:37:29.450000;6;101061;1;1;0.0000;1;15556.0000;None;168000.0000
25995;2023-03-13 13:24:46.677000;1;102908;1;1;5200.0000;1;15556.0000;None;168000.0000
25995;2023-03-13 13:36:57.500000;1;102905;1;1;5200.0000;1;15556.0000;None;168000.0000
25996;2023-03-13 12:44:18.890000;3;201207;1;1;6800.0000;1;16704.0000;None;180400.0000
25996;2023-03-13 12:44:18.890000;6;101061;1;1;0.0000;1;16704.0000;None;180400.0000
25996;2023-03-13 12:44:18.890000;1;102904;1;1;39800.0000;1;16704.0000;None;180400.0000
25996;2023-03-13 12:44:18.890000;7;1002;1;1;0.0000;1;16704.0000;None;180400.0000
25996;2023-03-13 12:44:18.890000;1;101262;1;1;29800.0000;1;16704.0000;None;180400.0000
25996;2023-03-13 12:44:18.890000;1;104294;1;1;65800.0000;1;16704.0000;None;180400.0000
25996;2023-03-13 12:44:18.890000;1;101522;1;1;0.0000;1;16704.0000;None;180400.0000
25996;2023-03-13 12:44:18.890000;7;1002;1;1;0.0000;1;16704.0000;None;180400.0000
25996;2023-03-13 12:44:18.890000;7;1028;1;1;0.0000;1;16704.0000;None;180400.0000
25996;2023-03-13 12:53:09.010000;3;200007;1;1;12800.0000;1;16704.0000;None;180400.0000
25996;2023-03-13 12:53:09.010000;7;1207;1;1;0.0000;1;16704.0000;None;180400.0000
25996;2023-03-13 13:34:59.557000;3;100614;1;1;5800.0000;1;16704.0000;None;180400.0000
25996;2023-03-13 13:34:59.557000;3;100614;1;1;5800.0000;1;16704.0000;None;180400.0000
25996;2023-03-13 13:45:29.477000;8;101996;1;1;13800.0000;1;16704.0000;None;180400.0000
25997;2023-03-13 13:05:40.047000;6;101061;1;1;0.0000;1;11982.0000;None;129400.0000
25997;2023-03-13 13:05:40.047000;1;103624;1;1;43800.0000;1;11982.0000;None;129400.0000
25997;2023-03-13 13:05:40.047000;1;102132;1;1;6800.0000;1;11982.0000;None;129400.0000
25997;2023-03-13 13:05:40.047000;1;103955;1;1;41800.0000;1;11982.0000;None;129400.0000
25997;2023-03-13 13:05:40.047000;1;101433;1;1;0.0000;1;11982.0000;None;129400.0000
25997;2023-03-13 13:05:40.047000;1;102132;1;1;6800.0000;1;11982.0000;None;129400.0000
25997;2023-03-13 13:05:40.047000;7;1196;1;1;0.0000;1;11982.0000;None;129400.0000
25997;2023-03-13 13:05:40.047000;3;102632;1;1;8800.0000;1;11982.0000;None;129400.0000
25997;2023-03-13 13:05:40.047000;3;201269;1;1;6800.0000;1;11982.0000;None;129400.0000
25997;2023-03-13 13:05:40.047000;6;101641;1;1;0.0000;1;11982.0000;None;129400.0000
25997;2023-03-13 13:35:12.947000;3;102632;1;1;8800.0000;1;11982.0000;None;129400.0000
25997;2023-03-13 13:52:01.090000;3;100614;1;1;5800.0000;1;11982.0000;None;129400.0000
25997;2023-03-13 13:52:01.090000;7;2034;1;1;0.0000;1;11982.0000;None;129400.0000
25998;2023-03-13 13:18:58.110000;8;103615;1;1;32800.0000;1;7130.0000;None;77000.0000
25998;2023-03-13 13:18:58.110000;1;103750;1;1;13800.0000;1;7130.0000;None;77000.0000
25998;2023-03-13 13:18:58.110000;1;102132;1;1;6800.0000;1;7130.0000;None;77000.0000
25998;2023-03-13 13:18:58.110000;3;102635;1;1;8800.0000;1;7130.0000;None;77000.0000
25998;2023-03-13 13:18:58.110000;6;101061;1;1;0.0000;1;7130.0000;None;77000.0000
25998;2023-03-13 13:25:06.927000;2;201615;1;1;14800.0000;1;7130.0000;None;77000.0000
25999;2023-03-13 13:44:58.100000;1;102982;1;1;59800.0000;1;12963.0000;None;140000.0000
25999;2023-03-13 13:44:58.100000;7;1006;1;1;0.0000;1;12963.0000;None;140000.0000
25999;2023-03-13 13:44:58.100000;1;101552;1;1;0.0000;1;12963.0000;None;140000.0000
25999;2023-03-13 13:44:58.100000;1;102982;1;1;59800.0000;1;12963.0000;None;140000.0000
25999;2023-03-13 13:44:58.100000;7;1006;1;1;0.0000;1;12963.0000;None;140000.0000
25999;2023-03-13 13:44:58.100000;1;101433;1;1;0.0000;1;12963.0000;None;140000.0000
25999;2023-03-13 13:44:58.100000;1;102132;1;1;6800.0000;1;12963.0000;None;140000.0000
25999;2023-03-13 13:44:58.100000;7;1196;1;1;0.0000;1;12963.0000;None;140000.0000
25999;2023-03-13 13:44:58.100000;7;1135;1;1;0.0000;1;12963.0000;None;140000.0000
25999;2023-03-13 13:44:58.100000;3;102635;1;1;8800.0000;1;12963.0000;None;140000.0000
25999;2023-03-13 13:44:58.100000;3;102747;1;1;4800.0000;1;12963.0000;None;140000.0000
25999;2023-03-13 13:44:58.100000;6;101061;1;1;0.0000;1;12963.0000;None;140000.0000
26000;2023-03-13 13:46:53.883000;3;100999;1;1;5800.0000;1;1796.0000;None;19400.0000
26000;2023-03-13 13:46:53.883000;3;100999;1;1;5800.0000;1;1796.0000;None;19400.0000
26000;2023-03-13 13:46:53.883000;1;104747;1;1;7800.0000;1;1796.0000;None;19400.0000
26001;2023-03-13 13:48:03.687000;1;100853;1;1;28800.0000;1;7444.0000;None;80400.0000
26001;2023-03-13 13:48:03.687000;7;1135;1;1;0.0000;1;7444.0000;None;80400.0000
26001;2023-03-13 13:48:03.687000;7;1135;1;1;0.0000;1;7444.0000;None;80400.0000
26001;2023-03-13 13:48:03.687000;1;103955;1;1;41800.0000;1;7444.0000;None;80400.0000
26001;2023-03-13 13:48:03.687000;1;101522;1;1;0.0000;1;7444.0000;None;80400.0000
26001;2023-03-13 13:48:03.687000;3;107198;1;1;9800.0000;1;7444.0000;None;80400.0000
26001;2023-03-13 13:48:03.687000;7;1207;1;1;0.0000;1;7444.0000;None;80400.0000
26001;2023-03-13 13:48:03.687000;6;101061;1;1;0.0000;1;7444.0000;None;80400.0000
26002;2023-03-13 13:58:14.207000;1;103759;1;1;10800.0000;1;None;None;194200.0000
26002;2023-03-13 13:58:14.207000;1;103342;1;1;46800.0000;1;None;None;194200.0000
26002;2023-03-13 13:58:14.207000;1;102501;1;1;39800.0000;1;None;None;194200.0000
26002;2023-03-13 13:58:14.207000;1;102042;1;1;37800.0000;1;None;None;194200.0000
26002;2023-03-13 13:58:14.207000;2;101679;1;1;19800.0000;1;None;None;194200.0000
26002;2023-03-13 13:58:14.207000;3;201146;1;1;6800.0000;1;None;None;194200.0000
26002;2023-03-13 13:58:14.207000;3;201146;1;1;6800.0000;1;None;None;194200.0000
26002;2023-03-13 13:58:14.207000;3;102637;1;1;9800.0000;1;None;None;194200.0000
26002;2023-03-13 13:58:14.207000;1;103100;1;1;8800.0000;1;None;None;194200.0000
26002;2023-03-13 14:06:48.270000;1;103772;1;1;17800.0000;1;None;None;194200.0000
26002;2023-03-13 14:06:48.270000;7;1135;1;1;0.0000;1;None;None;194200.0000
26002;2023-03-13 14:24:25.833000;1;103759;1;-1;-10800.0000;1;None;None;194200.0000
26002;2023-03-13 14:24:25.833000;7;1001;1;-1;0.0000;1;None;None;194200.0000
26003;2023-03-13 13:08:29.427000;1;103759;1;1;10800.0000;1;5130.0000;None;55400.0000
26003;2023-03-13 13:08:29.427000;1;102042;1;1;37800.0000;1;5130.0000;None;55400.0000
26003;2023-03-13 13:26:58.197000;3;201146;1;1;6800.0000;1;5130.0000;None;55400.0000
26003;2023-03-13 13:26:58.197000;6;101641;1;1;0.0000;1;5130.0000;None;55400.0000
26004;2023-03-13 14:23:39.507000;3;102747;1;1;4800.0000;1;3296.0000;None;35600.0000
26004;2023-03-13 14:29:10.723000;8;107225;1;1;30800.0000;1;3296.0000;None;35600.0000
26004;2023-03-13 14:29:10.723000;8;107228;1;1;0.0000;1;3296.0000;None;35600.0000
26004;2023-03-13 14:29:10.723000;7;1151;1;1;0.0000;1;3296.0000;None;35600.0000
26004;2023-03-13 14:29:10.723000;7;1152;1;1;0.0000;1;3296.0000;None;35600.0000
26004;2023-03-13 14:29:10.723000;7;1164;1;2;0.0000;1;3296.0000;None;35600.0000
26004;2023-03-13 14:29:10.723000;6;101061;1;1;0.0000;1;3296.0000;None;35600.0000
26005;2023-03-13 14:28:50.693000;1;104293;1;1;44800.0000;1;6222.0000;None;67200.0000
26005;2023-03-13 14:28:50.693000;7;1205;1;1;0.0000;1;6222.0000;None;67200.0000
26005;2023-03-13 14:28:50.693000;1;101433;1;1;0.0000;1;6222.0000;None;67200.0000
26005;2023-03-13 14:28:50.693000;1;102132;1;1;6800.0000;1;6222.0000;None;67200.0000
26005;2023-03-13 14:28:50.693000;7;1135;1;1;0.0000;1;6222.0000;None;67200.0000
26005;2023-03-13 14:28:50.693000;7;1135;1;1;0.0000;1;6222.0000;None;67200.0000
26005;2023-03-13 14:28:50.693000;1;102228;1;1;8800.0000;1;6222.0000;None;67200.0000
26005;2023-03-13 14:28:50.693000;3;201269;1;1;6800.0000;1;6222.0000;None;67200.0000
26005;2023-03-13 14:28:50.693000;3;108191;1;1;0.0000;1;6222.0000;None;67200.0000
26005;2023-03-13 14:28:50.693000;6;101061;1;1;0.0000;1;6222.0000;None;67200.0000
26006;2023-03-13 14:29:46.717000;3;100614;1;1;5800.0000;1;537.0000;None;5800.0000
26006;2023-03-13 14:29:46.717000;7;2034;1;1;0.0000;1;537.0000;None;5800.0000
26007;2023-03-13 14:37:39.150000;1;102904;1;1;39800.0000;1;5593.0000;None;60400.0000
26007;2023-03-13 14:37:39.150000;7;1006;1;1;0.0000;1;5593.0000;None;60400.0000
26007;2023-03-13 14:37:39.150000;6;101061;1;1;0.0000;1;5593.0000;None;60400.0000
26007;2023-03-13 14:37:39.150000;3;201146;1;1;6800.0000;1;5593.0000;None;60400.0000
26007;2023-03-13 14:51:32.947000;1;103641;1;1;13800.0000;1;5593.0000;None;60400.0000
26007;2023-03-13 14:51:32.947000;7;1157;1;1;0.0000;1;5593.0000;None;60400.0000
26008;2023-03-13 14:40:02.137000;6;101061;1;1;0.0000;1;7963.0000;None;86000.0000
26008;2023-03-13 14:40:02.137000;8;101996;1;1;13800.0000;1;7963.0000;None;86000.0000
26008;2023-03-13 14:40:02.137000;7;1001;1;1;0.0000;1;7963.0000;None;86000.0000
26008;2023-03-13 14:40:02.137000;8;103023;1;1;34800.0000;1;7963.0000;None;86000.0000
26008;2023-03-13 14:40:02.137000;7;1151;1;2;0.0000;1;7963.0000;None;86000.0000
26008;2023-03-13 14:40:02.137000;7;1164;1;2;0.0000;1;7963.0000;None;86000.0000
26008;2023-03-13 14:40:02.137000;8;102803;1;1;19800.0000;1;7963.0000;None;86000.0000
26008;2023-03-13 14:40:02.137000;7;1151;1;2;0.0000;1;7963.0000;None;86000.0000
26008;2023-03-13 14:40:02.137000;7;1164;1;2;0.0000;1;7963.0000;None;86000.0000
26008;2023-03-13 14:40:02.137000;3;102635;1;2;17600.0000;1;7963.0000;None;86000.0000
26008;2023-03-13 14:40:02.137000;7;2036;1;2;0.0000;1;7963.0000;None;86000.0000
26009;2023-03-13 14:50:32.870000;8;107297;1;1;22800.0000;1;2556.0000;None;27600.0000
26009;2023-03-13 14:50:32.870000;8;107228;1;1;0.0000;1;2556.0000;None;27600.0000
26009;2023-03-13 14:50:32.870000;7;1151;1;1;0.0000;1;2556.0000;None;27600.0000
26009;2023-03-13 14:50:32.870000;7;1152;1;1;0.0000;1;2556.0000;None;27600.0000
26009;2023-03-13 14:50:32.870000;7;1164;1;2;0.0000;1;2556.0000;None;27600.0000
26009;2023-03-13 14:50:32.870000;6;101061;1;1;0.0000;1;2556.0000;None;27600.0000
26009;2023-03-13 14:52:12.307000;3;102747;1;1;4800.0000;1;2556.0000;None;27600.0000
26010;2023-03-13 14:52:03.373000;1;103784;1;1;29800.0000;1;None;None;29800.0000
26010;2023-03-13 14:52:03.373000;7;1157;1;1;0.0000;1;None;None;29800.0000
26011;2023-03-13 15:00:54.040000;1;101954;1;1;19800.0000;1;23704.0000;None;256000.0000
26011;2023-03-13 15:00:54.040000;7;1001;1;1;0.0000;1;23704.0000;None;256000.0000
26011;2023-03-13 15:00:54.040000;1;100853;1;1;28800.0000;1;23704.0000;None;256000.0000
26011;2023-03-13 15:00:54.040000;7;1132;1;1;0.0000;1;23704.0000;None;256000.0000
26011;2023-03-13 15:00:54.040000;1;105647;1;1;69800.0000;1;23704.0000;None;256000.0000
26011;2023-03-13 15:00:54.040000;1;101433;1;1;0.0000;1;23704.0000;None;256000.0000
26011;2023-03-13 15:00:54.040000;7;1135;1;1;0.0000;1;23704.0000;None;256000.0000
26011;2023-03-13 15:00:54.040000;1;105647;1;1;69800.0000;1;23704.0000;None;256000.0000
26011;2023-03-13 15:00:54.040000;1;105065;1;1;0.0000;1;23704.0000;None;256000.0000
26011;2023-03-13 15:00:54.040000;6;101061;1;1;0.0000;1;23704.0000;None;256000.0000
26011;2023-03-13 15:00:54.040000;3;102635;1;1;8800.0000;1;23704.0000;None;256000.0000
26011;2023-03-13 15:00:54.040000;7;1207;1;1;0.0000;1;23704.0000;None;256000.0000
26011;2023-03-13 13:37:45.373000;3;201146;1;2;13600.0000;1;23704.0000;None;256000.0000
26011;2023-03-13 15:46:17.960000;1;105421;1;1;19800.0000;1;23704.0000;None;256000.0000
26011;2023-03-13 15:46:25.173000;3;100614;1;1;5800.0000;1;23704.0000;None;256000.0000
26011;2023-03-13 15:50:21.803000;1;105421;1;1;19800.0000;1;23704.0000;None;256000.0000
26011;2023-03-13 15:50:21.803000;7;1157;1;1;0.0000;1;23704.0000;None;256000.0000
26012;2023-03-13 15:08:05.880000;1;103955;1;1;41800.0000;1;None;None;41800.0000
26012;2023-03-13 15:08:05.880000;6;104684;1;1;0.0000;1;None;None;41800.0000
26013;2023-03-13 15:09:06.503000;1;102725;1;1;36800.0000;1;12463.0000;None;134600.0000
26013;2023-03-13 15:09:06.503000;7;1028;1;1;0.0000;1;12463.0000;None;134600.0000
26013;2023-03-13 15:09:06.503000;8;107548;1;1;30800.0000;1;12463.0000;None;134600.0000
26013;2023-03-13 15:09:06.503000;7;1151;1;1;0.0000;1;12463.0000;None;134600.0000
26013;2023-03-13 15:09:06.503000;7;1152;1;1;0.0000;1;12463.0000;None;134600.0000
26013;2023-03-13 15:09:06.503000;7;1164;1;2;0.0000;1;12463.0000;None;134600.0000
26013;2023-03-13 15:09:06.503000;7;1208;1;1;0.0000;1;12463.0000;None;134600.0000
26013;2023-03-13 15:09:06.503000;6;101061;1;1;0.0000;1;12463.0000;None;134600.0000
26013;2023-03-13 13:37:45.373000;3;201146;1;2;13600.0000;1;12463.0000;None;134600.0000
26013;2023-03-13 15:30:55.950000;3;100614;1;1;5800.0000;1;12463.0000;None;134600.0000
26013;2023-03-13 15:33:18.637000;1;103790;1;1;39800.0000;1;12463.0000;None;134600.0000
26013;2023-03-13 15:33:18.637000;3;102619;1;1;7800.0000;1;12463.0000;None;134600.0000
26013;2023-03-13 15:33:18.637000;6;101061;1;1;0.0000;1;12463.0000;None;134600.0000
26014;2023-03-13 15:11:53.037000;1;100845;1;1;28800.0000;1;4167.0000;None;45000.0000
26014;2023-03-13 15:11:53.037000;6;101061;1;1;0.0000;1;4167.0000;None;45000.0000
26014;2023-03-13 15:01:50.197000;3;100614;1;1;5800.0000;1;4167.0000;None;45000.0000
26014;2023-03-13 15:22:13.683000;1;102908;1;1;5200.0000;1;4167.0000;None;45000.0000
26014;2023-03-13 15:34:35.337000;1;102908;1;1;5200.0000;1;4167.0000;None;45000.0000
26015;2023-03-13 15:12:22.343000;3;100614;1;1;5800.0000;1;None;None;5800.0000
26015;2023-03-13 15:12:22.343000;7;2034;1;1;0.0000;1;None;None;5800.0000
26016;2023-03-13 15:28:42.020000;1;103130;1;1;9800.0000;1;5204.0000;None;56200.0000
26016;2023-03-13 15:28:42.020000;7;1001;1;1;0.0000;1;5204.0000;None;56200.0000
26016;2023-03-13 15:28:42.020000;1;101127;1;1;36800.0000;1;5204.0000;None;56200.0000
26016;2023-03-13 15:28:42.020000;3;201207;1;1;6800.0000;1;5204.0000;None;56200.0000
26016;2023-03-13 15:40:35.567000;1;102310;1;1;2800.0000;1;5204.0000;None;56200.0000
26018;2023-03-13 16:01:11.640000;3;104554;1;1;4800.0000;1;None;None;4800.0000
26018;2023-03-13 16:01:11.640000;7;2034;1;1;0.0000;1;None;None;4800.0000
26019;2023-03-13 16:08:33.797000;1;109324;1;1;55800.0000;1;5796.0000;None;62600.0000
26019;2023-03-13 16:08:33.797000;7;1135;1;1;0.0000;1;5796.0000;None;62600.0000
26019;2023-03-13 16:08:33.797000;3;201207;1;1;6800.0000;1;5796.0000;None;62600.0000
26019;2023-03-13 16:08:33.797000;6;101061;1;1;0.0000;1;5796.0000;None;62600.0000
26020;2023-03-13 16:11:41.827000;1;102501;1;1;39800.0000;1;6500.0000;None;70200.0000
26020;2023-03-13 16:11:41.827000;6;104683;1;1;0.0000;1;6500.0000;None;70200.0000
26020;2023-03-13 16:11:41.827000;7;1002;1;1;0.0000;1;6500.0000;None;70200.0000
26020;2023-03-13 16:11:41.827000;6;101061;1;1;0.0000;1;6500.0000;None;70200.0000
26020;2023-03-13 16:11:41.827000;3;102747;1;1;4800.0000;1;6500.0000;None;70200.0000
26020;2023-03-13 16:37:09.433000;1;105421;1;1;19800.0000;1;6500.0000;None;70200.0000
26020;2023-03-13 16:37:09.433000;3;100613;1;1;5800.0000;1;6500.0000;None;70200.0000
26021;2023-03-13 16:20:33.320000;3;102639;1;1;9800.0000;1;3667.0000;None;39600.0000
26021;2023-03-13 16:20:33.320000;1;103784;1;1;29800.0000;1;3667.0000;None;39600.0000
26021;2023-03-13 16:20:33.320000;6;101061;1;1;0.0000;1;3667.0000;None;39600.0000
26022;2023-03-13 16:26:01.270000;1;103750;1;1;13800.0000;1;8796.0000;None;95000.0000
26022;2023-03-13 16:26:01.270000;1;103784;1;1;29800.0000;1;8796.0000;None;95000.0000
26022;2023-03-13 16:26:01.270000;3;201146;1;1;6800.0000;1;8796.0000;None;95000.0000
26022;2023-03-13 16:30:44.860000;1;102953;1;1;31800.0000;1;8796.0000;None;95000.0000
26022;2023-03-13 16:31:15.977000;1;103771;1;1;12800.0000;1;8796.0000;None;95000.0000
26023;2023-03-13 16:27:36.310000;1;100590;1;1;5800.0000;1;3907.0000;None;42200.0000
26023;2023-03-13 16:27:36.310000;3;201207;1;1;6800.0000;1;3907.0000;None;42200.0000
26023;2023-03-13 16:27:36.310000;1;105421;1;1;19800.0000;1;3907.0000;None;42200.0000
26023;2023-03-13 16:27:36.310000;3;102637;1;1;9800.0000;1;3907.0000;None;42200.0000
26023;2023-03-13 16:27:36.310000;7;2072;1;1;0.0000;1;3907.0000;None;42200.0000
26023;2023-03-13 12:54:56.753000;1;103372;1;1;15800.0000;1;3907.0000;None;42200.0000
26023;2023-03-13 12:54:56.753000;7;1157;1;1;0.0000;1;3907.0000;None;42200.0000
26023;2023-03-13 16:54:45.333000;1;103372;1;-1;-15800.0000;1;3907.0000;None;42200.0000
26023;2023-03-13 16:54:45.333000;7;1157;1;-1;0.0000;1;3907.0000;None;42200.0000
26024;2023-03-13 16:29:42.587000;1;102228;1;1;8800.0000;1;2167.0000;None;23400.0000
26024;2023-03-13 16:29:42.587000;7;1223;1;1;0.0000;1;2167.0000;None;23400.0000
26024;2023-03-13 16:29:42.587000;7;1223;1;1;0.0000;1;2167.0000;None;23400.0000
26024;2023-03-13 16:29:42.587000;3;100606;1;1;6800.0000;1;2167.0000;None;23400.0000
26024;2023-03-13 16:29:42.587000;7;2009;1;1;0.0000;1;2167.0000;None;23400.0000
26024;2023-03-13 16:29:42.587000;3;102402;1;1;7800.0000;1;2167.0000;None;23400.0000
26024;2023-03-13 16:29:42.587000;6;101475;2;1;0.0000;1;2167.0000;None;23400.0000
26024;2023-03-13 16:29:42.587000;6;104290;1;1;0.0000;1;2167.0000;None;23400.0000
26025;2023-03-13 16:42:16.057000;3;100614;1;2;11600.0000;1;None;None;11600.0000
26025;2023-03-13 16:42:16.057000;7;2034;1;2;0.0000;1;None;None;11600.0000
26026;2023-03-13 17:07:26.427000;1;103086;1;1;6000.0000;1;None;None;12000.0000
26026;2023-03-13 17:07:26.427000;1;103086;1;1;6000.0000;1;None;None;12000.0000
