0002;10;00;M;000170000000000;1810;;200040;1;178519
0001;10;00;M;000030000000000;1810;;201146;11;69259
0001;10;00;M;000270000000000;1810;;101270;92;0
0001;10;00;M;000030000000000;1810;;201269;16;100741
0001;10;00;M;000030000000000;1810;;108191;9;0
0001;10;00;M;000270000000000;1810;;101244;11;323889
0001;10;00;M;000270000000000;1810;;103564;6;387778
0001;10;00;M;000270000000000;1810;;103902;1;87778
0001;10;00;M;000270000000000;1810;;101433;21;0
0001;10;00;M;000270000000000;1810;;103555;4;247407
0001;10;00;M;000270000000000;1810;;103797;2;110741
0001;10;00;M;000030000000000;1810;;100614;47;252407
0012;10;00;M;000180000000000;1810;;201581;1;4000000
0001;10;00;M;000270000000000;1810;;109794;4;80741
0001;10;00;M;000030000000000;1810;;100607;5;31481
0001;10;00;M;000270000000000;1810;;103122;3;41111
0001;10;00;M;000270000000000;1810;;109216;7;108889
0002;10;00;M;000170000000000;1810;;200137;2;207037
0001;10;00;M;000270000000000;1810;;103560;3;107778
0001;10;00;M;000270000000000;1810;;103562;4;184444
0001;10;00;M;000270000000000;1810;;103537;2;121852
0001;10;00;M;000270000000000;1810;;101060;144;0
0001;10;00;M;000030000000000;1810;;102747;35;252778
0001;10;00;M;000030000000000;1810;;200644;51;321111
0001;10;00;M;000270000000000;1810;;100895;1;33148
0001;10;00;M;000270000000000;1810;;103782;1;25741
0001;10;00;M;000270000000000;1810;;101624;34;0
0001;10;00;M;000270000000000;1810;;103784;11;334074
0001;10;00;M;000270000000000;1810;;103134;11;364630
0001;10;00;M;000270000000000;1810;;101525;11;0
0001;10;00;M;000030000000000;1810;;100613;5;31481
0002;10;00;M;000170000000000;1810;;200140;1;66481
0001;10;00;M;000270000000000;1810;;103189;2;166296
0001;10;00;M;000270000000000;1810;;101552;10;0
0001;10;00;M;000270000000000;1810;;106351;6;415556
0001;10;00;M;000030000000000;1810;;100606;7;44074
0001;10;00;M;000030000000000;1810;;201206;14;88148
0001;10;00;M;000030000000000;1810;;102633;5;59259
0001;10;00;M;000270000000000;1810;;109363;5;133333
0001;10;00;M;000270000000000;1810;;103187;5;415741
0001;10;00;M;000030000000000;1810;;100999;14;75185
0001;10;00;M;000270000000000;1810;;103083;6;210000
0001;10;00;M;000270000000000;1810;;109801;1;0
0001;10;00;M;000030000000000;1810;;102635;10;81481
0001;10;00;M;000270000000000;1810;;102906;1;5093
0001;10;00;M;000270000000000;1810;;100986;500;77778
0002;10;00;M;000170000000000;1810;;108836;7;199630
0002;10;00;M;000170000000000;1810;;201187;17;170000
0002;10;00;M;000170000000000;1810;;202584;1;132222
0001;10;00;M;000270000000000;1810;;101549;2;32963
0001;10;00;M;000270000000000;1810;;104830;2;41481
0001;10;00;M;000270000000000;1810;;104814;1;13796
0001;10;00;M;000270000000000;1810;;101200;5;184259
0001;10;00;M;000030000000000;1810;;200000;11;130370
0001;10;00;M;000270000000000;1810;;101535;10;0
0001;10;00;M;000270000000000;1810;;107647;3;110556
0001;10;00;M;000270000000000;1810;;102037;3;118889
0001;10;00;M;000270000000000;1810;;101258;2;97778
0002;10;00;M;000170000000000;1810;;202365;1;147963
0001;10;00;M;000270000000000;1810;;104810;2;34074
0001;10;00;M;000270000000000;1810;;104819;1;20278
0001;10;00;M;000270000000000;1810;;102708;10;155556
0001;10;00;M;000270000000000;1810;;102035;6;215556
0001;10;00;M;000270000000000;1810;;106879;1;21111
0001;10;00;M;000270000000000;1810;;101438;9;0
0001;10;00;M;000270000000000;1810;;108266;6;310000
0001;10;00;M;000270000000000;1810;;102283;1;2593
0001;10;00;M;000270000000000;1810;;102277;1;4444
0001;10;00;M;000270000000000;1810;;109418;6;104444
0002;10;00;M;000170000000000;1810;;200141;2;203333
0001;10;00;M;000270000000000;1810;;101547;3;16111
0002;10;00;M;000170000000000;1810;;109585;2;57037
0002;10;00;M;000170000000000;1810;;101878;6;165556
0001;10;00;M;000030000000000;1810;;102619;6;48889
0002;10;00;M;000170000000000;1810;;101819;7;186667
0001;10;00;M;000270000000000;1810;;109420;2;99630
0001;10;00;M;000270000000000;1810;;103452;1;35000
0001;10;00;M;000270000000000;1810;;104730;1;17407
0001;10;00;M;000270000000000;1810;;101472;9;0
0001;10;00;M;000270000000000;1810;;103198;7;342222
0001;10;00;M;000270000000000;1810;;106850;1;17500
0001;10;00;M;000270000000000;1810;;101122;2;77407
0001;10;00;M;000270000000000;1810;;102726;8;361481
0002;10;00;M;000170000000000;1810;;202614;1;135000
0002;10;00;M;000170000000000;1810;;202613;0;0
0001;10;00;M;000270000000000;1810;;101248;2;55185
0001;10;00;M;000270000000000;1810;;103421;4;169630
0001;10;00;M;000270000000000;1810;;103961;8;124444
0001;10;00;M;000270000000000;1810;;101265;2;51481
0001;10;00;M;000270000000000;1810;;105251;1;17500
0001;10;00;M;000030000000000;1810;;102637;5;45370
0001;10;00;M;000270000000000;1810;;103177;4;165926
0001;10;00;M;000270000000000;1810;;109317;1;15556
0001;10;00;M;000270000000000;1810;;104292;1;3519
0001;10;00;M;000270000000000;1810;;103898;2;49630
0001;10;00;M;000270000000000;1810;;103848;5;198148
0001;10;00;M;000270000000000;1810;;103419;3;152222
0001;10;00;M;000030000000000;1810;;200008;3;43889
0001;10;00;M;000030000000000;1810;;201211;20;125926
0001;10;00;M;000270000000000;1810;;103773;1;15556
0001;10;00;M;000270000000000;1810;;103787;7;452407
0002;10;00;M;000170000000000;1810;;200043;1;375741
0001;10;00;M;000030000000000;1810;;102748;9;131667
0001;10;00;M;000270000000000;1810;;103793;1;26667
0001;10;00;M;000270000000000;1810;;104009;5;124074
0001;10;00;M;000270000000000;1810;;107002;2;134815
0001;10;00;M;000270000000000;1810;;104619;4;0
0001;10;00;M;000270000000000;1810;;103786;2;82963
0001;10;00;M;000270000000000;1810;;109203;4;165926
0001;10;00;M;000270000000000;1810;;109050;1;101667
0001;10;00;M;000270000000000;1810;;100963;7;0
0001;10;00;M;000270000000000;1810;;102036;3;121667
0001;10;00;M;000030000000000;1810;;102102;4;40000
0001;10;00;M;000270000000000;1810;;109196;1;64630
0002;10;00;M;000170000000000;1810;;201615;28;383704
0002;10;00;M;000170000000000;1810;;202411;1;245185
0001;10;00;M;000270000000000;1810;;101313;4;332593
0001;10;00;M;000270000000000;1810;;104893;1;147963
0001;10;00;M;000270000000000;1810;;102541;3;66111
0001;10;00;M;000030000000000;1810;;200001;4;51111
0001;10;00;M;000270000000000;1810;;104206;13;0
0001;10;00;M;000270000000000;1810;;103599;3;207778
0001;10;00;M;000030000000000;1810;;104446;4;32593
0001;10;00;M;000270000000000;1810;;102222;2;7037
0001;10;00;M;000270000000000;1810;;103449;1;27593
0001;10;00;M;000270000000000;1810;;101470;4;0
0001;10;00;M;000270000000000;1810;;109198;2;64444
0001;10;00;M;000270000000000;1810;;103510;4;117778
0001;10;00;M;000270000000000;1810;;109172;1;6296
0001;10;00;M;000030000000000;1810;;201237;5;31481
0001;10;00;M;000270000000000;1810;;103396;4;332593
0001;10;00;M;000270000000000;1810;;103400;1;17407
0001;10;00;M;000270000000000;1810;;108550;1;45185
0002;10;00;M;000170000000000;1810;;106012;15;691667
0001;10;00;M;000270000000000;1810;;103172;1;24815
0001;10;00;M;000270000000000;1810;;104928;1;25741
0001;10;00;M;000270000000000;1810;;102814;4;184444
0001;10;00;M;000270000000000;1810;;103355;4;136296
0001;10;00;M;000270000000000;1810;;103423;2;77407
0001;10;00;M;000030000000000;1810;;101151;1;6296
0001;10;00;M;000270000000000;1810;;103776;1;15556
0002;10;00;M;000170000000000;1810;;201186;3;30000
0001;10;00;M;000030000000000;1810;;200002;9;81667
0001;10;00;M;000270000000000;1810;;101891;3;46667
0001;10;00;M;000270000000000;1810;;101107;1;52593
0001;10;00;M;000270000000000;1810;;108030;6;387778
0001;10;00;M;000270000000000;1810;;102440;2;55185
0001;10;00;M;000270000000000;1810;;104898;4;295556
0002;10;00;M;000170000000000;1810;;202434;2;220000
0002;10;00;M;000170000000000;1810;;104099;2;58889
0001;10;00;M;000270000000000;1810;;107314;9;0
0001;10;00;M;000270000000000;1810;;101665;6;221111
0001;10;00;M;000270000000000;1810;;103707;1;27593
0001;10;00;M;000270000000000;1810;;101308;2;36667
0001;10;00;M;000270000000000;1810;;103380;4;180741
0001;10;00;M;000270000000000;1810;;101250;3;130000
0001;10;00;M;000030000000000;1810;;104554;13;57778
0001;10;00;M;000270000000000;1810;;103410;1;35000
0001;10;00;M;000270000000000;1810;;103434;1;34074
0001;10;00;M;000030000000000;1810;;100596;5;26852
0001;10;00;M;000270000000000;1810;;103515;10;433333
0001;10;00;M;000270000000000;1810;;102326;1;39630
0001;10;00;M;000270000000000;1810;;105506;3;82778
0001;10;00;M;000270000000000;1810;;103467;1;30370
0002;10;00;M;000170000000000;1810;;200480;3;35556
0001;10;00;M;000270000000000;1810;;103441;1;31296
0001;10;00;M;000270000000000;1810;;102438;4;140000
0002;10;00;M;000170000000000;1810;;202599;1;133148
0001;10;00;M;000270000000000;1810;;108526;3;82778
0001;10;00;M;000030000000000;1810;;200012;2;18148
0001;10;00;M;000030000000000;1810;;102749;1;8148
0001;10;00;M;000270000000000;1810;;103567;1;29444
0001;10;00;M;000270000000000;1810;;109359;2;77407
0001;10;00;M;000270000000000;1810;;100957;2;55185
0001;10;00;M;000270000000000;1810;;106294;2;81111
0001;10;00;M;000270000000000;1810;;101520;6;0
0002;10;00;M;000170000000000;1810;;106934;2;53333
0001;10;00;M;000030000000000;1810;;200004;7;63519
0001;10;00;M;000270000000000;1810;;109800;1;0
0001;10;00;M;000270000000000;1810;;103381;5;272222
0001;10;00;M;000270000000000;1810;;100894;2;66296
0001;10;00;M;000270000000000;1810;;101203;3;149444
0001;10;00;M;000270000000000;1810;;107869;3;0
0001;10;00;M;000270000000000;1810;;102231;1;7222
0002;10;00;M;000170000000000;1810;;101709;4;106667
0001;10;00;M;000270000000000;1810;;101269;1;39630
0001;10;00;M;000270000000000;1810;;101120;1;40556
0002;10;00;M;000170000000000;1810;;200709;0;0
0001;10;00;M;000270000000000;1810;;108207;2;77407
0001;10;00;M;000270000000000;1810;;108669;3;263333
0002;10;00;M;000170000000000;1810;;101672;1;22963
0001;10;00;M;000030000000000;1810;;202114;1;10926
0002;10;00;M;000170000000000;1810;;101764;1;51667
0001;10;00;M;000030000000000;1810;;201704;2;29259
0001;10;00;M;000270000000000;1810;;102025;2;60741
0002;10;00;M;000170000000000;1810;;109803;5;161111
0001;10;00;M;000270000000000;1810;;102877;1;52593
0001;10;00;M;000270000000000;1810;;103704;1;48889
0002;10;00;M;000170000000000;1810;;109583;3;82778
0001;10;00;M;000270000000000;1810;;102875;2;77407
0001;10;00;M;000270000000000;1810;;103336;2;90370
0001;10;00;M;000270000000000;1810;;100424;2;0
0001;10;00;M;000270000000000;1810;;102358;1;27593
0002;10;00;M;000170000000000;1810;;101802;2;51481
0002;10;00;M;000170000000000;1810;;109636;1;27593
0001;10;00;M;000270000000000;1810;;102425;2;58889
0001;10;00;M;000270000000000;1810;;109564;1;42407
0001;10;00;M;000270000000000;1810;;101262;2;60741
0001;10;00;M;000030000000000;1810;;102641;1;10000
0001;10;00;M;000270000000000;1810;;102060;1;30370
0001;10;00;M;000270000000000;1810;;102127;1;2593
0002;10;00;M;000170000000000;1810;;202575;1;143333
0001;10;00;M;000270000000000;1810;;103791;6;232222
0001;10;00;M;000270000000000;1810;;106353;4;306667
0001;10;00;M;000030000000000;1810;;202112;1;9074
0001;10;00;M;000270000000000;1810;;107149;2;114444
0001;10;00;M;000270000000000;1810;;103154;2;60741
0001;10;00;M;000270000000000;1810;;101442;2;0
0001;10;00;M;000270000000000;1810;;103104;3;91111
0001;10;00;M;000270000000000;1810;;101906;1;15556
0001;10;00;M;000270000000000;1810;;105082;2;7037
0002;10;00;M;000170000000000;1810;;200151;2;321852
0001;10;00;M;000270000000000;1810;;103818;1;119259
0001;10;00;M;000270000000000;1810;;108452;3;68889
0001;10;00;M;000270000000000;1810;;102349;4;62222
0001;10;00;M;000270000000000;1810;;102885;3;46667
0001;10;00;M;000270000000000;1810;;101647;1;10000
0001;10;00;M;000270000000000;1810;;102322;1;89630
0001;10;00;M;000030000000000;1810;;108531;2;14444
0001;10;00;M;000030000000000;1810;;102616;1;6296
0001;10;00;M;000270000000000;1810;;103771;1;27593
0001;10;00;M;000270000000000;1810;;103530;1;44259
0001;10;00;M;000270000000000;1810;;104699;1;3519
0001;10;00;M;000030000000000;1810;;102645;1;7222
0001;10;00;M;000270000000000;1810;;101212;2;47778
0001;10;00;M;000030000000000;1810;;108046;2;18148
0001;10;00;M;000270000000000;1810;;106352;2;147778
0001;10;00;M;000270000000000;1810;;103429;2;97778
0002;10;00;M;000170000000000;1810;;102933;1;23889
0001;10;00;M;000270000000000;1810;;100922;2;33148
0001;10;00;M;000270000000000;1810;;109199;1;36852
0001;10;00;M;000270000000000;1810;;108280;5;77778
0002;10;00;M;000170000000000;1810;;200039;1;137778
0001;10;00;M;000270000000000;1810;;103107;1;24815
0001;10;00;M;000270000000000;1810;;102132;1;3241
0001;10;00;M;000270000000000;1810;;102056;1;55370
0001;10;00;M;000270000000000;1810;;103529;1;27593
0002;10;00;M;000170000000000;1810;;101728;1;32222
0002;10;00;M;000170000000000;1810;;109639;0;0
0001;10;00;M;000270000000000;1810;;101905;1;23889
0001;10;00;M;000270000000000;1810;;101088;1;3519
0001;10;00;M;000270000000000;1810;;109361;1;76667
0001;10;00;M;000270000000000;1810;;102876;1;31296
0001;10;00;M;000270000000000;1810;;109356;2;34815
0002;10;00;M;000170000000000;1810;;108132;1;22037
0001;10;00;M;000270000000000;1810;;103406;1;41481
0001;10;00;M;000270000000000;1810;;102336;1;147963
0002;10;00;M;000170000000000;1810;;202266;1;257222
0001;10;00;M;000270000000000;1810;;102159;1;9074
0001;10;00;M;000030000000000;1810;;101889;1;10926
0001;10;00;M;000030000000000;1810;;102402;2;14444
0001;10;00;M;000270000000000;1810;;104290;2;0
0002;10;00;M;000170000000000;1810;;201961;2;25556
0002;10;00;M;000170000000000;1810;;201959;3;38333
0001;10;00;M;000270000000000;1810;;103528;1;39630
0001;10;00;M;000270000000000;1810;;102163;1;1667
0001;10;00;M;000270000000000;1810;;109529;1;50741
0001;10;00;M;000270000000000;1810;;103120;1;13704
0002;10;00;M;000170000000000;1810;;109586;1;30370
0001;10;00;M;000270000000000;1810;;109421;1;53519
0001;10;00;M;000270000000000;1810;;106356;1;0
0001;10;00;M;000270000000000;1810;;103386;1;48889
0001;10;00;M;000270000000000;1810;;103364;1;9074
0001;10;00;M;000270000000000;1810;;101488;2;0
0002;10;00;M;000170000000000;1810;;108121;2;71852
0001;10;00;M;000270000000000;1810;;105367;1;41481
0001;10;00;M;000270000000000;1810;;102065;3;85556
0001;10;00;M;000270000000000;1810;;102294;1;4444
0007;10;00;;;1810;;;;2532045
0005;10;00;;;1810;;;;2029200
