0001;10;00;M;000270000000000;1810;;102906;7;35648
0001;10;00;M;000270000000000;1810;;102361;10;155556
0002;10;00;M;000170000000000;1810;;200716;1;344259
0001;10;00;M;000030000000000;1810;;105735;24;0
0001;10;00;M;000270000000000;1810;;107314;41;0
0001;10;00;M;000270000000000;1810;;103114;18;113333
0001;10;00;M;000030000000000;1810;;100614;456;2431704
0001;10;00;M;000030000000000;1810;;100607;55;346296
0001;10;00;M;000270000000000;1810;;101060;1671;0
0002;10;00;M;000170000000000;1810;;101728;79;2545556
0001;10;00;M;000030000000000;1810;;200644;390;2455556
0001;10;00;M;000270000000000;1810;;101270;838;0
0001;10;00;M;000030000000000;1810;;201146;446;2805000
0001;10;00;M;000270000000000;1810;;105506;17;469074
0001;10;00;M;000270000000000;1810;;103562;53;2443889
0001;10;00;M;000270000000000;1810;;102910;9;45833
0001;10;00;M;000270000000000;1810;;102908;2;10185
0001;10;00;M;000270000000000;1810;;103961;83;1291111
0001;10;00;M;000030000000000;1810;;201211;246;1548889
0001;10;00;M;000270000000000;1810;;102132;16;51852
0012;10;00;M;000180000000000;1810;;201581;3;12600000
0001;10;00;M;000270000000000;1810;;101043;137;3272778
0001;10;00;M;000030000000000;1810;;100606;135;839926
0001;10;00;M;000270000000000;1810;;102231;3;21667
0001;10;00;M;000030000000000;1810;;201269;193;1215185
0001;10;00;M;000030000000000;1810;;108191;134;0
0002;10;00;M;000170000000000;1810;;201187;178;1780000
0001;10;00;M;000270000000000;1810;;103380;15;677778
0001;10;00;M;000270000000000;1810;;103107;15;372222
0001;10;00;M;000270000000000;1810;;102885;27;420000
0001;10;00;M;000030000000000;1810;;100999;96;515556
0001;10;00;M;000030000000000;1810;;102651;21;190556
0001;10;00;M;000030000000000;1810;;102616;42;264444
0001;10;00;M;000030000000000;1810;;102649;7;37593
0001;10;00;M;000030000000000;1810;;101889;21;229444
0001;10;00;M;000270000000000;1810;;103515;60;2600000
0001;10;00;M;000270000000000;1810;;109420;7;348704
0001;10;00;M;000270000000000;1810;;102410;34;1378889
0001;10;00;M;000270000000000;1810;;101442;82;0
0001;10;00;M;000270000000000;1810;;103104;33;1002222
0001;10;00;M;000270000000000;1810;;106356;35;0
0001;10;00;M;000270000000000;1810;;101244;100;2944444
0001;10;00;M;000270000000000;1810;;106824;2;23704
0001;10;00;M;000270000000000;1810;;107647;35;1289815
0001;10;00;M;000270000000000;1810;;103848;62;2457037
0001;10;00;M;000270000000000;1810;;101624;405;0
0001;10;00;M;000270000000000;1810;;103449;39;1076111
0001;10;00;M;000030000000000;1810;;201206;169;1064074
0002;10;00;M;000170000000000;1810;;109586;2;60741
0001;10;00;M;000270000000000;1810;;108452;15;344444
0002;10;00;M;000170000000000;1810;;109805;19;612222
0001;10;00;M;000270000000000;1810;;102726;106;4789630
0001;10;00;M;000270000000000;1810;;101250;25;1083333
0001;10;00;M;000270000000000;1810;;102449;5;68519
0001;10;00;M;000270000000000;1810;;101665;71;2616481
0001;10;00;M;000270000000000;1810;;107869;10;0
0001;10;00;M;000270000000000;1810;;108266;31;1601667
0001;10;00;M;000270000000000;1810;;101535;127;0
0001;10;00;M;000270000000000;1810;;102222;10;35185
0001;10;00;M;000030000000000;1810;;104554;86;382222
0001;10;00;M;000030000000000;1810;;108044;9;81667
0001;10;00;M;000030000000000;1810;;101333;19;313148
0001;10;00;M;000270000000000;1810;;103902;9;790000
0001;10;00;M;000270000000000;1810;;104619;61;0
0001;10;00;M;000030000000000;1810;;102102;38;380000
0001;10;00;M;000270000000000;1810;;104206;91;0
0001;10;00;M;000270000000000;1810;;101200;55;2026852
0001;10;00;M;000270000000000;1810;;104206;4;17778
0001;10;00;M;000030000000000;1810;;102635;238;1929481
0001;10;00;M;000270000000000;1810;;103510;45;1325000
0001;10;00;M;000030000000000;1810;;102747;303;2188333
0001;10;00;M;000270000000000;1810;;108280;15;233333
0001;10;00;M;000030000000000;1810;;201237;73;459630
0001;10;00;M;000270000000000;1810;;102877;41;2156296
0001;10;00;M;000270000000000;1810;;103555;41;2535926
0002;10;00;M;000170000000000;1810;;108836;60;1711111
0001;10;00;M;000270000000000;1810;;101438;160;0
0001;10;00;M;000270000000000;1810;;108550;32;1445926
0001;10;00;M;000270000000000;1810;;101552;108;0
0001;10;00;M;000270000000000;1810;;101891;72;1120000
0001;10;00;M;000270000000000;1810;;103793;10;266667
0001;10;00;M;000270000000000;1810;;101623;7;0
0001;10;00;M;000270000000000;1810;;103166;22;403333
0001;10;00;M;000030000000000;1810;;102637;87;789444
0001;10;00;M;000270000000000;1810;;103784;130;3948148
0001;10;00;M;000270000000000;1810;;109198;42;1353333
0001;10;00;M;000270000000000;1810;;102241;2;21852
0001;10;00;M;000270000000000;1810;;103797;22;1218148
0001;10;00;M;000270000000000;1810;;103791;88;3405926
0001;10;00;M;000270000000000;1810;;109794;26;524815
0001;10;00;M;000270000000000;1810;;108669;75;6583333
0001;10;00;M;000270000000000;1810;;103076;23;1060556
0001;10;00;M;000030000000000;1810;;201277;15;94444
0002;10;00;M;000170000000000;1810;;202403;3;374444
0002;10;00;M;000170000000000;1810;;201186;28;280000
0001;10;00;M;000030000000000;1810;;102633;30;355556
0001;10;00;M;000270000000000;1810;;103786;26;1078519
0001;10;00;M;000030000000000;1810;;100613;46;289630
0001;10;00;M;000270000000000;1810;;103134;87;2883889
0001;10;00;M;000270000000000;1810;;101525;82;0
0001;10;00;M;000270000000000;1810;;103899;11;171111
0001;10;00;M;000270000000000;1810;;108526;15;413889
0001;10;00;M;000270000000000;1810;;108207;58;2244815
0001;10;00;M;000270000000000;1810;;102159;18;163333
0001;10;00;M;000030000000000;1810;;102748;123;1799444
0001;10;00;M;000270000000000;1810;;104011;9;381667
0001;10;00;M;000030000000000;1810;;102749;81;660000
0002;10;00;M;000170000000000;1810;;200480;103;1220741
0001;10;00;M;000270000000000;1810;;103355;23;783704
0001;10;00;M;000270000000000;1810;;101107;5;262963
0001;10;00;M;000270000000000;1810;;103434;32;1090370
0001;10;00;M;000270000000000;1810;;101267;20;551852
0001;10;00;M;000270000000000;1810;;101262;23;698519
0001;10;00;M;000270000000000;1810;;103787;75;4847222
0001;10;00;M;000270000000000;1810;;101470;38;0
0001;10;00;M;000270000000000;1810;;102541;26;572963
0001;10;00;M;000030000000000;1810;;201704;15;219444
0001;10;00;M;000270000000000;1810;;105367;28;1161481
0001;10;00;M;000270000000000;1810;;103452;18;630000
0001;10;00;M;000030000000000;1810;;108532;4;28889
0001;10;00;M;000030000000000;1810;;108531;23;166111
0002;10;00;M;000170000000000;1810;;200611;1;98889
0001;10;00;M;000270000000000;1810;;108030;101;6527593
0001;10;00;M;000270000000000;1810;;103898;22;545926
0001;10;00;M;000270000000000;1810;;103707;5;137963
0002;10;00;M;000170000000000;1810;;105918;11;283148
0002;10;00;M;000170000000000;1810;;201615;186;2548889
0001;10;00;M;000270000000000;1810;;103417;8;465185
0001;10;00;M;000030000000000;1810;;100596;52;279259
0001;10;00;M;000270000000000;1810;;104004;23;400370
0001;10;00;M;000030000000000;1810;;200000;9;106667
0001;10;00;M;000270000000000;1810;;101575;10;0
0002;10;00;M;000170000000000;1810;;104685;10;238889
0001;10;00;M;000270000000000;1810;;107346;3;0
0001;10;00;M;000030000000000;1810;;108533;5;45370
0001;10;00;M;000270000000000;1810;;105082;15;52778
0002;10;00;M;000170000000000;1810;;101818;3;80000
0001;10;00;M;000270000000000;1810;;103564;95;6139815
0001;10;00;M;000270000000000;1810;;103282;6;98889
0001;10;00;M;000270000000000;1810;;103189;21;1746111
0001;10;00;M;000270000000000;1810;;100963;92;0
0001;10;00;M;000030000000000;1810;;104446;105;855556
0001;10;00;M;000270000000000;1810;;102025;36;1093333
0002;10;00;M;000170000000000;1810;;101709;11;293333
0001;10;00;M;000270000000000;1810;;109196;21;1357222
0001;10;00;M;000270000000000;1810;;103177;44;1825185
0001;10;00;M;000270000000000;1810;;103477;17;736667
0001;10;00;M;000270000000000;1810;;103514;41;2270185
0001;10;00;M;000270000000000;1810;;109796;11;0
0001;10;00;M;000270000000000;1810;;102282;2;23704
0001;10;00;M;000270000000000;1810;;103599;34;2354815
0001;10;00;M;000270000000000;1810;;101433;133;0
0002;10;00;M;000170000000000;1810;;101819;29;773333
0001;10;00;M;000270000000000;1810;;103468;12;464444
0001;10;00;M;000270000000000;1810;;103154;35;1062963
0002;10;00;M;000170000000000;1810;;202482;6;582222
0002;10;00;M;000170000000000;1810;;109585;31;884074
0001;10;00;M;000270000000000;1810;;101203;46;2291481
0001;10;00;M;000270000000000;1810;;104817;3;58056
0001;10;00;M;000270000000000;1810;;104833;2;30370
0001;10;00;M;000270000000000;1810;;105251;8;140000
0001;10;00;M;000270000000000;1810;;104810;7;119259
0001;10;00;M;000270000000000;1810;;103529;4;110370
0001;10;00;M;000270000000000;1810;;101472;91;0
0002;10;00;M;000170000000000;1810;;107753;1;65556
0001;10;00;M;000270000000000;1810;;101248;15;413889
0001;10;00;M;000270000000000;1810;;103419;20;1014815
0001;10;00;M;000270000000000;1810;;103230;6;204444
0001;10;00;M;000270000000000;1810;;103558;22;1014444
0001;10;00;M;000030000000000;1810;;102617;9;65000
0001;10;00;M;000270000000000;1810;;101120;12;486667
0001;10;00;M;000270000000000;1810;;103198;40;1955556
0001;10;00;M;000270000000000;1810;;101547;43;230926
0002;10;00;M;000170000000000;1810;;101878;23;634630
0001;10;00;M;000270000000000;1810;;104699;11;38704
0001;10;00;M;000270000000000;1810;;103423;14;541852
0001;10;00;M;000270000000000;1810;;102037;20;792593
0001;10;00;M;000270000000000;1810;;103528;12;475556
0001;10;00;M;000270000000000;1810;;101041;17;1208889
0001;10;00;M;000270000000000;1810;;101520;134;0
0001;10;00;M;000270000000000;1810;;105685;1;1667
0001;10;00;M;000270000000000;1810;;103377;27;420000
0002;10;00;M;000170000000000;1810;;109803;10;322222
0001;10;00;M;000270000000000;1810;;102065;4;114074
0001;10;00;M;000270000000000;1810;;106351;46;3185926
0001;10;00;M;000270000000000;1810;;103771;43;1186481
0001;10;00;M;000030000000000;1810;;200008;51;746111
0001;10;00;M;000270000000000;1810;;103554;1;40556
0001;10;00;M;000030000000000;1810;;200009;24;217778
0001;10;00;M;000270000000000;1810;;101308;20;366667
0001;10;00;M;000270000000000;1810;;103122;11;150741
0001;10;00;M;000270000000000;1810;;101906;17;264444
0001;10;00;M;000270000000000;1810;;109199;15;552778
0001;10;00;M;000030000000000;1810;;102644;32;201481
0001;10;00;M;000030000000000;1810;;102620;3;27222
0001;10;00;M;000270000000000;1810;;109203;55;2281481
0001;10;00;M;000270000000000;1810;;103537;26;1584074
0001;10;00;M;000030000000000;1810;;102751;18;146667
0001;10;00;M;000270000000000;1810;;104893;13;1923519
0001;10;00;M;000270000000000;1810;;102172;12;53333
0001;10;00;M;000270000000000;1810;;108527;10;275926
0001;10;00;M;000270000000000;1810;;109361;42;3220000
0001;10;00;M;000270000000000;1810;;103347;1;55370
0001;10;00;M;000270000000000;1810;;100894;13;430926
0001;10;00;M;000270000000000;1810;;100922;15;248611
0001;10;00;M;000270000000000;1810;;103287;12;220000
0001;10;00;M;000270000000000;1810;;103763;15;233333
0001;10;00;M;000270000000000;1810;;102425;9;265000
0001;10;00;M;000270000000000;1810;;107002;38;2561481
0001;10;00;M;000270000000000;1810;;103421;29;1229815
0001;10;00;M;000030000000000;1810;;101208;8;94815
0001;10;00;M;000270000000000;1810;;103083;53;1855000
0001;10;00;M;000030000000000;1810;;101219;6;65556
0001;10;00;M;000270000000000;1810;;103704;5;244444
0001;10;00;M;000270000000000;1810;;109422;20;311111
0001;10;00;M;000030000000000;1810;;101228;3;27222
0001;10;00;M;000270000000000;1810;;109359;13;503148
0001;10;00;M;000270000000000;1810;;109216;56;871111
0001;10;00;M;000270000000000;1810;;102326;9;356667
0001;10;00;M;000270000000000;1810;;101092;24;1440000
0001;10;00;M;000270000000000;1810;;102327;3;49444
0001;10;00;M;000270000000000;1810;;103406;6;248889
0001;10;00;M;000270000000000;1810;;103552;26;934074
0001;10;00;M;000270000000000;1810;;102354;7;238519
0002;10;00;M;000170000000000;1810;;109161;1;80370
0001;10;00;M;000270000000000;1810;;104730;11;191481
0001;10;00;M;000270000000000;1810;;103567;32;942222
0001;10;00;M;000270000000000;1810;;103172;16;397037
0001;10;00;M;000270000000000;1810;;103560;40;1437037
0002;10;00;M;000170000000000;1810;;106012;25;1152778
0001;10;00;M;000030000000000;1810;;102619;24;195556
0002;10;00;M;000170000000000;1810;;108129;1;43333
0001;10;00;M;000270000000000;1810;;103187;28;2328148
0001;10;00;M;000270000000000;1810;;102708;79;1228889
0002;10;00;M;000170000000000;1810;;103221;2;49630
0001;10;00;M;000270000000000;1810;;102440;25;689815
0001;10;00;M;000270000000000;1810;;104192;10;238889
0001;10;00;M;000270000000000;1810;;108353;6;132222
0001;10;00;M;000270000000000;1810;;103048;4;80741
0001;10;00;M;000270000000000;1810;;103367;6;76667
0001;10;00;M;000270000000000;1810;;101440;5;0
0001;10;00;M;000270000000000;1810;;101524;4;0
0001;10;00;M;000270000000000;1810;;104745;5;45370
0001;10;00;M;000270000000000;1810;;109562;12;86667
0001;10;00;M;000270000000000;1810;;103034;16;250519
0001;10;00;M;000270000000000;1810;;104191;1;13704
0001;10;00;M;000270000000000;1810;;100995;10;109259
0001;10;00;M;000030000000000;1810;;101216;7;42815
0001;10;00;M;000030000000000;1810;;102630;15;114074
0001;10;00;M;000270000000000;1810;;101197;7;115370
0001;10;00;M;000270000000000;1810;;103116;12;164444
0001;10;00;M;000270000000000;1810;;101478;6;0
0001;10;00;M;000270000000000;1810;;103773;29;451111
0001;10;00;M;000270000000000;1810;;104668;3;38333
0001;10;00;M;000270000000000;1810;;103396;18;1496667
0002;10;00;M;000170000000000;1810;;202435;1;110000
0001;10;00;M;000030000000000;1810;;102402;27;195000
0001;10;00;M;000270000000000;1810;;104290;27;0
0001;10;00;M;000270000000000;1810;;103782;7;180185
0001;10;00;M;000270000000000;1810;;101548;15;80556
0002;10;00;M;000170000000000;1810;;201960;7;89444
0001;10;00;M;000270000000000;1810;;106353;31;2376667
0001;10;00;M;000270000000000;1810;;102407;6;221111
0001;10;00;M;000270000000000;1810;;103776;14;217778
0002;10;00;M;000170000000000;1810;;108132;100;2203704
0001;10;00;M;000030000000000;1810;;200012;9;81667
0001;10;00;M;000270000000000;1810;;109418;9;156667
0001;10;00;M;000030000000000;1810;;102663;29;290000
0001;10;00;M;000270000000000;1810;;104808;2;50741
0002;10;00;M;000170000000000;1810;;107561;3;121667
0001;10;00;M;000270000000000;1810;;103445;5;170370
0001;10;00;M;000270000000000;1810;;104009;25;620370
0002;10;00;M;000170000000000;1810;;108101;21;715556
0001;10;00;M;000030000000000;1810;;200002;21;190556
0001;10;00;M;000270000000000;1810;;101258;15;733333
0001;10;00;M;000270000000000;1810;;101905;19;453889
0001;10;00;M;000270000000000;1810;;103530;20;885185
0001;10;00;M;000270000000000;1810;;103336;14;632593
0001;10;00;M;000270000000000;1810;;101662;19;928889
0001;10;00;M;000270000000000;1810;;102056;12;664444
0001;10;00;M;000270000000000;1810;;102336;5;739815
0001;10;00;M;000270000000000;1810;;106294;4;162222
0001;10;00;M;000270000000000;1810;;109317;9;140000
0001;10;00;M;000270000000000;1810;;102363;6;326667
0001;10;00;M;000030000000000;1810;;102641;10;100000
0002;10;00;M;000170000000000;1810;;109636;3;82778
0001;10;00;M;000270000000000;1810;;102069;19;682593
0002;10;00;M;000170000000000;1810;;201185;14;140000
0001;10;00;M;000270000000000;1810;;101261;7;257963
0001;10;00;M;000270000000000;1810;;102270;5;8333
0001;10;00;M;000270000000000;1810;;102260;5;26852
0002;10;00;M;000170000000000;1810;;200137;4;414074
0001;10;00;M;000030000000000;1810;;202112;30;272222
0001;10;00;M;000270000000000;1810;;102163;7;11667
0001;10;00;M;000270000000000;1810;;100957;8;220741
0001;10;00;M;000270000000000;1810;;103307;6;176667
0001;10;00;M;000270000000000;1810;;104898;36;2660000
0001;10;00;M;000270000000000;1810;;102814;45;2075000
0001;10;00;M;000030000000000;1810;;102117;2;12593
0002;10;00;M;000170000000000;1810;;102933;11;262778
0002;10;00;M;000170000000000;1810;;108126;1;49815
0002;10;00;M;000170000000000;1810;;108122;3;143889
0002;10;00;M;000170000000000;1810;;101948;2;34815
0001;10;00;M;000270000000000;1810;;109050;13;1321667
0001;10;00;M;000270000000000;1810;;100424;3;0
0001;10;00;M;000270000000000;1810;;102058;7;355185
0002;10;00;M;000170000000000;1810;;202405;8;1257778
0002;10;00;M;000170000000000;1810;;200141;8;813333
0001;10;00;M;000270000000000;1810;;103173;15;372222
0001;10;00;M;000270000000000;1810;;106352;48;3546667
0001;10;00;M;000270000000000;1810;;104600;4;0
0001;10;00;M;000270000000000;1810;;109363;7;186667
0001;10;00;M;000270000000000;1810;;102035;11;395185
0001;10;00;M;000270000000000;1810;;102438;23;805000
0002;10;00;M;000170000000000;1810;;103225;8;361481
0002;10;00;M;000170000000000;1810;;109385;8;257778
0002;10;00;M;000170000000000;1810;;202495;2;275556
0002;10;00;M;000170000000000;1810;;107095;6;137778
0002;10;00;M;000170000000000;1810;;108100;3;124444
0002;10;00;M;000170000000000;1810;;108119;7;361667
0001;10;00;M;000030000000000;1810;;101156;6;48889
0002;10;00;M;000170000000000;1810;;101030;3;55000
0002;10;00;M;000170000000000;1810;;200140;4;265926
0002;10;00;M;000170000000000;1810;;202561;2;427407
0001;10;00;M;000270000000000;1810;;103441;10;312963
0002;10;00;M;000170000000000;1810;;201182;2;18148
0001;10;00;M;000270000000000;1810;;102960;4;17778
0001;10;00;M;000270000000000;1810;;102294;8;35556
0001;10;00;M;000270000000000;1810;;101122;34;1315926
0001;10;00;M;000270000000000;1810;;103400;5;87037
0001;10;00;M;000270000000000;1810;;102170;1;3519
0001;10;00;M;000270000000000;1810;;107874;1;24815
0001;10;00;M;000270000000000;1810;;104928;9;231667
0001;10;00;M;000270000000000;1810;;109801;6;0
0002;10;00;M;000170000000000;1810;;102762;1;29444
0001;10;00;M;000270000000000;1810;;103429;1;48889
0001;10;00;M;000270000000000;1810;;102289;9;40000
0001;10;00;M;000270000000000;1810;;101269;28;1109630
0002;10;00;M;000170000000000;1810;;202620;3;380000
0001;10;00;M;000270000000000;1810;;103467;7;212593
0001;10;00;M;000270000000000;1810;;101639;1;0
0001;10;00;M;000270000000000;1810;;102359;4;158519
0002;10;00;M;000170000000000;1810;;107957;14;295556
0001;10;00;M;000030000000000;1810;;102112;1;5370
0001;10;00;M;000030000000000;1810;;201261;8;50370
0001;10;00;M;000270000000000;1810;;102178;4;6667
0002;10;00;M;000170000000000;1810;;107759;3;196667
0002;10;00;M;000170000000000;1810;;200168;5;647222
0001;10;00;M;000270000000000;1810;;103458;10;350000
0002;10;00;M;000170000000000;1810;;101783;7;199630
0002;10;00;M;000170000000000;1810;;108837;2;142222
0002;10;00;M;000170000000000;1810;;201959;3;38333
0001;10;00;M;000270000000000;1810;;100986;2780;432444
0002;10;00;M;000170000000000;1810;;101726;12;364444
0001;10;00;M;000270000000000;1810;;101310;16;322963
0001;10;00;M;000270000000000;1810;;103818;11;1311852
0001;10;00;M;000030000000000;1810;;202114;5;54630
0001;10;00;M;000030000000000;1810;;200001;22;278556
0002;10;00;M;000170000000000;1810;;200083;6;1365556
0001;10;00;M;000030000000000;1810;;102638;3;30000
0001;10;00;M;000030000000000;1810;;102645;4;28889
0002;10;00;M;000170000000000;1810;;101780;2;70000
0001;10;00;M;000270000000000;1810;;109360;7;154259
0001;10;00;M;000270000000000;1810;;106911;6;76111
0001;10;00;M;000030000000000;1810;;102750;3;24444
0001;10;00;M;000270000000000;1810;;102036;5;202778
0001;10;00;M;000270000000000;1810;;102193;1;7222
0001;10;00;M;000270000000000;1810;;102322;20;1792593
0001;10;00;M;000270000000000;1810;;103471;12;420000
0001;10;00;M;000270000000000;1810;;102905;3;15278
0001;10;00;M;000270000000000;1810;;109529;8;405926
0002;10;00;M;000170000000000;1810;;103948;2;60741
0001;10;00;M;000270000000000;1810;;105622;6;93333
0001;10;00;M;000270000000000;1810;;102358;4;110370
0001;10;00;M;000030000000000;1810;;108046;11;99815
0001;10;00;M;000270000000000;1810;;103120;9;123333
0001;10;00;M;000030000000000;1810;;101151;2;12593
0001;10;00;M;000030000000000;1810;;102109;6;32222
0002;10;00;M;000170000000000;1810;;201727;1;166481
0001;10;00;M;000030000000000;1810;;200004;22;197815
0001;10;00;M;000270000000000;1810;;101313;17;1413519
0001;10;00;M;000270000000000;1810;;101265;12;308889
0001;10;00;M;000270000000000;1810;;109800;6;0
0001;10;00;M;000270000000000;1810;;102301;3;30000
0002;10;00;M;000170000000000;1810;;101858;3;88333
0002;10;00;M;000170000000000;1810;;201363;11;1403519
0001;10;00;M;000270000000000;1810;;109788;7;147778
0002;10;00;M;000170000000000;1810;;200086;1;170185
0001;10;00;M;000270000000000;1810;;104814;3;41389
0001;10;00;M;000270000000000;1810;;104818;5;106019
0001;10;00;M;000270000000000;1810;;103410;14;490000
0001;10;00;M;000270000000000;1810;;101912;1;17407
0001;10;00;M;000270000000000;1810;;102274;5;36111
0002;10;00;M;000170000000000;1810;;101870;1;39630
0002;10;00;M;000170000000000;1810;;202406;3;471667
0002;10;00;M;000170000000000;1810;;109584;2;44074
0002;10;00;M;000170000000000;1810;;108089;1;30370
0002;10;00;M;000170000000000;1810;;200622;3;310556
0001;10;00;M;000270000000000;1810;;102136;2;5185
0002;10;00;M;000170000000000;1810;;101053;6;198889
0001;10;00;M;000270000000000;1810;;102553;1;16481
0001;10;00;M;000270000000000;1810;;108351;3;66111
0001;10;00;M;000270000000000;1810;;104537;8;146667
0001;10;00;M;000270000000000;1810;;103361;1;7222
0001;10;00;M;000270000000000;1810;;104556;2;18148
0001;10;00;M;000270000000000;1810;;103035;3;27222
0001;10;00;M;000270000000000;1810;;103364;1;9074
0001;10;00;M;000270000000000;1810;;101488;4;0
0001;10;00;M;000270000000000;1810;;102561;2;18148
0001;10;00;M;000270000000000;1810;;105877;14;762222
0002;10;00;M;000170000000000;1810;;102774;1;42407
0001;10;00;M;000270000000000;1810;;103777;13;840185
0001;10;00;M;000270000000000;1810;;101549;17;280185
0002;10;00;M;000170000000000;1810;;201665;2;255185
0001;10;00;M;000270000000000;1810;;104829;1;17500
0001;10;00;M;000270000000000;1810;;105886;2;38519
0001;10;00;M;000270000000000;1810;;102349;2;31111
0001;10;00;M;000270000000000;1810;;101647;10;100000
0001;10;00;M;000270000000000;1810;;102876;10;312963
0001;10;00;M;000270000000000;1810;;102066;4;95556
0001;10;00;M;000030000000000;1810;;102120;2;10741
0002;10;00;M;000170000000000;1810;;202762;2;175556
0001;10;00;M;000270000000000;1810;;101494;5;0
0002;10;00;M;000170000000000;1810;;101947;2;34815
0001;10;00;M;000270000000000;1810;;104804;2;41481
0001;10;00;M;000270000000000;1810;;104811;2;31296
0001;10;00;M;000270000000000;1810;;102275;1;7222
0001;10;00;M;000270000000000;1810;;109174;7;20741
0001;10;00;M;000270000000000;1810;;103365;1;9074
0001;10;00;M;000270000000000;1810;;102262;2;3333
0001;10;00;M;000270000000000;1810;;101543;5;0
0001;10;00;M;000270000000000;1810;;108352;4;88148
0001;10;00;M;000270000000000;1810;;109797;3;0
0002;10;00;M;000170000000000;1810;;200152;6;610000
0001;10;00;M;000270000000000;1810;;109172;6;37778
0001;10;00;M;000270000000000;1810;;109564;5;212037
0001;10;00;M;000030000000000;1810;;100628;3;18889
0002;10;00;M;000170000000000;1810;;101658;3;118889
0001;10;00;M;000270000000000;1810;;102236;1;1667
0001;10;00;M;000270000000000;1810;;102191;4;17778
0001;10;00;M;000270000000000;1810;;102140;2;3333
0001;10;00;M;000270000000000;1810;;109356;6;104444
0002;10;00;M;000170000000000;1810;;107563;1;25741
0001;10;00;M;000270000000000;1810;;102368;11;537778
0002;10;00;M;000170000000000;1810;;109386;5;105556
0001;10;00;M;000270000000000;1810;;101273;7;283889
0001;10;00;M;000270000000000;1810;;102304;1;6296
0002;10;00;M;000170000000000;1810;;109658;3;121667
0002;10;00;M;000170000000000;1810;;108120;3;121667
0002;10;00;M;000170000000000;1810;;107367;1;34074
0002;10;00;M;000170000000000;1810;;202644;1;216481
0001;10;00;M;000270000000000;1810;;105348;1;19352
0002;10;00;M;000170000000000;1810;;200142;1;104444
0002;10;00;M;000170000000000;1810;;200151;10;1609259
0002;10;00;M;000170000000000;1810;;202365;2;295926
0001;10;00;M;000270000000000;1810;;102125;5;20833
0002;10;00;M;000170000000000;1810;;200058;2;242222
0002;10;00;M;000170000000000;1810;;102890;21;793333
0001;10;00;M;000270000000000;1810;;102571;3;60556
0002;10;00;M;000170000000000;1810;;202379;2;288519
0001;10;00;M;000030000000000;1810;;104195;1;3519
0002;10;00;M;000170000000000;1810;;212552;1;123889
0001;10;00;M;000030000000000;1810;;108192;4;0
0002;10;00;M;000170000000000;1810;;109583;8;220741
0002;10;00;M;000170000000000;1810;;107767;13;611481
0002;10;00;M;000170000000000;1810;;202613;2;214444
0001;10;00;M;000270000000000;1810;;109771;2;60741
0001;10;00;M;000270000000000;1810;;103785;2;45926
0002;10;00;M;000170000000000;1810;;101844;6;176667
0001;10;00;M;000270000000000;1810;;102548;19;286778
0001;10;00;M;000270000000000;1810;;101032;1;5370
0001;10;00;M;000270000000000;1810;;101934;4;99259
0001;10;00;M;000030000000000;1810;;103732;2;14444
0001;10;00;M;000030000000000;1810;;103733;7;102407
0001;10;00;M;000270000000000;1810;;109640;2;40370
0001;10;00;M;000030000000000;1810;;107358;1;21111
0001;10;00;M;000270000000000;1810;;102718;4;295556
0001;10;00;M;000270000000000;1810;;107771;2;162593
0001;10;00;M;000270000000000;1810;;104669;5;54630
0001;10;00;M;000270000000000;1810;;102875;8;309630
0002;10;00;M;000170000000000;1810;;108726;3;166111
0002;10;00;M;000170000000000;1810;;101672;2;45926
0001;10;00;M;000030000000000;1810;;200006;3;27222
0001;10;00;M;000270000000000;1810;;104742;8;198519
0001;10;00;M;000270000000000;1810;;102128;2;5185
0001;10;00;M;000270000000000;1810;;102280;1;6296
0002;10;00;M;000170000000000;1810;;101746;6;171111
0002;10;00;M;000170000000000;1810;;202673;5;489815
0002;10;00;M;000170000000000;1810;;102979;4;125185
0023;10;00;M;000180000000000;1810;;202538;1;16807
0001;10;00;M;000270000000000;1810;;202274;653;1175400
0001;10;00;M;000270000000000;1810;;102273;2;14444
0001;10;00;M;000030000000000;1810;;101148;3;18889
0001;10;00;M;000270000000000;1810;;100891;1;33148
0002;10;00;M;000170000000000;1810;;200134;1;102593
0001;10;00;M;000270000000000;1810;;104812;1;17037
0001;10;00;M;000270000000000;1810;;102314;6;48889
0001;10;00;M;000270000000000;1810;;106343;6;110000
0001;10;00;M;000270000000000;1810;;102335;1;64630
0002;10;00;M;000170000000000;1810;;200178;1;249815
0001;10;00;M;000270000000000;1810;;109565;3;135556
0001;10;00;M;000270000000000;1810;;101614;2;0
0002;10;00;M;000170000000000;1810;;101784;1;43333
0001;10;00;M;000270000000000;1810;;103273;1;38704
0001;10;00;M;000270000000000;1810;;101589;3;0
0001;10;00;M;000270000000000;1810;;105054;2;42222
0002;10;00;M;000170000000000;1810;;109587;6;154444
0002;10;00;M;000170000000000;1810;;200129;12;4253333
0002;10;00;M;000170000000000;1810;;200147;2;495926
0001;10;00;M;000270000000000;1810;;107904;4;758519
0001;10;00;M;000270000000000;1810;;101592;2;0
0002;10;00;M;000170000000000;1810;;101795;2;70000
0002;10;00;M;000170000000000;1810;;212549;1;775741
0002;10;00;M;000170000000000;1810;;200799;1;619259
0001;10;00;M;000270000000000;1810;;102060;3;91111
0020;10;00;M;000180000000000;1810;;201604;55;225500
0001;10;00;M;000270000000000;1810;;101088;8;28148
0001;10;00;M;000270000000000;1810;;109421;7;374630
0001;10;00;M;000270000000000;1810;;106850;1;17500
0002;10;00;M;000170000000000;1810;;200104;1;138704
0002;10;00;M;000170000000000;1810;;101802;4;102963
0001;10;00;M;000030000000000;1810;;202058;2;38519
0002;10;00;M;000170000000000;1810;;202584;1;132222
0001;10;00;M;000030000000000;1810;;102089;3;35556
0002;10;00;M;000170000000000;1810;;101791;1;35000
0002;10;00;M;000170000000000;1810;;101978;2;92222
0002;10;00;M;000170000000000;1810;;100948;2;88519
0002;10;00;M;000170000000000;1810;;102848;1;41481
0001;10;00;M;000030000000000;1810;;100626;3;27222
0001;10;00;M;000270000000000;1810;;102139;2;7037
0001;10;00;M;000270000000000;1810;;105603;1;4074
0002;10;00;M;000170000000000;1810;;200128;2;638519
0002;10;00;M;000170000000000;1810;;200627;1;69259
0001;10;00;M;000270000000000;1810;;102082;1;29444
0002;10;00;M;000170000000000;1810;;202599;1;133148
0002;10;00;M;000170000000000;1810;;202433;2;301481
0001;10;00;M;000270000000000;1810;;101085;5;40741
0002;10;00;M;000170000000000;1810;;202508;2;305185
0002;10;00;M;000170000000000;1810;;202366;3;516111
0001;10;00;M;000270000000000;1810;;102174;1;10000
0001;10;00;M;000270000000000;1810;;104005;1;107222
0001;10;00;M;000270000000000;1810;;201555;2;3920000
0002;10;00;M;000170000000000;1810;;108473;7;219074
0002;10;00;M;000170000000000;1810;;108124;5;193519
0002;10;00;M;000170000000000;1810;;202267;2;497778
0002;10;00;M;000170000000000;1810;;108118;3;110556
0002;10;00;M;000170000000000;1810;;101869;1;32222
0002;10;00;M;000170000000000;1810;;200202;1;110000
0001;10;00;M;000270000000000;1810;;102357;1;8148
0001;10;00;M;000030000000000;1810;;102103;1;10000
0001;10;00;M;000270000000000;1810;;104292;1;3519
0002;10;00;M;000170000000000;1810;;102599;2;95926
0002;10;00;M;000170000000000;1810;;101710;1;31296
0001;10;00;M;000270000000000;1810;;109623;2;0
0002;10;00;M;000170000000000;1810;;200181;1;132222
0002;10;00;M;000170000000000;1810;;101080;2;47778
0002;10;00;M;000170000000000;1810;;101358;0;0
0002;10;00;M;000170000000000;1810;;102934;1;41481
0002;10;00;M;000170000000000;1810;;100971;2;51481
0001;10;00;M;000270000000000;1810;;103350;1;55370
0001;10;00;M;000270000000000;1810;;107345;3;0
0002;10;00;M;000170000000000;1810;;200105;1;129444
0002;10;00;M;000170000000000;1810;;101826;4;228889
0002;10;00;M;000170000000000;1810;;200630;2;234815
0001;10;00;M;000270000000000;1810;;106879;2;42222
0001;10;00;M;000270000000000;1810;;102173;1;4444
0002;10;00;M;000170000000000;1810;;200150;1;165556
0002;10;00;M;000170000000000;1810;;200637;0;0
0001;10;00;M;000270000000000;1810;;102339;2;101481
0002;10;00;M;000170000000000;1810;;109804;4;128889
0001;10;00;M;000270000000000;1810;;100952;1;16481
0002;10;00;M;000170000000000;1810;;200066;4;921481
0002;10;00;M;000170000000000;1810;;202408;5;800000
0002;10;00;M;000170000000000;1810;;108117;1;54444
0002;10;00;M;000170000000000;1810;;200201;1;116481
0002;10;00;M;000170000000000;1810;;101689;5;175000
0002;10;00;M;000170000000000;1810;;101193;2;53333
0001;10;00;M;000270000000000;1810;;100892;3;99444
0002;10;00;M;000170000000000;1810;;202439;1;180370
0002;10;00;M;000170000000000;1810;;200711;1;180370
0002;10;00;M;000170000000000;1810;;200065;1;841481
0002;10;00;M;000170000000000;1810;;201405;1;227593
0001;10;00;M;000270000000000;1810;;101212;1;23889
0002;10;00;M;000170000000000;1810;;101712;1;56296
0002;10;00;M;000170000000000;1810;;202507;2;323704
0002;10;00;M;000170000000000;1810;;108121;3;107778
0002;10;00;M;000170000000000;1810;;109770;1;35926
0002;10;00;M;000170000000000;1810;;200171;0;0
0001;10;00;M;000270000000000;1810;;104275;2;16296
0001;10;00;M;000270000000000;1810;;103092;2;16296
0002;10;00;M;000170000000000;1810;;202509;1;194259
0002;10;00;M;000170000000000;1810;;202614;1;135000
0002;10;00;M;000170000000000;1810;;108416;2;140370
0001;10;00;M;000270000000000;1810;;104796;1;0
0001;10;00;M;000270000000000;1810;;109622;1;0
0002;10;00;M;000170000000000;1810;;200525;1;292407
0001;10;00;M;000270000000000;1810;;104912;1;25741
0001;10;00;M;000270000000000;1810;;101458;1;4444
0002;10;00;M;000170000000000;1810;;202576;1;156296
0002;10;00;M;000170000000000;1810;;104688;1;49815
0001;10;00;M;000270000000000;1810;;102522;4;36296
0001;10;00;M;000270000000000;1810;;101935;1;36852
0001;10;00;M;000270000000000;1810;;101936;4;158519
0002;10;00;M;000170000000000;1810;;202670;2;370000
0001;10;00;M;000270000000000;1810;;103846;0;0
0001;10;00;M;000030000000000;1810;;106912;1;10926
0002;10;00;M;000170000000000;1810;;202296;1;131296
0001;10;00;M;000270000000000;1810;;103381;0;0
0001;10;00;M;000270000000000;1810;;102198;1;2593
0001;10;00;M;000270000000000;1810;;102552;1;9074
0001;10;00;M;000270000000000;1810;;102284;1;3519
0002;10;00;M;000170000000000;1810;;200061;1;125741
0001;10;00;M;000270000000000;1810;;103095;1;8148
0002;10;00;M;000170000000000;1810;;202404;0;0
0002;10;00;M;000170000000000;1810;;202511;1;126667
0007;10;00;;;1810;;;;28610271
0005;10;00;;;1810;;;;23410028
