7864;2023-03-09 06:45:33.687000;3;100607;1;1;6800.0000;1;1778.0000;None;19200.0000
7864;2023-03-09 06:45:33.687000;3;100607;1;1;6800.0000;1;1778.0000;None;19200.0000
7864;2023-03-09 06:45:33.687000;1;100622;1;1;2800.0000;1;1778.0000;None;19200.0000
7864;2023-03-09 06:45:33.687000;1;100622;1;1;2800.0000;1;1778.0000;None;19200.0000
7865;2023-03-09 07:03:28.650000;1;105165;1;1;6800.0000;1;None;None;6800.0000
7866;2023-03-09 07:35:10.127000;3;100607;1;1;6800.0000;1;1259.0000;None;13600.0000
7866;2023-03-09 07:35:10.127000;3;100607;1;1;6800.0000;1;1259.0000;None;13600.0000
7867;2023-03-09 07:57:23.630000;1;102554;1;1;9800.0000;1;2074.0000;None;22400.0000
7867;2023-03-09 07:57:23.630000;7;1049;1;1;0.0000;1;2074.0000;None;22400.0000
7867;2023-03-09 07:57:23.630000;3;100607;1;1;6800.0000;1;2074.0000;None;22400.0000
7867;2023-03-09 07:57:23.630000;3;100614;1;1;5800.0000;1;2074.0000;None;22400.0000
7868;2023-03-09 10:02:04.397000;3;100606;1;1;6800.0000;1;None;None;6800.0000
7869;2023-03-09 10:14:30.783000;3;100606;1;1;6800.0000;1;None;None;6800.0000
7870;2023-03-09 07:55:49.443000;1;100624;1;1;1000.0000;1;None;None;4000.0000
7870;2023-03-09 07:55:49.443000;1;100624;1;1;1000.0000;1;None;None;4000.0000
7870;2023-03-09 11:17:09.220000;1;100624;1;1;1000.0000;1;None;None;4000.0000
7870;2023-03-09 11:17:09.220000;1;100624;1;1;1000.0000;1;None;None;4000.0000
7871;2023-03-09 11:25:07.597000;1;101069;1;1;2800.0000;1;None;None;34500.0000
7871;2023-03-09 11:25:07.597000;1;101069;1;1;2800.0000;1;None;None;34500.0000
7871;2023-03-09 11:25:07.597000;1;101069;1;1;2800.0000;1;None;None;34500.0000
7871;2023-03-09 11:25:07.597000;1;101068;1;1;4800.0000;1;None;None;34500.0000
7871;2023-03-09 11:25:07.597000;1;101068;1;1;4800.0000;1;None;None;34500.0000
7871;2023-03-09 11:25:07.597000;1;102910;1;1;5500.0000;1;None;None;34500.0000
7871;2023-03-09 11:25:07.597000;1;102910;1;1;5500.0000;1;None;None;34500.0000
7871;2023-03-09 11:25:07.597000;1;102910;1;1;5500.0000;1;None;None;34500.0000
7872;2023-03-09 12:14:23.580000;1;109435;1;1;12000.0000;1;None;None;24000.0000
7872;2023-03-09 12:14:23.580000;6;109438;1;1;0.0000;1;None;None;24000.0000
7872;2023-03-09 12:14:23.580000;6;100523;2;1;0.0000;1;None;None;24000.0000
7872;2023-03-09 12:14:23.580000;6;107314;4;1;0.0000;1;None;None;24000.0000
7872;2023-03-09 12:14:23.580000;1;101633;1;1;0.0000;1;None;None;24000.0000
7872;2023-03-09 12:14:23.580000;1;109435;1;1;12000.0000;1;None;None;24000.0000
7872;2023-03-09 12:14:23.580000;6;109438;1;1;0.0000;1;None;None;24000.0000
7872;2023-03-09 12:14:23.580000;6;100523;2;1;0.0000;1;None;None;24000.0000
7872;2023-03-09 12:14:23.580000;6;107314;4;1;0.0000;1;None;None;24000.0000
7872;2023-03-09 12:14:23.580000;1;101633;1;1;0.0000;1;None;None;24000.0000
7873;2023-03-09 13:13:39.273000;3;100607;1;1;6800.0000;1;3213.0000;None;34700.0000
7873;2023-03-09 13:13:39.273000;3;100606;1;1;6800.0000;1;3213.0000;None;34700.0000
7873;2023-03-09 13:13:39.273000;3;200644;1;1;5800.0000;1;3213.0000;None;34700.0000
7873;2023-03-09 13:13:39.273000;1;102910;1;1;5500.0000;1;3213.0000;None;34700.0000
7873;2023-03-09 13:13:39.273000;3;102637;1;1;9800.0000;1;3213.0000;None;34700.0000
7874;2023-03-09 14:16:27.993000;1;104275;1;1;8800.0000;1;None;None;8800.0000
7875;2023-03-09 15:10:48.187000;1;103086;1;1;6000.0000;1;None;None;35400.0000
7875;2023-03-09 15:10:48.187000;3;102102;1;1;9800.0000;1;None;None;35400.0000
7875;2023-03-09 15:10:48.187000;3;102102;1;1;9800.0000;1;None;None;35400.0000
7875;2023-03-09 15:10:48.187000;1;103999;1;1;9800.0000;1;None;None;35400.0000
7876;2023-03-09 15:12:04.823000;2;101679;1;1;19800.0000;1;1833.0000;None;19800.0000
7877;2023-03-09 16:08:13.987000;1;104004;1;1;15800.0000;1;1463.0000;None;15800.0000
7878;2023-03-09 16:11:17.173000;2;101844;1;1;25800.0000;1;4778.0000;None;51600.0000
7878;2023-03-09 16:11:17.173000;3;105735;1;1;0.0000;1;4778.0000;None;51600.0000
7878;2023-03-09 16:11:17.173000;7;2010;1;1;0.0000;1;4778.0000;None;51600.0000
7878;2023-03-09 16:53:54.077000;2;101844;1;1;25800.0000;1;4778.0000;None;51600.0000
7878;2023-03-09 16:53:54.077000;3;105735;1;1;0.0000;1;4778.0000;None;51600.0000
7879;2023-03-09 18:06:57.473000;3;100614;1;1;5800.0000;1;2231.0000;None;24100.0000
7879;2023-03-09 18:06:57.473000;3;100606;1;1;6800.0000;1;2231.0000;None;24100.0000
7879;2023-03-09 18:06:57.473000;1;102910;1;1;5500.0000;1;2231.0000;None;24100.0000
7879;2023-03-09 18:09:19.457000;1;103088;1;1;6000.0000;1;2231.0000;None;24100.0000
7880;2023-03-09 18:23:29.290000;1;108205;1;1;5500.0000;1;None;None;14300.0000
7880;2023-03-09 18:23:29.290000;1;104958;1;1;8800.0000;1;None;None;14300.0000
7881;2023-03-09 18:42:40.827000;1;108457;1;1;15800.0000;1;None;None;15800.0000
7882;2023-03-09 18:44:05.873000;1;102412;1;1;1800.0000;1;None;None;3600.0000
7882;2023-03-09 18:44:05.873000;1;102412;1;1;1800.0000;1;None;None;3600.0000
16153;2023-03-09 16:45:05.293000;3;100606;1;1;6800.0000;1;630.0000;None;6800.0000
16154;2023-03-09 17:22:48.693000;3;100606;1;1;6800.0000;1;2148.0000;None;23200.0000
16154;2023-03-09 17:22:48.693000;3;100606;1;1;6800.0000;1;2148.0000;None;23200.0000
16154;2023-03-09 17:22:48.693000;1;101068;1;1;4800.0000;1;2148.0000;None;23200.0000
16154;2023-03-09 17:22:48.693000;1;101068;1;1;4800.0000;1;2148.0000;None;23200.0000
16155;2023-03-09 17:33:24.270000;1;102910;1;1;5500.0000;1;1843.0000;None;19900.0000
16155;2023-03-09 17:33:24.270000;1;104690;1;1;4800.0000;1;1843.0000;None;19900.0000
16155;2023-03-09 17:33:24.270000;1;102003;1;1;4800.0000;1;1843.0000;None;19900.0000
16155;2023-03-09 17:33:24.270000;1;104690;1;1;4800.0000;1;1843.0000;None;19900.0000
16156;2023-03-09 17:46:30.573000;3;100613;1;1;5800.0000;1;1074.0000;None;11600.0000
16156;2023-03-09 18:04:58.227000;3;100614;1;1;5800.0000;1;1074.0000;None;11600.0000
16157;2023-03-09 18:01:47.520000;2;201187;1;1;9800.0000;1;2833.0000;None;30600.0000
16157;2023-03-09 18:01:47.520000;2;101678;1;1;20800.0000;1;2833.0000;None;30600.0000
16159;2023-03-09 18:24:53.907000;1;103214;1;1;10800.0000;1;3352.0000;None;36200.0000
16159;2023-03-09 18:24:53.907000;3;100606;1;1;6800.0000;1;3352.0000;None;36200.0000
16159;2023-03-09 18:24:59.480000;3;100606;1;1;6800.0000;1;3352.0000;None;36200.0000
16159;2023-03-09 18:30:51.720000;1;103964;1;1;11800.0000;1;3352.0000;None;36200.0000
16159;2023-03-09 18:30:51.720000;6;108363;1;1;0.0000;1;3352.0000;None;36200.0000
16160;2023-03-09 18:53:55.733000;2;101709;1;1;28800.0000;1;3667.0000;None;39600.0000
16160;2023-03-09 18:53:55.733000;6;105419;1;1;0.0000;1;3667.0000;None;39600.0000
16160;2023-03-09 18:53:55.733000;2;108185;1;1;10800.0000;1;3667.0000;None;39600.0000
16160;2023-03-09 18:53:55.733000;3;105735;1;1;0.0000;1;3667.0000;None;39600.0000
24701;2023-03-09 06:49:12.763000;3;100606;1;1;6800.0000;1;1611.0000;None;17400.0000
24701;2023-03-09 07:49:47.667000;3;100606;1;1;6800.0000;1;1611.0000;None;17400.0000
24701;2023-03-09 07:49:47.667000;1;104274;1;1;3800.0000;1;1611.0000;None;17400.0000
24701;2023-03-09 07:49:47.667000;7;1131;1;1;0.0000;1;1611.0000;None;17400.0000
24701;2023-03-09 07:49:47.667000;7;1131;1;1;0.0000;1;1611.0000;None;17400.0000
24701;2023-03-09 07:49:47.667000;7;1131;1;1;0.0000;1;1611.0000;None;17400.0000
24702;2023-03-09 06:49:45.610000;3;100606;1;1;6800.0000;1;1796.0000;None;19400.0000
24702;2023-03-09 06:49:45.610000;7;2049;1;1;0.0000;1;1796.0000;None;19400.0000
24702;2023-03-09 06:49:45.610000;1;102561;1;1;9800.0000;1;1796.0000;None;19400.0000
24702;2023-03-09 06:49:45.610000;7;1131;1;1;0.0000;1;1796.0000;None;19400.0000
24702;2023-03-09 06:49:45.610000;1;100622;1;1;2800.0000;1;1796.0000;None;19400.0000
24702;2023-03-09 06:49:45.610000;7;1131;1;1;0.0000;1;1796.0000;None;19400.0000
24704;2023-03-09 07:27:50.890000;3;100614;1;1;5800.0000;1;1074.0000;None;11600.0000
24704;2023-03-09 07:36:46.773000;3;100614;1;1;5800.0000;1;1074.0000;None;11600.0000
24705;2023-03-09 07:47:41.017000;1;100995;1;1;10800.0000;1;4574.0000;None;49400.0000
24705;2023-03-09 07:47:41.017000;1;102558;1;1;11800.0000;1;4574.0000;None;49400.0000
24705;2023-03-09 07:47:41.017000;1;102191;1;1;4800.0000;1;4574.0000;None;49400.0000
24705;2023-03-09 07:47:41.017000;1;105199;1;1;1800.0000;1;4574.0000;None;49400.0000
24705;2023-03-09 07:47:41.017000;1;102209;1;1;1800.0000;1;4574.0000;None;49400.0000
24705;2023-03-09 07:47:41.017000;1;102314;1;1;5800.0000;1;4574.0000;None;49400.0000
24705;2023-03-09 07:47:41.017000;3;100606;1;1;6800.0000;1;4574.0000;None;49400.0000
24705;2023-03-09 08:13:13.217000;3;100614;1;1;5800.0000;1;4574.0000;None;49400.0000
24706;2023-03-09 07:49:38.087000;3;100614;1;1;5800.0000;1;2963.0000;None;32000.0000
24706;2023-03-09 07:49:38.087000;3;100614;1;1;5800.0000;1;2963.0000;None;32000.0000
24706;2023-03-09 07:49:38.087000;3;100614;1;1;5800.0000;1;2963.0000;None;32000.0000
24706;2023-03-09 07:49:38.087000;1;104274;1;1;3800.0000;1;2963.0000;None;32000.0000
24706;2023-03-09 07:49:38.087000;1;100995;1;1;10800.0000;1;2963.0000;None;32000.0000
24706;2023-03-09 07:49:38.087000;7;1131;1;1;0.0000;1;2963.0000;None;32000.0000
24706;2023-03-09 07:49:38.087000;7;1131;1;1;0.0000;1;2963.0000;None;32000.0000
24706;2023-03-09 07:49:38.087000;7;1131;1;1;0.0000;1;2963.0000;None;32000.0000
24706;2023-03-09 07:49:38.087000;7;1131;1;1;0.0000;1;2963.0000;None;32000.0000
24707;2023-03-09 08:12:13.140000;1;102191;1;1;4800.0000;1;None;None;6800.0000
24707;2023-03-09 09:39:44.740000;1;100624;1;1;1000.0000;1;None;None;6800.0000
24707;2023-03-09 09:39:44.740000;1;100624;1;1;1000.0000;1;None;None;6800.0000
24708;2023-03-09 08:43:02.233000;3;100606;1;1;6800.0000;1;2519.0000;None;27200.0000
24708;2023-03-09 08:43:02.233000;3;100606;1;1;6800.0000;1;2519.0000;None;27200.0000
24708;2023-03-09 08:43:02.233000;1;100630;1;1;6800.0000;1;2519.0000;None;27200.0000
24708;2023-03-09 08:43:02.233000;1;100630;1;1;6800.0000;1;2519.0000;None;27200.0000
24709;2023-03-09 09:43:48.887000;1;101666;1;1;20800.0000;1;5537.0000;None;59800.0000
24709;2023-03-09 09:43:48.887000;7;1135;1;1;0.0000;1;5537.0000;None;59800.0000
24709;2023-03-09 09:43:48.887000;1;105199;1;1;1800.0000;1;5537.0000;None;59800.0000
24709;2023-03-09 09:43:48.887000;1;101666;1;1;20800.0000;1;5537.0000;None;59800.0000
24709;2023-03-09 09:43:48.887000;7;1135;1;1;0.0000;1;5537.0000;None;59800.0000
24709;2023-03-09 09:43:48.887000;1;105199;1;1;1800.0000;1;5537.0000;None;59800.0000
24709;2023-03-09 09:43:48.887000;3;100614;1;1;5800.0000;1;5537.0000;None;59800.0000
24709;2023-03-09 09:43:48.887000;3;100606;1;1;6800.0000;1;5537.0000;None;59800.0000
24709;2023-03-09 09:43:48.887000;6;105082;1;1;2000.0000;1;5537.0000;None;59800.0000
24710;2023-03-09 09:50:42.837000;1;100995;1;1;10800.0000;1;4722.0000;None;51000.0000
24710;2023-03-09 09:50:42.837000;1;100995;1;1;10800.0000;1;4722.0000;None;51000.0000
24710;2023-03-09 09:50:42.837000;1;105490;1;1;10800.0000;1;4722.0000;None;51000.0000
24710;2023-03-09 09:50:42.837000;7;1135;1;1;0.0000;1;4722.0000;None;51000.0000
24710;2023-03-09 09:50:42.837000;1;102564;1;1;14800.0000;1;4722.0000;None;51000.0000
24710;2023-03-09 09:50:42.837000;7;1135;1;1;0.0000;1;4722.0000;None;51000.0000
24710;2023-03-09 09:50:42.837000;1;102132;1;1;3800.0000;1;4722.0000;None;51000.0000
24712;2023-03-09 09:55:25.173000;1;100995;1;1;10800.0000;1;3167.0000;None;34200.0000
24712;2023-03-09 09:55:25.173000;1;100995;1;1;10800.0000;1;3167.0000;None;34200.0000
24712;2023-03-09 09:56:16.353000;3;103904;1;1;3800.0000;1;3167.0000;None;34200.0000
24712;2023-03-09 09:56:16.353000;3;100606;1;1;6800.0000;1;3167.0000;None;34200.0000
24712;2023-03-09 09:56:16.353000;6;105082;1;1;2000.0000;1;3167.0000;None;34200.0000
24712;2023-03-09 09:56:16.353000;7;2028;1;1;0.0000;1;3167.0000;None;34200.0000
24713;2023-03-09 10:32:10.233000;3;100606;1;1;6800.0000;1;2241.0000;None;24200.0000
24713;2023-03-09 10:32:10.233000;3;100606;1;1;6800.0000;1;2241.0000;None;24200.0000
24713;2023-03-09 10:32:10.233000;1;105165;1;1;6800.0000;1;2241.0000;None;24200.0000
24713;2023-03-09 10:32:10.233000;1;104274;1;1;3800.0000;1;2241.0000;None;24200.0000
24714;2023-03-09 11:02:12.627000;1;102564;1;1;14800.0000;1;5074.0000;None;54800.0000
24714;2023-03-09 11:02:12.627000;7;1135;1;1;0.0000;1;5074.0000;None;54800.0000
24714;2023-03-09 11:02:12.627000;1;102564;1;1;14800.0000;1;5074.0000;None;54800.0000
24714;2023-03-09 11:02:12.627000;7;1135;1;1;0.0000;1;5074.0000;None;54800.0000
24714;2023-03-09 11:02:12.627000;3;100613;1;1;5800.0000;1;5074.0000;None;54800.0000
24714;2023-03-09 11:02:12.627000;3;100607;1;1;6800.0000;1;5074.0000;None;54800.0000
24714;2023-03-09 11:02:12.627000;7;2028;1;1;0.0000;1;5074.0000;None;54800.0000
24714;2023-03-09 11:02:12.627000;7;2028;1;1;0.0000;1;5074.0000;None;54800.0000
24714;2023-03-09 11:02:12.627000;1;100590;1;1;4800.0000;1;5074.0000;None;54800.0000
24714;2023-03-09 11:32:13.990000;1;106066;1;1;7800.0000;1;5074.0000;None;54800.0000
24715;2023-03-09 11:02:51.030000;3;100614;1;1;5800.0000;1;2630.0000;None;28400.0000
24715;2023-03-09 11:02:51.030000;3;102115;1;1;9800.0000;1;2630.0000;None;28400.0000
24715;2023-03-09 11:02:51.030000;1;109248;1;1;12800.0000;1;2630.0000;None;28400.0000
24716;2023-03-09 11:04:44.893000;3;100999;1;1;5800.0000;1;1519.0000;None;16400.0000
24716;2023-03-09 11:04:44.893000;7;1207;1;1;0.0000;1;1519.0000;None;16400.0000
24716;2023-03-09 11:19:32.953000;3;102747;1;1;4800.0000;1;1519.0000;None;16400.0000
24716;2023-03-09 11:19:32.953000;7;2050;1;1;0.0000;1;1519.0000;None;16400.0000
24716;2023-03-09 11:19:32.953000;3;100999;1;1;5800.0000;1;1519.0000;None;16400.0000
24717;2023-03-09 11:12:50.373000;3;103904;1;1;3800.0000;1;889.0000;None;9600.0000
24717;2023-03-09 11:20:00.350000;3;100999;1;1;5800.0000;1;889.0000;None;9600.0000
24718;2023-03-09 11:41:59.110000;3;100606;1;1;6800.0000;1;2278.0000;None;24600.0000
24718;2023-03-09 11:41:59.110000;3;100606;1;1;6800.0000;1;2278.0000;None;24600.0000
24718;2023-03-09 12:18:40.917000;1;108205;1;1;5500.0000;1;2278.0000;None;24600.0000
24718;2023-03-09 12:18:40.917000;1;108205;1;1;5500.0000;1;2278.0000;None;24600.0000
24718;2023-03-09 12:18:40.917000;7;2049;1;1;0.0000;1;2278.0000;None;24600.0000
24718;2023-03-09 12:18:40.917000;7;2049;1;1;0.0000;1;2278.0000;None;24600.0000
24719;2023-03-09 11:47:23.017000;3;100607;1;1;6800.0000;1;630.0000;None;6800.0000
24720;2023-03-09 11:51:22.677000;3;100614;1;1;5800.0000;1;2611.0000;None;28200.0000
24720;2023-03-09 11:51:22.677000;1;100591;1;1;11800.0000;1;2611.0000;None;28200.0000
24720;2023-03-09 12:22:59.497000;3;100614;1;1;5800.0000;1;2611.0000;None;28200.0000
24720;2023-03-09 12:22:59.497000;1;101068;1;1;4800.0000;1;2611.0000;None;28200.0000
24721;2023-03-09 12:05:38.560000;2;201615;1;1;13800.0000;1;1278.0000;None;13800.0000
24722;2023-03-09 12:09:28.983000;3;100606;1;1;6800.0000;1;630.0000;None;6800.0000
24722;2023-03-09 12:09:28.983000;7;2049;1;1;0.0000;1;630.0000;None;6800.0000
24723;2023-03-09 12:40:31.213000;3;100606;1;1;6800.0000;1;1352.0000;None;14600.0000
24723;2023-03-09 12:40:31.213000;1;104747;1;1;7800.0000;1;1352.0000;None;14600.0000
24724;2023-03-09 12:45:25.560000;3;100606;1;1;6800.0000;1;630.0000;None;6800.0000
24725;2023-03-09 12:48:53.853000;3;100999;1;1;5800.0000;1;537.0000;None;5800.0000
24725;2023-03-09 12:48:53.853000;7;1207;1;1;0.0000;1;537.0000;None;5800.0000
24728;2023-03-09 12:57:19.127000;3;100606;1;1;6800.0000;1;1981.0000;None;21400.0000
24728;2023-03-09 13:00:12.537000;1;102554;1;1;9800.0000;1;1981.0000;None;21400.0000
24728;2023-03-09 13:00:12.537000;1;100590;1;1;4800.0000;1;1981.0000;None;21400.0000
24729;2023-03-09 13:41:01.467000;3;100607;1;1;6800.0000;1;1074.0000;None;11600.0000
24729;2023-03-09 14:17:04.490000;1;101068;1;1;4800.0000;1;1074.0000;None;11600.0000
24730;2023-03-09 12:54:24.563000;3;100614;1;1;5800.0000;1;9111.0000;None;98400.0000
24730;2023-03-09 15:46:24.340000;3;102102;1;1;9800.0000;1;9111.0000;None;98400.0000
24730;2023-03-09 16:47:23.073000;2;201959;1;1;13800.0000;1;9111.0000;None;98400.0000
24730;2023-03-09 16:47:23.073000;2;201615;1;1;13800.0000;1;9111.0000;None;98400.0000
24730;2023-03-09 17:50:02.993000;2;201615;1;1;13800.0000;1;9111.0000;None;98400.0000
24730;2023-03-09 17:50:02.993000;2;201959;1;1;13800.0000;1;9111.0000;None;98400.0000
24730;2023-03-09 18:35:17.157000;2;201615;1;1;13800.0000;1;9111.0000;None;98400.0000
24730;2023-03-09 18:35:17.157000;2;201959;1;1;13800.0000;1;9111.0000;None;98400.0000
24731;2023-03-09 12:55:29.167000;3;100606;1;1;6800.0000;1;1352.0000;None;14600.0000
24731;2023-03-09 12:55:29.167000;6;105082;1;1;2000.0000;1;1352.0000;None;14600.0000
24731;2023-03-09 12:57:09.920000;3;100614;1;1;5800.0000;1;1352.0000;None;14600.0000
24732;2023-03-09 14:21:10.857000;3;100614;1;1;5800.0000;1;537.0000;None;5800.0000
24733;2023-03-09 14:48:52.300000;3;100999;1;1;5800.0000;1;3852.0000;None;41600.0000
24733;2023-03-09 14:48:52.300000;3;100999;1;1;5800.0000;1;3852.0000;None;41600.0000
24733;2023-03-09 14:48:52.300000;3;100999;1;1;5800.0000;1;3852.0000;None;41600.0000
24733;2023-03-09 15:37:41.043000;3;100606;1;1;6800.0000;1;3852.0000;None;41600.0000
24733;2023-03-09 16:11:36.147000;3;100999;1;1;5800.0000;1;3852.0000;None;41600.0000
24733;2023-03-09 16:11:36.147000;3;100999;1;1;5800.0000;1;3852.0000;None;41600.0000
24733;2023-03-09 16:11:36.147000;3;100999;1;1;5800.0000;1;3852.0000;None;41600.0000
24733;2023-03-09 16:11:36.147000;7;2049;1;1;0.0000;1;3852.0000;None;41600.0000
24734;2023-03-09 15:01:34.027000;3;100606;1;1;6800.0000;1;22833.0000;None;246600.0000
24734;2023-03-09 15:04:00.117000;3;100606;1;1;6800.0000;1;22833.0000;None;246600.0000
24734;2023-03-09 15:04:00.117000;6;105082;1;1;2000.0000;1;22833.0000;None;246600.0000
24734;2023-03-09 15:55:52.387000;3;104446;1;1;4800.0000;1;22833.0000;None;246600.0000
24734;2023-03-09 15:55:52.387000;2;101679;1;1;19800.0000;1;22833.0000;None;246600.0000
24734;2023-03-09 16:31:08.163000;2;101844;1;1;25800.0000;1;22833.0000;None;246600.0000
24734;2023-03-09 16:31:08.163000;3;105735;1;1;0.0000;1;22833.0000;None;246600.0000
24734;2023-03-09 16:31:08.163000;2;101844;1;1;25800.0000;1;22833.0000;None;246600.0000
24734;2023-03-09 16:31:08.163000;6;105419;1;1;0.0000;1;22833.0000;None;246600.0000
24734;2023-03-09 16:31:08.163000;2;101844;1;1;25800.0000;1;22833.0000;None;246600.0000
24734;2023-03-09 16:31:08.163000;6;102646;1;1;0.0000;1;22833.0000;None;246600.0000
24734;2023-03-09 16:31:08.163000;2;101844;1;1;25800.0000;1;22833.0000;None;246600.0000
24734;2023-03-09 16:31:08.163000;6;105631;1;1;0.0000;1;22833.0000;None;246600.0000
24734;2023-03-09 17:22:21.553000;2;101844;1;1;25800.0000;1;22833.0000;None;246600.0000
24734;2023-03-09 17:22:21.553000;3;105735;1;1;0.0000;1;22833.0000;None;246600.0000
24734;2023-03-09 17:22:21.553000;2;101844;1;1;25800.0000;1;22833.0000;None;246600.0000
24734;2023-03-09 17:22:21.553000;3;105735;1;1;0.0000;1;22833.0000;None;246600.0000
24734;2023-03-09 17:22:21.553000;2;101844;1;1;25800.0000;1;22833.0000;None;246600.0000
24734;2023-03-09 17:22:21.553000;3;105735;1;1;0.0000;1;22833.0000;None;246600.0000
24734;2023-03-09 17:22:21.553000;2;101844;1;1;25800.0000;1;22833.0000;None;246600.0000
24734;2023-03-09 17:22:21.553000;3;105735;1;1;0.0000;1;22833.0000;None;246600.0000
24735;2023-03-09 15:04:04.490000;3;100606;1;1;6800.0000;1;630.0000;None;6800.0000
24736;2023-03-09 15:07:05.040000;3;100614;1;1;5800.0000;1;1167.0000;None;12600.0000
24736;2023-03-09 15:07:05.040000;7;2033;1;1;0.0000;1;1167.0000;None;12600.0000
24736;2023-03-09 16:20:34.813000;1;103996;1;1;6800.0000;1;1167.0000;None;12600.0000
24737;2023-03-09 15:16:10.300000;3;200644;1;1;5800.0000;1;2870.0000;None;31000.0000
24737;2023-03-09 15:16:10.300000;3;102115;1;1;9800.0000;1;2870.0000;None;31000.0000
24737;2023-03-09 15:22:02.773000;3;103904;1;1;3800.0000;1;2870.0000;None;31000.0000
24737;2023-03-09 16:34:46.077000;3;201304;1;1;5800.0000;1;2870.0000;None;31000.0000
24737;2023-03-09 16:34:46.077000;3;201146;1;1;5800.0000;1;2870.0000;None;31000.0000
24740;2023-03-09 15:24:36.150000;1;101965;1;1;33800.0000;1;5870.0000;None;63400.0000
24740;2023-03-09 15:24:36.150000;6;100523;1;1;0.0000;1;5870.0000;None;63400.0000
24740;2023-03-09 15:24:36.150000;1;105149;1;1;0.0000;1;5870.0000;None;63400.0000
24740;2023-03-09 15:24:36.150000;6;102629;2;1;0.0000;1;5870.0000;None;63400.0000
24740;2023-03-09 15:24:36.150000;3;105139;1;1;0.0000;1;5870.0000;None;63400.0000
24740;2023-03-09 15:24:36.150000;7;1135;1;1;0.0000;1;5870.0000;None;63400.0000
24740;2023-03-09 15:24:36.150000;1;100624;1;1;1000.0000;1;5870.0000;None;63400.0000
24740;2023-03-09 15:24:36.150000;1;103367;1;1;11800.0000;1;5870.0000;None;63400.0000
24740;2023-03-09 15:24:36.150000;6;101543;1;1;0.0000;1;5870.0000;None;63400.0000
24740;2023-03-09 15:24:36.150000;6;101524;1;1;0.0000;1;5870.0000;None;63400.0000
24740;2023-03-09 15:24:36.150000;6;101488;1;1;0.0000;1;5870.0000;None;63400.0000
24740;2023-03-09 15:38:58.030000;1;103268;1;1;16800.0000;1;5870.0000;None;63400.0000
24740;2023-03-09 15:38:58.030000;1;101502;1;1;0.0000;1;5870.0000;None;63400.0000
24742;2023-03-09 15:49:57.233000;3;100599;1;1;4800.0000;1;None;None;4800.0000
24743;2023-03-09 15:57:09.917000;1;103092;1;1;8800.0000;1;2861.0000;None;30900.0000
24743;2023-03-09 15:57:09.917000;1;103092;1;1;8800.0000;1;2861.0000;None;30900.0000
24743;2023-03-09 15:57:09.917000;1;106043;1;1;7500.0000;1;2861.0000;None;30900.0000
24743;2023-03-09 15:57:09.917000;3;100596;1;1;5800.0000;1;2861.0000;None;30900.0000
24744;2023-03-09 16:08:51.790000;3;100606;1;1;6800.0000;1;1352.0000;None;14600.0000
24744;2023-03-09 16:47:13.933000;1;104748;1;1;7800.0000;1;1352.0000;None;14600.0000
24746;2023-03-09 16:10:22.350000;3;100606;1;1;6800.0000;1;3037.0000;None;32800.0000
24746;2023-03-09 16:10:22.350000;3;100606;1;1;6800.0000;1;3037.0000;None;32800.0000
24746;2023-03-09 16:10:22.350000;7;2062;1;1;0.0000;1;3037.0000;None;32800.0000
24746;2023-03-09 16:10:22.350000;1;104690;1;1;4800.0000;1;3037.0000;None;32800.0000
24746;2023-03-09 16:10:22.350000;1;104690;1;1;4800.0000;1;3037.0000;None;32800.0000
24746;2023-03-09 16:10:22.350000;1;104690;1;1;4800.0000;1;3037.0000;None;32800.0000
24746;2023-03-09 16:10:22.350000;1;104690;1;1;4800.0000;1;3037.0000;None;32800.0000
24747;2023-03-09 16:45:24.570000;3;102102;1;1;9800.0000;1;907.0000;None;9800.0000
24748;2023-03-09 17:10:11.533000;3;100999;1;1;5800.0000;1;2074.0000;None;22400.0000
24748;2023-03-09 17:10:11.533000;7;1207;1;1;0.0000;1;2074.0000;None;22400.0000
24748;2023-03-09 17:12:31.577000;3;100999;1;1;5800.0000;1;2074.0000;None;22400.0000
24748;2023-03-09 17:13:07.550000;1;100995;1;1;10800.0000;1;2074.0000;None;22400.0000
24749;2023-03-09 17:22:04.167000;3;102635;1;1;8800.0000;1;1352.0000;None;14600.0000
24749;2023-03-09 17:22:04.167000;3;100614;1;1;5800.0000;1;1352.0000;None;14600.0000
24750;2023-03-09 17:43:35.780000;3;101332;1;1;10800.0000;1;3509.0000;None;37900.0000
24750;2023-03-09 17:43:35.780000;3;101332;1;1;10800.0000;1;3509.0000;None;37900.0000
24750;2023-03-09 17:43:35.780000;1;103210;1;1;10800.0000;1;3509.0000;None;37900.0000
24750;2023-03-09 17:43:35.780000;1;107612;1;1;5500.0000;1;3509.0000;None;37900.0000
24751;2023-03-09 17:52:28.163000;1;104274;1;1;3800.0000;1;3685.0000;None;39800.0000
24751;2023-03-09 17:52:28.163000;1;100625;1;1;8800.0000;1;3685.0000;None;39800.0000
24751;2023-03-09 17:52:28.163000;1;100630;1;1;6800.0000;1;3685.0000;None;39800.0000
24751;2023-03-09 17:52:28.163000;3;101216;1;1;6800.0000;1;3685.0000;None;39800.0000
24751;2023-03-09 17:52:28.163000;3;101216;1;1;6800.0000;1;3685.0000;None;39800.0000
24751;2023-03-09 17:52:28.163000;3;100606;1;1;6800.0000;1;3685.0000;None;39800.0000
24752;2023-03-09 18:04:25.253000;3;102102;1;1;9800.0000;1;907.0000;None;9800.0000
24752;2023-03-09 18:04:25.253000;7;2026;1;1;0.0000;1;907.0000;None;9800.0000
24754;2023-03-09 18:34:18.683000;1;100590;1;1;4800.0000;1;3426.0000;None;37000.0000
24754;2023-03-09 18:34:18.683000;1;105304;1;1;5800.0000;1;3426.0000;None;37000.0000
24754;2023-03-09 18:34:18.683000;3;101332;1;1;10800.0000;1;3426.0000;None;37000.0000
24754;2023-03-09 18:01:50.930000;3;100606;1;1;6800.0000;1;3426.0000;None;37000.0000
24754;2023-03-09 18:55:17.517000;1;100625;1;1;8800.0000;1;3426.0000;None;37000.0000
