7883;2023-03-10 07:07:04.823000;3;100614;1;1;5800.0000;1;1778.0000;None;19200.0000
7883;2023-03-10 07:09:27.337000;1;104274;1;1;3800.0000;1;1778.0000;None;19200.0000
7883;2023-03-10 07:40:01.660000;3;100614;1;1;5800.0000;1;1778.0000;None;19200.0000
7883;2023-03-10 07:53:14.100000;1;104274;1;1;3800.0000;1;1778.0000;None;19200.0000
7884;2023-03-10 07:24:39.487000;3;201146;1;1;5800.0000;1;None;None;5800.0000
7885;2023-03-10 07:38:05.377000;1;105178;1;1;4000.0000;1;None;None;4000.0000
7886;2023-03-10 07:53:42.130000;1;108269;1;1;5800.0000;1;None;None;11600.0000
7886;2023-03-10 07:53:42.130000;3;100613;1;1;5800.0000;1;None;None;11600.0000
7887;2023-03-10 08:49:56.860000;3;100614;1;1;5800.0000;1;1611.0000;None;17400.0000
7887;2023-03-10 08:49:56.860000;3;100614;1;1;5800.0000;1;1611.0000;None;17400.0000
7887;2023-03-10 08:49:56.860000;1;108269;1;1;5800.0000;1;1611.0000;None;17400.0000
7888;2023-03-10 09:03:05.227000;3;100614;1;1;5800.0000;1;None;None;5800.0000
7889;2023-03-10 09:35:13.963000;1;102191;1;1;4800.0000;1;None;None;4800.0000
7890;2023-03-10 10:02:16.487000;3;102635;1;1;8800.0000;1;5704.0000;None;61600.0000
7890;2023-03-10 10:02:16.487000;3;100614;1;1;5800.0000;1;5704.0000;None;61600.0000
7890;2023-03-10 10:02:16.487000;1;105041;1;1;3800.0000;1;5704.0000;None;61600.0000
7890;2023-03-10 10:02:16.487000;1;103999;1;1;9800.0000;1;5704.0000;None;61600.0000
7890;2023-03-10 10:02:16.487000;1;108351;1;1;21800.0000;1;5704.0000;None;61600.0000
7890;2023-03-10 10:02:16.487000;1;105149;1;1;0.0000;1;5704.0000;None;61600.0000
7890;2023-03-10 10:24:42.637000;3;100614;1;1;5800.0000;1;5704.0000;None;61600.0000
7890;2023-03-10 10:24:42.637000;3;100614;1;1;5800.0000;1;5704.0000;None;61600.0000
7891;2023-03-10 10:09:49.757000;1;103996;1;1;6800.0000;1;None;None;33000.0000
7891;2023-03-10 10:09:49.757000;1;103996;1;1;6800.0000;1;None;None;33000.0000
7891;2023-03-10 10:09:49.757000;3;201146;1;1;5800.0000;1;None;None;33000.0000
7891;2023-03-10 10:09:49.757000;3;201146;1;1;5800.0000;1;None;None;33000.0000
7891;2023-03-10 10:09:49.757000;1;105175;1;1;4000.0000;1;None;None;33000.0000
7891;2023-03-10 10:09:49.757000;1;104274;1;1;3800.0000;1;None;None;33000.0000
7892;2023-03-10 10:15:38.737000;3;100614;1;1;5800.0000;1;1074.0000;None;11600.0000
7892;2023-03-10 10:15:38.737000;3;100614;1;1;5800.0000;1;1074.0000;None;11600.0000
7893;2023-03-10 10:50:26.190000;3;102748;1;1;15800.0000;1;2093.0000;None;22600.0000
7893;2023-03-10 10:50:26.190000;3;100628;1;1;6800.0000;1;2093.0000;None;22600.0000
7894;2023-03-10 10:51:22.590000;3;100606;1;1;6800.0000;1;None;None;13600.0000
7894;2023-03-10 10:51:22.590000;3;100606;1;1;6800.0000;1;None;None;13600.0000
7895;2023-03-10 11:27:43.877000;1;109435;1;1;12000.0000;1;None;None;36000.0000
7895;2023-03-10 11:27:43.877000;6;109437;1;1;0.0000;1;None;None;36000.0000
7895;2023-03-10 11:27:43.877000;6;100523;2;1;0.0000;1;None;None;36000.0000
7895;2023-03-10 11:27:43.877000;6;107314;4;1;0.0000;1;None;None;36000.0000
7895;2023-03-10 11:27:43.877000;1;101633;1;1;0.0000;1;None;None;36000.0000
7895;2023-03-10 11:27:43.877000;1;109435;1;1;12000.0000;1;None;None;36000.0000
7895;2023-03-10 11:27:43.877000;6;109438;1;1;0.0000;1;None;None;36000.0000
7895;2023-03-10 11:27:43.877000;6;100523;2;1;0.0000;1;None;None;36000.0000
7895;2023-03-10 11:27:43.877000;6;107314;4;1;0.0000;1;None;None;36000.0000
7895;2023-03-10 11:27:43.877000;1;101633;1;1;0.0000;1;None;None;36000.0000
7895;2023-03-10 11:27:43.877000;1;109435;1;1;12000.0000;1;None;None;36000.0000
7895;2023-03-10 11:27:43.877000;6;109438;1;1;0.0000;1;None;None;36000.0000
7895;2023-03-10 11:27:43.877000;6;100523;2;1;0.0000;1;None;None;36000.0000
7895;2023-03-10 11:27:43.877000;6;107314;4;1;0.0000;1;None;None;36000.0000
7895;2023-03-10 11:27:43.877000;1;101633;1;1;0.0000;1;None;None;36000.0000
7896;2023-03-10 11:42:13.020000;3;102115;1;1;9800.0000;1;907.0000;None;9800.0000
7900;2023-03-10 15:22:11.547000;1;104747;1;1;7800.0000;1;1352.0000;None;14600.0000
7900;2023-03-10 15:21:46.333000;3;100606;1;1;6800.0000;1;1352.0000;None;14600.0000
7901;2023-03-10 17:10:37.873000;1;108269;1;1;5800.0000;1;None;None;32000.0000
7901;2023-03-10 17:10:37.873000;1;108269;1;1;5800.0000;1;None;None;32000.0000
7901;2023-03-10 17:10:37.873000;1;108269;1;1;5800.0000;1;None;None;32000.0000
7901;2023-03-10 17:10:37.873000;1;103210;1;1;10800.0000;1;None;None;32000.0000
7901;2023-03-10 17:10:37.873000;1;105041;1;1;3800.0000;1;None;None;32000.0000
7902;2023-03-10 18:04:21.607000;1;103999;1;1;9800.0000;1;None;None;9800.0000
7904;2023-03-10 18:10:19.103000;1;103092;1;1;8800.0000;1;4963.0000;None;53600.0000
7904;2023-03-10 18:10:19.103000;1;103084;1;1;6000.0000;1;4963.0000;None;53600.0000
7904;2023-03-10 18:10:19.103000;1;100630;1;1;6800.0000;1;4963.0000;None;53600.0000
7904;2023-03-10 18:10:19.103000;1;100630;1;1;6800.0000;1;4963.0000;None;53600.0000
7904;2023-03-10 18:10:19.103000;3;102737;1;1;2800.0000;1;4963.0000;None;53600.0000
7904;2023-03-10 18:10:19.103000;2;200480;1;1;12800.0000;1;4963.0000;None;53600.0000
7904;2023-03-10 18:10:19.103000;3;100606;1;1;6800.0000;1;4963.0000;None;53600.0000
7904;2023-03-10 18:10:19.103000;1;101069;1;1;2800.0000;1;4963.0000;None;53600.0000
7905;2023-03-10 18:17:30.450000;1;101068;1;1;4800.0000;1;None;None;14400.0000
7905;2023-03-10 18:17:30.450000;1;101068;1;1;4800.0000;1;None;None;14400.0000
7905;2023-03-10 18:17:30.450000;1;101068;1;1;4800.0000;1;None;None;14400.0000
16161;2023-03-10 09:52:08.917000;3;100606;1;1;6800.0000;1;1889.0000;None;20400.0000
16161;2023-03-10 09:52:08.917000;1;100630;1;1;6800.0000;1;1889.0000;None;20400.0000
16161;2023-03-10 10:19:15.253000;3;100606;1;1;6800.0000;1;1889.0000;None;20400.0000
16161;2023-03-10 10:19:15.253000;7;2046;1;1;0.0000;1;1889.0000;None;20400.0000
16162;2023-03-10 12:06:09.993000;3;201221;1;1;5800.0000;1;1519.0000;None;16400.0000
16162;2023-03-10 12:06:09.993000;3;201221;1;1;5800.0000;1;1519.0000;None;16400.0000
16162;2023-03-10 12:06:09.993000;1;101068;1;1;4800.0000;1;1519.0000;None;16400.0000
16163;2023-03-10 13:06:55.997000;1;106632;1;1;6800.0000;1;5074.0000;None;54800.0000
16163;2023-03-10 13:06:55.997000;1;100625;1;1;8800.0000;1;5074.0000;None;54800.0000
16163;2023-03-10 13:06:55.997000;3;101332;1;1;10800.0000;1;5074.0000;None;54800.0000
16163;2023-03-10 13:06:55.997000;3;101332;1;1;10800.0000;1;5074.0000;None;54800.0000
16163;2023-03-10 13:06:55.997000;3;101332;1;1;10800.0000;1;5074.0000;None;54800.0000
16163;2023-03-10 13:09:28.183000;1;109239;1;1;6800.0000;1;5074.0000;None;54800.0000
16164;2023-03-10 13:14:38.963000;3;102102;1;1;9800.0000;1;3444.0000;None;37200.0000
16164;2023-03-10 13:14:38.963000;3;100596;1;1;5800.0000;1;3444.0000;None;37200.0000
16164;2023-03-10 13:14:38.963000;3;201269;1;1;5800.0000;1;3444.0000;None;37200.0000
16164;2023-03-10 13:14:38.963000;7;2094;1;1;0.0000;1;3444.0000;None;37200.0000
16164;2023-03-10 13:14:38.963000;7;2094;1;1;0.0000;1;3444.0000;None;37200.0000
16164;2023-03-10 13:14:38.963000;7;2094;1;1;0.0000;1;3444.0000;None;37200.0000
16164;2023-03-10 13:20:01.400000;1;108457;1;1;15800.0000;1;3444.0000;None;37200.0000
16165;2023-03-10 13:22:50.033000;3;100614;1;1;5800.0000;1;1074.0000;None;11600.0000
16165;2023-03-10 13:22:50.033000;3;100614;1;1;5800.0000;1;1074.0000;None;11600.0000
16166;2023-03-10 13:42:08.477000;3;102112;1;1;5800.0000;1;537.0000;None;5800.0000
16167;2023-03-10 13:42:12.490000;3;100607;1;1;6800.0000;1;1259.0000;None;13600.0000
16167;2023-03-10 13:58:21.387000;3;100607;1;1;6800.0000;1;1259.0000;None;13600.0000
16167;2023-03-10 13:58:21.387000;7;2052;1;1;0.0000;1;1259.0000;None;13600.0000
16168;2023-03-10 14:02:56.253000;3;200644;1;1;5800.0000;1;3185.0000;None;34400.0000
16168;2023-03-10 14:02:56.253000;1;104749;1;1;1000.0000;1;3185.0000;None;34400.0000
16168;2023-03-10 14:02:56.253000;1;103289;1;1;20800.0000;1;3185.0000;None;34400.0000
16168;2023-03-10 14:02:56.253000;1;101502;1;1;0.0000;1;3185.0000;None;34400.0000
16168;2023-03-10 14:02:56.253000;3;100606;1;1;6800.0000;1;3185.0000;None;34400.0000
16169;2023-03-10 14:33:30.407000;3;100614;1;1;5800.0000;1;1046.0000;None;11300.0000
16169;2023-03-10 14:33:30.407000;1;102906;1;1;5500.0000;1;1046.0000;None;11300.0000
16170;2023-03-10 17:09:50.173000;3;100607;1;1;6800.0000;1;630.0000;None;6800.0000
24755;2023-03-10 06:44:56.533000;3;100606;1;1;6800.0000;1;1259.0000;None;13600.0000
24755;2023-03-10 06:55:58.627000;3;100606;1;1;6800.0000;1;1259.0000;None;13600.0000
24756;2023-03-10 06:52:12.630000;3;100606;1;1;6800.0000;1;1611.0000;None;17400.0000
24756;2023-03-10 07:30:59.233000;3;100606;1;1;6800.0000;1;1611.0000;None;17400.0000
24756;2023-03-10 07:30:59.233000;1;104274;1;1;3800.0000;1;1611.0000;None;17400.0000
24757;2023-03-10 06:53:24.147000;1;102960;1;1;4800.0000;1;1519.0000;None;16400.0000
24757;2023-03-10 06:53:24.147000;7;1027;1;1;0.0000;1;1519.0000;None;16400.0000
24757;2023-03-10 06:53:24.147000;7;1027;1;1;0.0000;1;1519.0000;None;16400.0000
24757;2023-03-10 06:53:24.147000;3;100614;1;1;5800.0000;1;1519.0000;None;16400.0000
24757;2023-03-10 06:53:24.147000;3;100614;1;1;5800.0000;1;1519.0000;None;16400.0000
24758;2023-03-10 06:58:50.947000;3;100599;1;1;4800.0000;1;889.0000;None;9600.0000
24758;2023-03-10 06:58:50.947000;1;100590;1;1;4800.0000;1;889.0000;None;9600.0000
24759;2023-03-10 07:22:03.650000;3;100607;1;1;6800.0000;1;1259.0000;None;13600.0000
24759;2023-03-10 07:22:03.650000;3;100607;1;1;6800.0000;1;1259.0000;None;13600.0000
24760;2023-03-10 07:25:27.883000;3;100607;1;1;6800.0000;1;1796.0000;None;19400.0000
24760;2023-03-10 07:25:27.883000;1;105165;1;1;6800.0000;1;1796.0000;None;19400.0000
24760;2023-03-10 08:11:37.060000;3;100614;1;1;5800.0000;1;1796.0000;None;19400.0000
24761;2023-03-10 07:37:04.010000;3;100614;1;1;5800.0000;1;1074.0000;None;11600.0000
24761;2023-03-10 07:51:51.730000;3;100614;1;1;5800.0000;1;1074.0000;None;11600.0000
24762;2023-03-10 08:00:35.350000;1;102554;1;1;9800.0000;1;1444.0000;None;15600.0000
24762;2023-03-10 08:00:35.350000;7;1049;1;1;0.0000;1;1444.0000;None;15600.0000
24762;2023-03-10 08:00:35.350000;3;100614;1;1;5800.0000;1;1444.0000;None;15600.0000
24763;2023-03-10 08:10:48.640000;3;100606;1;1;6800.0000;1;1167.0000;None;12600.0000
24763;2023-03-10 08:10:48.640000;1;105304;1;1;5800.0000;1;1167.0000;None;12600.0000
24764;2023-03-10 08:14:10.780000;1;101965;1;1;33800.0000;1;3759.0000;None;40600.0000
24764;2023-03-10 08:14:10.780000;1;100515;1;1;0.0000;1;3759.0000;None;40600.0000
24764;2023-03-10 08:14:10.780000;6;102646;2;1;0.0000;1;3759.0000;None;40600.0000
24764;2023-03-10 08:14:10.780000;6;100523;1;1;0.0000;1;3759.0000;None;40600.0000
24764;2023-03-10 08:14:10.780000;6;100519;1;1;0.0000;1;3759.0000;None;40600.0000
24764;2023-03-10 08:14:10.780000;3;100606;1;1;6800.0000;1;3759.0000;None;40600.0000
24765;2023-03-10 08:23:38.697000;1;100995;1;1;10800.0000;1;4333.0000;None;46800.0000
24765;2023-03-10 08:23:38.697000;1;100995;1;1;10800.0000;1;4333.0000;None;46800.0000
24765;2023-03-10 08:23:38.697000;1;102561;1;1;9800.0000;1;4333.0000;None;46800.0000
24765;2023-03-10 08:23:38.697000;3;102649;1;1;5800.0000;1;4333.0000;None;46800.0000
24765;2023-03-10 08:23:38.697000;3;100614;1;1;5800.0000;1;4333.0000;None;46800.0000
24765;2023-03-10 08:24:35.903000;3;103904;1;1;3800.0000;1;4333.0000;None;46800.0000
24766;2023-03-10 08:29:07.267000;3;100614;1;1;5800.0000;1;4778.0000;None;51600.0000
24766;2023-03-10 08:40:28.627000;3;102635;1;1;8800.0000;1;4778.0000;None;51600.0000
24766;2023-03-10 08:40:28.627000;3;103904;1;1;3800.0000;1;4778.0000;None;51600.0000
24766;2023-03-10 08:40:37.357000;3;102737;1;1;2800.0000;1;4778.0000;None;51600.0000
24766;2023-03-10 09:23:13.980000;1;100995;1;1;10800.0000;1;4778.0000;None;51600.0000
24766;2023-03-10 09:23:13.980000;1;100995;1;1;10800.0000;1;4778.0000;None;51600.0000
24766;2023-03-10 09:41:00.930000;3;102635;1;1;8800.0000;1;4778.0000;None;51600.0000
24766;2023-03-10 09:41:00.930000;7;2002;1;1;0.0000;1;4778.0000;None;51600.0000
24767;2023-03-10 08:34:39.283000;1;101666;1;1;20800.0000;1;19796.0000;None;213800.0000
24767;2023-03-10 08:34:39.283000;1;103268;1;1;16800.0000;1;19796.0000;None;213800.0000
24767;2023-03-10 08:34:39.283000;1;103307;1;1;31800.0000;1;19796.0000;None;213800.0000
24767;2023-03-10 08:34:39.283000;1;102554;1;1;9800.0000;1;19796.0000;None;213800.0000
24767;2023-03-10 08:34:39.283000;1;102554;1;1;9800.0000;1;19796.0000;None;213800.0000
24767;2023-03-10 08:34:39.283000;3;100606;1;1;6800.0000;1;19796.0000;None;213800.0000
24767;2023-03-10 08:34:39.283000;3;100614;1;1;5800.0000;1;19796.0000;None;213800.0000
24767;2023-03-10 08:34:39.283000;3;100614;1;1;5800.0000;1;19796.0000;None;213800.0000
24767;2023-03-10 08:34:39.283000;3;100614;1;1;5800.0000;1;19796.0000;None;213800.0000
24767;2023-03-10 08:34:39.283000;3;100606;1;1;6800.0000;1;19796.0000;None;213800.0000
24767;2023-03-10 08:34:39.283000;6;104782;1;1;2000.0000;1;19796.0000;None;213800.0000
24767;2023-03-10 08:34:39.283000;3;200644;1;1;5800.0000;1;19796.0000;None;213800.0000
24767;2023-03-10 08:34:39.283000;3;102635;1;1;8800.0000;1;19796.0000;None;213800.0000
24767;2023-03-10 08:40:18.710000;1;103307;1;1;31800.0000;1;19796.0000;None;213800.0000
24767;2023-03-10 08:40:18.710000;1;101502;1;1;0.0000;1;19796.0000;None;213800.0000
24767;2023-03-10 08:40:18.710000;1;102554;1;1;9800.0000;1;19796.0000;None;213800.0000
24767;2023-03-10 08:40:18.710000;7;1049;1;1;0.0000;1;19796.0000;None;213800.0000
24767;2023-03-10 08:40:18.710000;1;102564;1;1;14800.0000;1;19796.0000;None;213800.0000
24767;2023-03-10 08:45:16.457000;1;101666;1;1;20800.0000;1;19796.0000;None;213800.0000
24768;2023-03-10 08:50:23.913000;3;100614;1;1;5800.0000;1;2167.0000;None;23400.0000
24768;2023-03-10 08:50:23.913000;1;100591;1;1;11800.0000;1;2167.0000;None;23400.0000
24768;2023-03-10 09:13:46.587000;3;201146;1;1;5800.0000;1;2167.0000;None;23400.0000
24769;2023-03-10 09:10:56.470000;3;100614;1;1;5800.0000;1;3444.0000;None;37200.0000
24769;2023-03-10 09:10:56.470000;3;102102;1;1;9800.0000;1;3444.0000;None;37200.0000
24769;2023-03-10 09:10:56.470000;7;2026;1;1;0.0000;1;3444.0000;None;37200.0000
24769;2023-03-10 09:10:56.470000;3;102651;1;1;9800.0000;1;3444.0000;None;37200.0000
24769;2023-03-10 09:10:56.470000;3;103734;1;1;11800.0000;1;3444.0000;None;37200.0000
24769;2023-03-10 09:10:56.470000;7;1207;1;1;0.0000;1;3444.0000;None;37200.0000
24770;2023-03-10 09:11:56.357000;3;100606;1;1;6800.0000;1;1444.0000;None;15600.0000
24770;2023-03-10 09:11:56.357000;6;104782;1;1;2000.0000;1;1444.0000;None;15600.0000
24770;2023-03-10 09:11:56.357000;3;100606;1;1;6800.0000;1;1444.0000;None;15600.0000
24771;2023-03-10 09:15:16.653000;3;100614;1;1;5800.0000;1;1074.0000;None;11600.0000
24771;2023-03-10 09:15:16.653000;3;100614;1;1;5800.0000;1;1074.0000;None;11600.0000
24772;2023-03-10 09:23:02.987000;3;100606;1;1;6800.0000;1;1444.0000;None;15600.0000
24772;2023-03-10 09:23:02.987000;1;100625;1;1;8800.0000;1;1444.0000;None;15600.0000
24773;2023-03-10 09:37:50.177000;1;103365;1;1;7800.0000;1;3852.0000;None;41600.0000
24773;2023-03-10 09:38:13.703000;1;101965;1;1;33800.0000;1;3852.0000;None;41600.0000
24773;2023-03-10 09:38:13.703000;6;101405;1;1;0.0000;1;3852.0000;None;41600.0000
24773;2023-03-10 09:38:13.703000;6;102629;2;1;0.0000;1;3852.0000;None;41600.0000
24773;2023-03-10 09:38:13.703000;6;100523;1;1;0.0000;1;3852.0000;None;41600.0000
24773;2023-03-10 09:38:13.703000;7;1135;1;1;0.0000;1;3852.0000;None;41600.0000
24773;2023-03-10 09:38:13.703000;6;108363;1;1;0.0000;1;3852.0000;None;41600.0000
24774;2023-03-10 09:48:52.950000;1;108351;1;1;21800.0000;1;5926.0000;None;64000.0000
24774;2023-03-10 09:48:52.950000;1;105149;1;1;0.0000;1;5926.0000;None;64000.0000
24774;2023-03-10 09:48:52.950000;7;1135;1;1;0.0000;1;5926.0000;None;64000.0000
24774;2023-03-10 09:48:52.950000;1;108351;1;1;21800.0000;1;5926.0000;None;64000.0000
24774;2023-03-10 09:48:52.950000;1;105149;1;1;0.0000;1;5926.0000;None;64000.0000
24774;2023-03-10 09:48:52.950000;7;1135;1;1;0.0000;1;5926.0000;None;64000.0000
24774;2023-03-10 09:48:52.950000;3;102649;1;1;5800.0000;1;5926.0000;None;64000.0000
24774;2023-03-10 09:48:52.950000;3;100606;1;1;6800.0000;1;5926.0000;None;64000.0000
24774;2023-03-10 09:48:52.950000;6;104782;1;1;2000.0000;1;5926.0000;None;64000.0000
24774;2023-03-10 09:50:35.530000;3;102112;1;1;5800.0000;1;5926.0000;None;64000.0000
24776;2023-03-10 10:01:56.430000;1;100995;1;1;10800.0000;1;2352.0000;None;25400.0000
24776;2023-03-10 10:01:56.430000;1;105490;1;1;10800.0000;1;2352.0000;None;25400.0000
24776;2023-03-10 10:01:56.430000;7;1135;1;1;0.0000;1;2352.0000;None;25400.0000
24776;2023-03-10 10:01:56.430000;7;1135;1;1;0.0000;1;2352.0000;None;25400.0000
24776;2023-03-10 10:01:56.430000;1;102132;1;1;3800.0000;1;2352.0000;None;25400.0000
24778;2023-03-10 10:06:42.710000;3;100606;1;1;6800.0000;1;2889.0000;None;31200.0000
24778;2023-03-10 10:06:42.710000;3;100606;1;1;6800.0000;1;2889.0000;None;31200.0000
24778;2023-03-10 10:06:42.710000;1;100625;1;1;8800.0000;1;2889.0000;None;31200.0000
24778;2023-03-10 10:06:42.710000;1;100625;1;1;8800.0000;1;2889.0000;None;31200.0000
24779;2023-03-10 10:10:05.100000;3;102635;1;1;8800.0000;1;1722.0000;None;18600.0000
24779;2023-03-10 10:10:05.100000;3;100613;1;1;5800.0000;1;1722.0000;None;18600.0000
24779;2023-03-10 10:10:05.100000;1;105178;1;1;4000.0000;1;1722.0000;None;18600.0000
24780;2023-03-10 10:12:41.443000;3;107358;1;1;21800.0000;1;7796.0000;None;84200.0000
24780;2023-03-10 10:12:41.443000;3;107358;1;1;21800.0000;1;7796.0000;None;84200.0000
24780;2023-03-10 10:12:41.443000;3;100614;1;1;5800.0000;1;7796.0000;None;84200.0000
24780;2023-03-10 10:12:41.443000;3;100614;1;1;5800.0000;1;7796.0000;None;84200.0000
24780;2023-03-10 10:12:41.443000;3;201146;1;1;5800.0000;1;7796.0000;None;84200.0000
24780;2023-03-10 10:12:41.443000;7;2002;1;1;0.0000;1;7796.0000;None;84200.0000
24780;2023-03-10 10:44:16.687000;3;100614;1;1;5800.0000;1;7796.0000;None;84200.0000
24780;2023-03-10 11:55:12.477000;3;100614;1;1;5800.0000;1;7796.0000;None;84200.0000
24780;2023-03-10 12:15:30.477000;3;100614;1;1;5800.0000;1;7796.0000;None;84200.0000
24780;2023-03-10 12:28:26.700000;3;201146;1;1;5800.0000;1;7796.0000;None;84200.0000
24781;2023-03-10 10:14:46.507000;1;106343;1;1;18800.0000;1;3444.0000;None;37200.0000
24781;2023-03-10 10:14:46.507000;3;102649;1;1;5800.0000;1;3444.0000;None;37200.0000
24781;2023-03-10 10:14:46.507000;3;102649;1;1;5800.0000;1;3444.0000;None;37200.0000
24781;2023-03-10 10:14:46.507000;1;100630;1;1;6800.0000;1;3444.0000;None;37200.0000
24782;2023-03-10 10:18:13.953000;1;101965;1;1;33800.0000;1;3130.0000;None;33800.0000
24782;2023-03-10 10:18:13.953000;1;100515;1;1;0.0000;1;3130.0000;None;33800.0000
24782;2023-03-10 10:18:13.953000;7;1135;1;1;0.0000;1;3130.0000;None;33800.0000
24782;2023-03-10 10:18:13.953000;6;102629;2;1;0.0000;1;3130.0000;None;33800.0000
24782;2023-03-10 10:18:13.953000;6;100523;1;1;0.0000;1;3130.0000;None;33800.0000
24782;2023-03-10 10:18:13.953000;6;100519;1;1;0.0000;1;3130.0000;None;33800.0000
24783;2023-03-10 10:28:02.393000;3;100614;1;1;5800.0000;1;5963.0000;None;64400.0000
24783;2023-03-10 10:28:02.393000;3;100614;1;1;5800.0000;1;5963.0000;None;64400.0000
24783;2023-03-10 10:28:02.393000;1;100995;1;1;10800.0000;1;5963.0000;None;64400.0000
24783;2023-03-10 10:38:46.677000;1;102561;1;1;9800.0000;1;5963.0000;None;64400.0000
24783;2023-03-10 10:38:46.677000;1;102561;1;1;9800.0000;1;5963.0000;None;64400.0000
24783;2023-03-10 10:50:51.690000;3;100614;1;1;5800.0000;1;5963.0000;None;64400.0000
24783;2023-03-10 10:50:51.690000;3;100614;1;1;5800.0000;1;5963.0000;None;64400.0000
24783;2023-03-10 10:51:04.280000;1;100995;1;1;10800.0000;1;5963.0000;None;64400.0000
24785;2023-03-10 10:32:10.977000;2;201615;1;1;13800.0000;1;1278.0000;None;13800.0000
24786;2023-03-10 10:31:38.773000;3;102115;1;1;9800.0000;1;2074.0000;None;22400.0000
24786;2023-03-10 10:43:36.440000;1;109239;1;1;6800.0000;1;2074.0000;None;22400.0000
24786;2023-03-10 10:52:24.910000;3;100614;1;1;5800.0000;1;2074.0000;None;22400.0000
24787;2023-03-10 10:35:24.777000;1;103366;1;1;7800.0000;1;1796.0000;None;19400.0000
24787;2023-03-10 10:35:24.777000;7;2049;1;1;0.0000;1;1796.0000;None;19400.0000
24787;2023-03-10 10:52:19.607000;3;100596;1;1;5800.0000;1;1796.0000;None;19400.0000
24787;2023-03-10 10:52:19.607000;3;100596;1;1;5800.0000;1;1796.0000;None;19400.0000
24788;2023-03-10 09:56:45.513000;3;100999;1;1;5800.0000;1;2611.0000;None;28200.0000
24788;2023-03-10 10:42:26.330000;1;100995;1;1;10800.0000;1;2611.0000;None;28200.0000
24788;2023-03-10 10:42:26.330000;3;100614;1;1;5800.0000;1;2611.0000;None;28200.0000
24788;2023-03-10 10:42:26.330000;7;2089;1;1;0.0000;1;2611.0000;None;28200.0000
24788;2023-03-10 11:19:05.980000;3;100614;1;1;5800.0000;1;2611.0000;None;28200.0000
24789;2023-03-10 10:45:39.327000;3;100606;1;1;6800.0000;1;1259.0000;None;13600.0000
24789;2023-03-10 10:45:39.327000;3;100606;1;1;6800.0000;1;1259.0000;None;13600.0000
24790;2023-03-10 10:54:49.120000;1;201566;1;1;39800.0000;1;None;None;41600.0000
24790;2023-03-10 10:54:49.120000;1;100515;1;1;0.0000;1;None;None;41600.0000
24790;2023-03-10 10:54:49.120000;6;102629;2;1;0.0000;1;None;None;41600.0000
24790;2023-03-10 10:54:49.120000;1;105169;1;1;0.0000;1;None;None;41600.0000
24790;2023-03-10 10:54:49.120000;1;108312;1;1;0.0000;1;None;None;41600.0000
24790;2023-03-10 10:54:49.120000;1;105199;1;1;1800.0000;1;None;None;41600.0000
24791;2023-03-10 10:58:49.487000;1;102558;1;1;11800.0000;1;2167.0000;None;23400.0000
24791;2023-03-10 10:58:49.487000;7;1135;1;1;0.0000;1;2167.0000;None;23400.0000
24791;2023-03-10 10:58:49.487000;3;100614;1;1;5800.0000;1;2167.0000;None;23400.0000
24791;2023-03-10 10:58:49.487000;3;100999;1;1;5800.0000;1;2167.0000;None;23400.0000
24791;2023-03-10 10:58:49.487000;7;1207;1;1;0.0000;1;2167.0000;None;23400.0000
24792;2023-03-10 11:08:26.607000;3;100596;1;1;5800.0000;1;537.0000;None;5800.0000
24792;2023-03-10 11:08:26.607000;7;1207;1;1;0.0000;1;537.0000;None;5800.0000
24793;2023-03-10 11:12:28.357000;3;100614;1;1;5800.0000;1;2074.0000;None;22400.0000
24793;2023-03-10 11:58:06.837000;1;100995;1;1;10800.0000;1;2074.0000;None;22400.0000
24793;2023-03-10 11:58:45.980000;3;100614;1;1;5800.0000;1;2074.0000;None;22400.0000
24793;2023-03-10 11:58:45.980000;7;2062;1;1;0.0000;1;2074.0000;None;22400.0000
24794;2023-03-10 11:14:29.607000;3;100606;1;1;6800.0000;1;630.0000;None;6800.0000
24795;2023-03-10 11:19:21.920000;3;100614;1;1;5800.0000;1;537.0000;None;5800.0000
24796;2023-03-10 11:30:30.720000;3;100607;1;1;6800.0000;1;2352.0000;None;25400.0000
24796;2023-03-10 11:30:30.720000;7;2052;1;1;0.0000;1;2352.0000;None;25400.0000
24796;2023-03-10 11:30:30.720000;7;2052;1;1;0.0000;1;2352.0000;None;25400.0000
24796;2023-03-10 11:30:30.720000;7;1207;1;1;0.0000;1;2352.0000;None;25400.0000
24796;2023-03-10 11:30:30.720000;1;100995;1;1;10800.0000;1;2352.0000;None;25400.0000
24796;2023-03-10 11:30:30.720000;1;104776;1;1;1000.0000;1;2352.0000;None;25400.0000
24796;2023-03-10 11:59:15.383000;3;100607;1;1;6800.0000;1;2352.0000;None;25400.0000
24797;2023-03-10 11:36:32.530000;3;100614;1;1;5800.0000;1;None;None;52000.0000
24797;2023-03-10 11:36:32.530000;3;100606;1;1;6800.0000;1;None;None;52000.0000
24797;2023-03-10 11:36:32.530000;7;2034;1;1;0.0000;1;None;None;52000.0000
24797;2023-03-10 11:36:32.530000;1;101068;1;1;4800.0000;1;None;None;52000.0000
24797;2023-03-10 11:36:32.530000;1;101069;1;1;2800.0000;1;None;None;52000.0000
24797;2023-03-10 11:39:19.297000;1;103307;1;1;31800.0000;1;None;None;52000.0000
24799;2023-03-10 12:09:30.827000;3;100606;1;1;6800.0000;1;2870.0000;None;31000.0000
24799;2023-03-10 12:09:30.827000;3;100606;1;1;6800.0000;1;2870.0000;None;31000.0000
24799;2023-03-10 12:09:30.827000;1;103102;1;1;7800.0000;1;2870.0000;None;31000.0000
24799;2023-03-10 12:09:30.827000;1;104690;1;1;4800.0000;1;2870.0000;None;31000.0000
24799;2023-03-10 12:09:30.827000;1;102003;1;1;4800.0000;1;2870.0000;None;31000.0000
24800;2023-03-10 12:35:20.110000;3;100606;1;1;6800.0000;1;4056.0000;None;43800.0000
24800;2023-03-10 12:35:20.110000;3;100606;1;1;6800.0000;1;4056.0000;None;43800.0000
24800;2023-03-10 12:35:20.110000;3;102631;1;1;7800.0000;1;4056.0000;None;43800.0000
24800;2023-03-10 12:35:20.110000;7;1207;1;1;0.0000;1;4056.0000;None;43800.0000
24800;2023-03-10 12:35:20.110000;1;104747;1;1;7800.0000;1;4056.0000;None;43800.0000
24800;2023-03-10 12:35:20.110000;1;100630;1;1;6800.0000;1;4056.0000;None;43800.0000
24800;2023-03-10 12:35:20.110000;1;106066;1;1;7800.0000;1;4056.0000;None;43800.0000
24803;2023-03-10 13:41:32.683000;3;100615;1;1;8800.0000;1;1444.0000;None;15600.0000
24803;2023-03-10 13:41:32.683000;3;100606;1;1;6800.0000;1;1444.0000;None;15600.0000
24804;2023-03-10 14:05:19.770000;3;200644;1;1;5800.0000;1;1259.0000;None;13600.0000
24804;2023-03-10 14:10:14.310000;3;100596;1;1;5800.0000;1;1259.0000;None;13600.0000
24804;2023-03-10 14:10:14.310000;7;2094;1;1;0.0000;1;1259.0000;None;13600.0000
24804;2023-03-10 14:15:01.457000;1;104749;1;1;1000.0000;1;1259.0000;None;13600.0000
24804;2023-03-10 14:15:01.457000;1;104749;1;1;1000.0000;1;1259.0000;None;13600.0000
24805;2023-03-10 14:07:05.450000;3;100607;1;1;6800.0000;1;3000.0000;None;32400.0000
24805;2023-03-10 14:07:05.450000;3;101332;1;1;10800.0000;1;3000.0000;None;32400.0000
24805;2023-03-10 14:07:05.450000;1;103248;1;1;14800.0000;1;3000.0000;None;32400.0000
24805;2023-03-10 14:07:05.450000;1;101502;1;1;0.0000;1;3000.0000;None;32400.0000
24807;2023-03-10 14:17:06.453000;3;100607;1;1;6800.0000;1;3722.0000;None;40200.0000
24807;2023-03-10 14:17:06.453000;1;100591;1;1;11800.0000;1;3722.0000;None;40200.0000
24807;2023-03-10 14:17:06.453000;3;102115;1;1;9800.0000;1;3722.0000;None;40200.0000
24807;2023-03-10 14:19:53.940000;1;100591;1;1;11800.0000;1;3722.0000;None;40200.0000
24808;2023-03-10 14:22:53.320000;3;100614;1;1;5800.0000;1;1981.0000;None;21400.0000
24808;2023-03-10 14:22:53.320000;7;2052;1;1;0.0000;1;1981.0000;None;21400.0000
24808;2023-03-10 14:22:53.320000;7;2052;1;1;0.0000;1;1981.0000;None;21400.0000
24808;2023-03-10 14:22:53.320000;3;102102;1;1;9800.0000;1;1981.0000;None;21400.0000
24808;2023-03-10 14:22:53.320000;3;200644;1;1;5800.0000;1;1981.0000;None;21400.0000
24809;2023-03-10 14:35:26.720000;3;102639;1;1;8800.0000;1;6389.0000;None;69000.0000
24809;2023-03-10 14:35:26.720000;2;101030;1;1;14800.0000;1;6389.0000;None;69000.0000
24809;2023-03-10 14:35:26.720000;7;1207;1;1;0.0000;1;6389.0000;None;69000.0000
24809;2023-03-10 15:10:02.877000;3;102639;1;1;8800.0000;1;6389.0000;None;69000.0000
24809;2023-03-10 15:10:02.877000;7;1207;1;1;0.0000;1;6389.0000;None;69000.0000
24809;2023-03-10 15:10:02.877000;2;101030;1;1;14800.0000;1;6389.0000;None;69000.0000
24809;2023-03-10 15:10:02.877000;7;1207;1;1;0.0000;1;6389.0000;None;69000.0000
24809;2023-03-10 15:12:22.337000;1;108351;1;1;21800.0000;1;6389.0000;None;69000.0000
24809;2023-03-10 15:12:22.337000;1;105149;1;1;0.0000;1;6389.0000;None;69000.0000
24810;2023-03-10 14:59:30.927000;3;100606;1;1;6800.0000;1;1259.0000;None;13600.0000
24810;2023-03-10 14:59:30.927000;1;103996;1;1;6800.0000;1;1259.0000;None;13600.0000
24811;2023-03-10 15:04:34.127000;3;101219;1;1;10800.0000;1;3111.0000;None;33600.0000
24811;2023-03-10 15:04:34.127000;6;105082;1;1;2000.0000;1;3111.0000;None;33600.0000
24811;2023-03-10 15:04:34.127000;2;101678;1;1;20800.0000;1;3111.0000;None;33600.0000
24812;2023-03-10 15:04:52.530000;3;100614;1;1;5800.0000;1;2241.0000;None;24200.0000
24812;2023-03-10 15:04:52.530000;7;1207;1;1;0.0000;1;2241.0000;None;24200.0000
24812;2023-03-10 15:04:52.530000;3;100999;1;1;5800.0000;1;2241.0000;None;24200.0000
24812;2023-03-10 15:04:52.530000;7;1207;1;1;0.0000;1;2241.0000;None;24200.0000
24812;2023-03-10 15:12:06.897000;3;100607;1;1;6800.0000;1;2241.0000;None;24200.0000
24812;2023-03-10 15:44:01.010000;3;100614;1;1;5800.0000;1;2241.0000;None;24200.0000
24813;2023-03-10 14:02:56.253000;6;105082;1;1;2000.0000;1;None;None;2000.0000
24815;2023-03-10 15:53:25.673000;3;100607;1;1;6800.0000;1;2167.0000;None;23400.0000
24815;2023-03-10 15:53:25.673000;1;100995;1;1;10800.0000;1;2167.0000;None;23400.0000
24815;2023-03-10 15:53:25.673000;3;201221;1;1;5800.0000;1;2167.0000;None;23400.0000
24816;2023-03-10 16:13:36.093000;3;100999;1;1;5800.0000;1;1074.0000;None;11600.0000
24816;2023-03-10 16:13:36.093000;7;1207;1;1;0.0000;1;1074.0000;None;11600.0000
24816;2023-03-10 16:13:36.093000;3;100614;1;1;5800.0000;1;1074.0000;None;11600.0000
24817;2023-03-10 16:17:48.300000;3;100599;1;1;4800.0000;1;None;None;4800.0000
24818;2023-03-10 16:28:51.173000;3;100613;1;1;5800.0000;1;1074.0000;None;11600.0000
24818;2023-03-10 16:28:51.173000;3;100614;1;1;5800.0000;1;1074.0000;None;11600.0000
24819;2023-03-10 16:57:30.313000;3;102115;1;1;9800.0000;1;907.0000;None;9800.0000
24820;2023-03-10 16:58:03.403000;3;100615;1;1;8800.0000;1;4796.0000;None;51800.0000
24820;2023-03-10 16:58:03.403000;3;100615;1;1;8800.0000;1;4796.0000;None;51800.0000
24820;2023-03-10 16:58:03.403000;3;100615;1;1;8800.0000;1;4796.0000;None;51800.0000
24820;2023-03-10 16:58:03.403000;1;102003;1;1;4800.0000;1;4796.0000;None;51800.0000
24820;2023-03-10 16:58:03.403000;1;104690;1;1;4800.0000;1;4796.0000;None;51800.0000
24820;2023-03-10 17:14:04.633000;1;104004;1;1;15800.0000;1;4796.0000;None;51800.0000
24821;2023-03-10 17:24:11.340000;2;201187;1;1;9800.0000;1;5444.0000;None;58800.0000
24821;2023-03-10 17:43:19.820000;2;201187;1;1;9800.0000;1;5444.0000;None;58800.0000
24821;2023-03-10 18:03:17.393000;2;201187;1;1;9800.0000;1;5444.0000;None;58800.0000
24821;2023-03-10 18:29:27.960000;2;201187;1;1;9800.0000;1;5444.0000;None;58800.0000
24821;2023-03-10 18:44:52.937000;2;201187;1;1;9800.0000;1;5444.0000;None;58800.0000
24821;2023-03-10 19:08:01.427000;2;201187;1;1;9800.0000;1;5444.0000;None;58800.0000
24822;2023-03-10 17:25:11.430000;3;100606;1;1;6800.0000;1;1259.0000;None;13600.0000
24822;2023-03-10 17:30:26.117000;3;100606;1;1;6800.0000;1;1259.0000;None;13600.0000
24823;2023-03-10 17:43:45.030000;2;201615;1;1;13800.0000;1;1278.0000;None;13800.0000
