7907;2023-03-11 09:15:36.837000;1;100995;1;1;10800.0000;1;None;None;10800.0000
7908;2023-03-11 09:41:36.007000;1;109435;1;1;12000.0000;1;None;None;24000.0000
7908;2023-03-11 09:41:36.007000;6;109438;1;1;0.0000;1;None;None;24000.0000
7908;2023-03-11 09:41:36.007000;6;100523;2;1;0.0000;1;None;None;24000.0000
7908;2023-03-11 09:41:36.007000;6;107314;4;1;0.0000;1;None;None;24000.0000
7908;2023-03-11 09:41:36.007000;1;101633;1;1;0.0000;1;None;None;24000.0000
7908;2023-03-11 09:41:36.007000;1;109435;1;1;12000.0000;1;None;None;24000.0000
7908;2023-03-11 09:41:36.007000;6;109438;1;1;0.0000;1;None;None;24000.0000
7908;2023-03-11 09:41:36.007000;6;100523;2;1;0.0000;1;None;None;24000.0000
7908;2023-03-11 09:41:36.007000;6;107314;4;1;0.0000;1;None;None;24000.0000
7908;2023-03-11 09:41:36.007000;1;101633;1;1;0.0000;1;None;None;24000.0000
7909;2023-03-11 10:05:56.750000;3;102102;1;1;9800.0000;1;None;None;17800.0000
7909;2023-03-11 10:05:56.750000;1;105175;1;1;4000.0000;1;None;None;17800.0000
7909;2023-03-11 10:05:56.750000;1;105178;1;1;4000.0000;1;None;None;17800.0000
7910;2023-03-11 10:26:38.933000;3;100614;1;1;5800.0000;1;1074.0000;None;11600.0000
7910;2023-03-11 10:26:38.933000;7;2046;1;1;0.0000;1;1074.0000;None;11600.0000
7910;2023-03-11 10:26:38.933000;3;201269;1;1;5800.0000;1;1074.0000;None;11600.0000
7910;2023-03-11 10:26:38.933000;7;2002;1;1;0.0000;1;1074.0000;None;11600.0000
7911;2023-03-11 11:33:18.577000;1;102415;1;1;2800.0000;1;None;None;19400.0000
7911;2023-03-11 11:33:18.577000;1;102415;1;1;2800.0000;1;None;None;19400.0000
7911;2023-03-11 11:33:18.577000;1;102415;1;1;2800.0000;1;None;None;19400.0000
7911;2023-03-11 11:33:18.577000;1;102908;1;1;5500.0000;1;None;None;19400.0000
7911;2023-03-11 11:33:18.577000;1;102908;1;1;5500.0000;1;None;None;19400.0000
7912;2023-03-11 11:43:36.060000;1;104274;1;1;3800.0000;1;None;None;21000.0000
7912;2023-03-11 11:43:36.060000;1;104274;1;1;3800.0000;1;None;None;21000.0000
7912;2023-03-11 11:43:36.060000;1;108269;1;1;5800.0000;1;None;None;21000.0000
7912;2023-03-11 11:43:36.060000;1;100590;1;1;4800.0000;1;None;None;21000.0000
7912;2023-03-11 11:43:36.060000;3;102737;1;1;2800.0000;1;None;None;21000.0000
7913;2023-03-11 12:05:51.593000;1;100625;1;1;8800.0000;1;None;None;8800.0000
7914;2023-03-11 14:32:32.437000;3;100596;1;1;5800.0000;1;None;None;5800.0000
7915;2023-03-11 14:51:34.627000;3;103904;1;1;3800.0000;1;None;None;3800.0000
7915;2023-03-11 14:51:34.627000;7;2034;1;1;0.0000;1;None;None;3800.0000
7915;2023-03-11 14:51:34.627000;7;1207;1;1;0.0000;1;None;None;3800.0000
7916;2023-03-11 15:02:25.103000;1;104690;1;1;4800.0000;1;None;None;21200.0000
7916;2023-03-11 15:02:25.103000;1;104690;1;1;4800.0000;1;None;None;21200.0000
7916;2023-03-11 15:02:25.103000;1;104690;1;1;4800.0000;1;None;None;21200.0000
7916;2023-03-11 15:02:25.103000;1;102003;1;1;4800.0000;1;None;None;21200.0000
7916;2023-03-11 15:02:25.103000;6;104782;1;1;2000.0000;1;None;None;21200.0000
7917;2023-03-11 16:44:24.443000;1;103210;1;1;10800.0000;1;None;None;10800.0000
7918;2023-03-11 17:11:00.663000;1;104958;1;1;8800.0000;1;None;None;17600.0000
7918;2023-03-11 17:11:00.663000;1;104958;1;1;8800.0000;1;None;None;17600.0000
7919;2023-03-11 17:44:41.403000;1;100590;1;1;4800.0000;1;None;None;10600.0000
7919;2023-03-11 17:44:41.403000;1;108269;1;1;5800.0000;1;None;None;10600.0000
16172;2023-03-11 12:38:56.960000;3;102747;1;1;4800.0000;1;444.0000;None;4800.0000
24824;2023-03-11 07:06:53.650000;3;100606;1;1;6800.0000;1;5222.0000;None;56400.0000
24824;2023-03-11 07:06:53.650000;3;102635;1;1;8800.0000;1;5222.0000;None;56400.0000
24824;2023-03-11 07:06:53.650000;1;100590;1;1;4800.0000;1;5222.0000;None;56400.0000
24824;2023-03-11 07:06:53.650000;1;100590;1;1;4800.0000;1;5222.0000;None;56400.0000
24824;2023-03-11 07:18:56.917000;3;100606;1;1;6800.0000;1;5222.0000;None;56400.0000
24824;2023-03-11 07:18:56.917000;3;102102;1;1;9800.0000;1;5222.0000;None;56400.0000
24824;2023-03-11 07:18:56.917000;3;102102;1;1;9800.0000;1;5222.0000;None;56400.0000
24824;2023-03-11 07:18:56.917000;1;100590;1;1;4800.0000;1;5222.0000;None;56400.0000
24825;2023-03-11 07:37:47.400000;3;100614;1;1;5800.0000;1;537.0000;None;5800.0000
24825;2023-03-11 07:37:47.400000;7;2089;1;1;0.0000;1;537.0000;None;5800.0000
24826;2023-03-11 08:24:10.940000;3;100607;1;1;6800.0000;1;1722.0000;None;18600.0000
24826;2023-03-11 08:24:10.940000;1;100591;1;1;11800.0000;1;1722.0000;None;18600.0000
24827;2023-03-11 08:26:37.730000;3;100607;1;1;6800.0000;1;2352.0000;None;25400.0000
24827;2023-03-11 08:26:37.730000;3;100607;1;1;6800.0000;1;2352.0000;None;25400.0000
24827;2023-03-11 08:26:37.730000;1;102558;1;1;11800.0000;1;2352.0000;None;25400.0000
24828;2023-03-11 08:27:22.857000;3;102115;1;1;9800.0000;1;2722.0000;None;29400.0000
24828;2023-03-11 08:27:22.857000;3;102102;1;1;9800.0000;1;2722.0000;None;29400.0000
24828;2023-03-11 08:45:03.890000;3;102102;1;1;9800.0000;1;2722.0000;None;29400.0000
24829;2023-03-11 08:40:05;3;100606;1;1;6800.0000;1;630.0000;None;6800.0000
24830;2023-03-11 08:54:17.487000;1;104274;1;1;3800.0000;1;889.0000;None;9600.0000
24830;2023-03-11 08:54:17.487000;7;1131;1;1;0.0000;1;889.0000;None;9600.0000
24830;2023-03-11 08:54:17.487000;3;100614;1;1;5800.0000;1;889.0000;None;9600.0000
24830;2023-03-11 08:54:17.487000;7;2049;1;1;0.0000;1;889.0000;None;9600.0000
24831;2023-03-11 09:03:00.983000;3;101332;1;1;10800.0000;1;3000.0000;None;32400.0000
24831;2023-03-11 09:03:00.983000;1;100995;1;1;10800.0000;1;3000.0000;None;32400.0000
24831;2023-03-11 09:14:12.037000;3;101332;1;1;10800.0000;1;3000.0000;None;32400.0000
24832;2023-03-11 09:18:05.203000;3;100999;1;1;5800.0000;1;537.0000;None;5800.0000
24833;2023-03-11 09:18:11.923000;3;102115;1;1;9800.0000;1;907.0000;None;9800.0000
24835;2023-03-11 09:28:30.520000;3;100614;1;1;5800.0000;1;537.0000;None;5800.0000
24835;2023-03-11 09:28:30.520000;7;2089;1;1;0.0000;1;537.0000;None;5800.0000
24836;2023-03-11 09:32:04.830000;1;101965;1;1;33800.0000;1;3130.0000;None;33800.0000
24836;2023-03-11 09:32:04.830000;6;101405;1;1;0.0000;1;3130.0000;None;33800.0000
24836;2023-03-11 09:32:04.830000;6;102629;2;1;0.0000;1;3130.0000;None;33800.0000
24836;2023-03-11 09:32:04.830000;6;100523;1;1;0.0000;1;3130.0000;None;33800.0000
24836;2023-03-11 09:32:04.830000;7;1135;1;1;0.0000;1;3130.0000;None;33800.0000
24836;2023-03-11 09:32:04.830000;6;100519;1;1;0.0000;1;3130.0000;None;33800.0000
24837;2023-03-11 09:32:16.910000;3;100613;1;1;5800.0000;1;1519.0000;None;16400.0000
24837;2023-03-11 09:32:16.910000;1;105304;1;1;5800.0000;1;1519.0000;None;16400.0000
24837;2023-03-11 09:47:48.030000;1;100590;1;1;4800.0000;1;1519.0000;None;16400.0000
24838;2023-03-11 09:37:40.993000;3;107358;1;1;21800.0000;1;4574.0000;None;49400.0000
24838;2023-03-11 09:37:40.993000;1;101666;1;1;20800.0000;1;4574.0000;None;49400.0000
24838;2023-03-11 09:37:40.993000;7;1020;1;1;0.0000;1;4574.0000;None;49400.0000
24838;2023-03-11 09:37:40.993000;3;100606;1;1;6800.0000;1;4574.0000;None;49400.0000
24838;2023-03-11 09:37:40.993000;7;2062;1;1;0.0000;1;4574.0000;None;49400.0000
24839;2023-03-11 09:48:45.003000;3;100606;1;1;6800.0000;1;5444.0000;None;58800.0000
24839;2023-03-11 09:48:45.003000;3;102115;1;1;9800.0000;1;5444.0000;None;58800.0000
24839;2023-03-11 09:48:45.003000;1;103367;1;1;11800.0000;1;5444.0000;None;58800.0000
24839;2023-03-11 09:48:45.003000;6;101488;1;1;0.0000;1;5444.0000;None;58800.0000
24839;2023-03-11 09:48:45.003000;6;101524;1;1;0.0000;1;5444.0000;None;58800.0000
24839;2023-03-11 09:48:45.003000;6;101543;1;1;0.0000;1;5444.0000;None;58800.0000
24839;2023-03-11 09:48:45.003000;1;103971;1;1;9800.0000;1;5444.0000;None;58800.0000
24839;2023-03-11 09:48:45.003000;6;108363;1;1;0.0000;1;5444.0000;None;58800.0000
24839;2023-03-11 09:48:45.003000;1;102564;1;1;14800.0000;1;5444.0000;None;58800.0000
24839;2023-03-11 10:21:05.507000;3;100596;1;1;5800.0000;1;5444.0000;None;58800.0000
24840;2023-03-11 09:50:58.760000;3;100614;1;1;5800.0000;1;1796.0000;None;19400.0000
24840;2023-03-11 09:50:58.760000;3;100607;1;1;6800.0000;1;1796.0000;None;19400.0000
24840;2023-03-11 09:50:58.760000;3;100607;1;1;6800.0000;1;1796.0000;None;19400.0000
24841;2023-03-11 09:57:43.427000;3;100614;1;1;5800.0000;1;4593.0000;None;49600.0000
24841;2023-03-11 09:57:43.427000;3;103904;1;1;3800.0000;1;4593.0000;None;49600.0000
24841;2023-03-11 09:57:43.427000;3;102649;1;1;5800.0000;1;4593.0000;None;49600.0000
24841;2023-03-11 09:57:43.427000;1;102561;1;1;9800.0000;1;4593.0000;None;49600.0000
24841;2023-03-11 09:57:43.427000;1;102554;1;1;9800.0000;1;4593.0000;None;49600.0000
24841;2023-03-11 09:57:43.427000;7;1155;1;1;0.0000;1;4593.0000;None;49600.0000
24841;2023-03-11 09:57:43.427000;1;102223;1;1;1000.0000;1;4593.0000;None;49600.0000
24841;2023-03-11 09:57:43.427000;1;102223;1;1;1000.0000;1;4593.0000;None;49600.0000
24841;2023-03-11 10:08:17.290000;3;100614;1;1;5800.0000;1;4593.0000;None;49600.0000
24841;2023-03-11 10:08:17.290000;7;2028;1;1;0.0000;1;4593.0000;None;49600.0000
24841;2023-03-11 10:53:37.740000;3;100607;1;1;6800.0000;1;4593.0000;None;49600.0000
24841;2023-03-11 10:53:37.740000;7;2052;1;1;0.0000;1;4593.0000;None;49600.0000
24841;2023-03-11 10:53:37.740000;7;2028;1;1;0.0000;1;4593.0000;None;49600.0000
24842;2023-03-11 10:11:12.597000;1;101965;1;1;33800.0000;1;4204.0000;None;45400.0000
24842;2023-03-11 10:11:12.597000;1;100515;1;1;0.0000;1;4204.0000;None;45400.0000
24842;2023-03-11 10:11:12.597000;6;102646;2;1;0.0000;1;4204.0000;None;45400.0000
24842;2023-03-11 10:11:12.597000;6;100523;1;1;0.0000;1;4204.0000;None;45400.0000
24842;2023-03-11 10:11:12.597000;6;100519;1;1;0.0000;1;4204.0000;None;45400.0000
24842;2023-03-11 10:11:12.597000;1;100590;1;1;4800.0000;1;4204.0000;None;45400.0000
24842;2023-03-11 10:11:12.597000;3;100606;1;1;6800.0000;1;4204.0000;None;45400.0000
24843;2023-03-11 10:13:17.873000;3;100613;1;1;5800.0000;1;1074.0000;None;11600.0000
24843;2023-03-11 10:13:17.873000;3;100613;1;1;5800.0000;1;1074.0000;None;11600.0000
24844;2023-03-11 10:13:28.860000;3;100614;1;1;5800.0000;1;1074.0000;None;11600.0000
24844;2023-03-11 10:13:28.860000;3;100614;1;1;5800.0000;1;1074.0000;None;11600.0000
24844;2023-03-11 10:13:28.860000;7;2049;1;1;0.0000;1;1074.0000;None;11600.0000
24844;2023-03-11 10:13:28.860000;7;2049;1;1;0.0000;1;1074.0000;None;11600.0000
24844;2023-03-11 10:13:28.860000;7;2049;1;1;0.0000;1;1074.0000;None;11600.0000
24845;2023-03-11 10:25:42.593000;3;102112;1;1;5800.0000;1;1074.0000;None;11600.0000
24845;2023-03-11 10:47:56.400000;3;102112;1;1;5800.0000;1;1074.0000;None;11600.0000
24846;2023-03-11 10:33:33.540000;3;100606;1;1;6800.0000;1;2222.0000;None;24000.0000
24846;2023-03-11 10:33:33.540000;1;102148;1;1;1800.0000;1;2222.0000;None;24000.0000
24846;2023-03-11 10:33:33.540000;1;105041;1;1;3800.0000;1;2222.0000;None;24000.0000
24846;2023-03-11 10:33:33.540000;7;1135;1;1;0.0000;1;2222.0000;None;24000.0000
24846;2023-03-11 10:33:33.540000;1;102960;1;1;4800.0000;1;2222.0000;None;24000.0000
24846;2023-03-11 10:33:33.540000;7;1012;1;1;0.0000;1;2222.0000;None;24000.0000
24846;2023-03-11 10:44:47.177000;3;100606;1;1;6800.0000;1;2222.0000;None;24000.0000
24847;2023-03-11 10:34:40.280000;3;100614;1;1;5800.0000;1;537.0000;None;5800.0000
24848;2023-03-11 10:34:59.617000;3;100606;1;1;6800.0000;1;4315.0000;None;46600.0000
24848;2023-03-11 10:34:59.617000;1;100630;1;1;6800.0000;1;4315.0000;None;46600.0000
24848;2023-03-11 10:47:10.347000;3;100606;1;1;6800.0000;1;4315.0000;None;46600.0000
24848;2023-03-11 10:47:10.347000;1;100625;1;1;8800.0000;1;4315.0000;None;46600.0000
24848;2023-03-11 12:45:42.797000;3;100606;1;1;6800.0000;1;4315.0000;None;46600.0000
24848;2023-03-11 12:45:42.797000;3;100614;1;1;5800.0000;1;4315.0000;None;46600.0000
24848;2023-03-11 12:45:42.797000;1;104690;1;1;4800.0000;1;4315.0000;None;46600.0000
24849;2023-03-11 10:40:53.947000;3;100614;1;1;5800.0000;1;537.0000;None;5800.0000
24850;2023-03-11 10:41:19.050000;1;102561;1;1;9800.0000;1;3093.0000;None;33400.0000
24850;2023-03-11 10:41:19.050000;1;105175;1;1;4000.0000;1;3093.0000;None;33400.0000
24850;2023-03-11 10:41:19.050000;3;100607;1;1;6800.0000;1;3093.0000;None;33400.0000
24850;2023-03-11 10:41:19.050000;3;102630;1;1;8800.0000;1;3093.0000;None;33400.0000
24850;2023-03-11 10:59:26.373000;1;105178;1;1;4000.0000;1;3093.0000;None;33400.0000
24851;2023-03-11 10:47:22.737000;1;101965;1;1;33800.0000;1;3667.0000;None;39600.0000
24851;2023-03-11 10:47:22.737000;6;101405;1;1;0.0000;1;3667.0000;None;39600.0000
24851;2023-03-11 10:47:22.737000;6;102646;2;1;0.0000;1;3667.0000;None;39600.0000
24851;2023-03-11 10:47:22.737000;6;100523;1;1;0.0000;1;3667.0000;None;39600.0000
24851;2023-03-11 10:47:22.737000;6;100519;1;1;0.0000;1;3667.0000;None;39600.0000
24851;2023-03-11 11:13:02.480000;3;201146;1;1;5800.0000;1;3667.0000;None;39600.0000
24852;2023-03-11 10:54:13.203000;1;104274;1;1;3800.0000;1;981.0000;None;10600.0000
24852;2023-03-11 10:54:13.203000;3;100606;1;1;6800.0000;1;981.0000;None;10600.0000
24854;2023-03-11 10:57:31.403000;1;103365;1;1;7800.0000;1;4407.0000;None;47600.0000
24854;2023-03-11 11:00:34.390000;1;201566;1;1;39800.0000;1;4407.0000;None;47600.0000
24854;2023-03-11 11:00:34.390000;6;101405;1;1;0.0000;1;4407.0000;None;47600.0000
24854;2023-03-11 11:00:34.390000;6;102629;2;1;0.0000;1;4407.0000;None;47600.0000
24854;2023-03-11 11:00:34.390000;6;105167;1;1;0.0000;1;4407.0000;None;47600.0000
24854;2023-03-11 11:00:34.390000;6;108363;1;1;0.0000;1;4407.0000;None;47600.0000
24856;2023-03-11 11:08:10.803000;3;102635;1;1;8800.0000;1;2519.0000;None;27200.0000
24856;2023-03-11 11:08:10.803000;3;102635;1;1;8800.0000;1;2519.0000;None;27200.0000
24856;2023-03-11 11:08:10.803000;1;100590;1;1;4800.0000;1;2519.0000;None;27200.0000
24856;2023-03-11 11:08:10.803000;1;100590;1;1;4800.0000;1;2519.0000;None;27200.0000
24858;2023-03-11 11:20:58.217000;3;100606;1;1;6800.0000;1;3259.0000;None;35200.0000
24858;2023-03-11 11:20:58.217000;3;100606;1;1;6800.0000;1;3259.0000;None;35200.0000
24858;2023-03-11 11:20:58.217000;1;100995;1;1;10800.0000;1;3259.0000;None;35200.0000
24858;2023-03-11 11:20:58.217000;1;100995;1;1;10800.0000;1;3259.0000;None;35200.0000
24859;2023-03-11 11:29:51.837000;3;102649;1;1;5800.0000;1;4778.0000;None;51600.0000
24859;2023-03-11 11:29:51.837000;7;1207;1;1;0.0000;1;4778.0000;None;51600.0000
24859;2023-03-11 11:29:51.837000;1;108351;1;1;21800.0000;1;4778.0000;None;51600.0000
24859;2023-03-11 11:29:51.837000;1;105149;1;1;0.0000;1;4778.0000;None;51600.0000
24859;2023-03-11 11:29:51.837000;7;1135;1;1;0.0000;1;4778.0000;None;51600.0000
24859;2023-03-11 11:29:51.837000;1;102960;1;1;4800.0000;1;4778.0000;None;51600.0000
24859;2023-03-11 11:29:51.837000;1;102132;1;1;3800.0000;1;4778.0000;None;51600.0000
24859;2023-03-11 11:29:51.837000;7;1022;1;1;0.0000;1;4778.0000;None;51600.0000
24859;2023-03-11 11:29:51.837000;1;102554;1;1;9800.0000;1;4778.0000;None;51600.0000
24859;2023-03-11 11:29:51.837000;7;1155;1;1;0.0000;1;4778.0000;None;51600.0000
24859;2023-03-11 11:29:51.837000;7;1135;1;1;0.0000;1;4778.0000;None;51600.0000
24859;2023-03-11 11:29:51.837000;1;102247;1;1;3800.0000;1;4778.0000;None;51600.0000
24859;2023-03-11 11:29:51.837000;1;102177;1;1;1800.0000;1;4778.0000;None;51600.0000
24859;2023-03-11 11:29:51.837000;7;1135;1;1;0.0000;1;4778.0000;None;51600.0000
24863;2023-03-11 11:04:01.460000;3;102102;1;1;9800.0000;1;2870.0000;None;31000.0000
24863;2023-03-11 11:04:01.460000;7;2001;1;1;0.0000;1;2870.0000;None;31000.0000
24863;2023-03-11 11:04:01.460000;7;2052;1;1;0.0000;1;2870.0000;None;31000.0000
24863;2023-03-11 11:04:01.460000;7;2051;1;1;0.0000;1;2870.0000;None;31000.0000
24863;2023-03-11 11:04:06.760000;1;100590;1;1;4800.0000;1;2870.0000;None;31000.0000
24863;2023-03-11 11:20:06.097000;1;100590;1;1;4800.0000;1;2870.0000;None;31000.0000
24863;2023-03-11 11:20:06.097000;1;100590;1;1;4800.0000;1;2870.0000;None;31000.0000
24863;2023-03-11 11:20:36.660000;3;100606;1;1;6800.0000;1;2870.0000;None;31000.0000
24863;2023-03-11 11:20:36.660000;7;2046;1;1;0.0000;1;2870.0000;None;31000.0000
24864;2023-03-11 11:46:55.370000;3;102635;1;1;8800.0000;1;1630.0000;None;17600.0000
24864;2023-03-11 11:46:55.370000;3;102635;1;1;8800.0000;1;1630.0000;None;17600.0000
24865;2023-03-11 11:52:14.230000;3;102630;1;1;8800.0000;1;4778.0000;None;51600.0000
24865;2023-03-11 11:52:14.230000;3;102639;1;1;8800.0000;1;4778.0000;None;51600.0000
24865;2023-03-11 11:59:01.510000;3;200644;1;1;5800.0000;1;4778.0000;None;51600.0000
24865;2023-03-11 11:59:01.510000;1;102561;1;1;9800.0000;1;4778.0000;None;51600.0000
24865;2023-03-11 11:59:01.510000;7;1135;1;1;0.0000;1;4778.0000;None;51600.0000
24865;2023-03-11 11:59:01.510000;1;100590;1;1;4800.0000;1;4778.0000;None;51600.0000
24865;2023-03-11 12:10:13.883000;1;100590;1;1;4800.0000;1;4778.0000;None;51600.0000
24865;2023-03-11 12:10:40.103000;3;102639;1;1;8800.0000;1;4778.0000;None;51600.0000
24866;2023-03-11 11:54:07.220000;3;102102;1;1;9800.0000;1;907.0000;None;9800.0000
24868;2023-03-11 12:03:43.987000;1;100624;1;1;1000.0000;1;None;None;3800.0000
24868;2023-03-11 12:03:43.987000;1;100624;1;1;1000.0000;1;None;None;3800.0000
24868;2023-03-11 12:03:43.987000;1;102177;1;1;1800.0000;1;None;None;3800.0000
24869;2023-03-11 12:04:14.843000;1;100590;1;1;4800.0000;1;796.0000;None;8600.0000
24869;2023-03-11 12:04:14.843000;3;103904;1;1;3800.0000;1;796.0000;None;8600.0000
24870;2023-03-11 12:15:39.373000;3;100607;1;1;6800.0000;1;1889.0000;None;20400.0000
24870;2023-03-11 17:54:02.453000;3;100628;1;1;6800.0000;1;1889.0000;None;20400.0000
24870;2023-03-11 17:54:02.453000;3;100628;1;1;6800.0000;1;1889.0000;None;20400.0000
24871;2023-03-11 12:47:56.507000;3;200007;1;1;12800.0000;1;2741.0000;None;29600.0000
24871;2023-03-11 12:47:56.507000;1;103268;1;1;16800.0000;1;2741.0000;None;29600.0000
24871;2023-03-11 12:47:56.507000;1;101502;1;1;0.0000;1;2741.0000;None;29600.0000
24872;2023-03-11 13:01:31.250000;3;100999;1;1;5800.0000;1;537.0000;None;5800.0000
24872;2023-03-11 13:01:31.250000;7;1207;1;1;0.0000;1;537.0000;None;5800.0000
24874;2023-03-11 13:42:55.967000;3;100615;1;1;8800.0000;1;2907.0000;None;31400.0000
24874;2023-03-11 13:42:55.967000;3;100606;1;1;6800.0000;1;2907.0000;None;31400.0000
24874;2023-03-11 13:42:55.967000;1;108457;1;1;15800.0000;1;2907.0000;None;31400.0000
24875;2023-03-11 14:58:36.303000;3;102115;1;1;9800.0000;1;907.0000;None;9800.0000
24876;2023-03-11 15:16:35.040000;3;102102;1;1;9800.0000;1;3444.0000;None;37200.0000
24876;2023-03-11 15:16:35.040000;3;100596;1;1;5800.0000;1;3444.0000;None;37200.0000
24876;2023-03-11 15:16:35.040000;3;201269;1;1;5800.0000;1;3444.0000;None;37200.0000
24876;2023-03-11 15:16:35.040000;1;108457;1;1;15800.0000;1;3444.0000;None;37200.0000
24877;2023-03-11 15:25:30.093000;1;101308;1;1;18800.0000;1;2722.0000;None;29400.0000
24877;2023-03-11 15:25:30.093000;3;103904;1;1;3800.0000;1;2722.0000;None;29400.0000
24877;2023-03-11 15:25:30.093000;3;103911;1;1;6800.0000;1;2722.0000;None;29400.0000
24878;2023-03-11 15:30:11.683000;3;100606;1;1;6800.0000;1;None;None;6800.0000
24879;2023-03-11 16:06:01.347000;3;100606;1;1;6800.0000;1;1704.0000;None;18400.0000
24879;2023-03-11 16:06:01.347000;3;100614;1;1;5800.0000;1;1704.0000;None;18400.0000
24879;2023-03-11 16:12:15.020000;3;201146;1;1;5800.0000;1;1704.0000;None;18400.0000
24880;2023-03-11 16:21:43.610000;3;100606;1;1;6800.0000;1;1352.0000;None;14600.0000
24880;2023-03-11 16:21:43.610000;6;105082;1;1;2000.0000;1;1352.0000;None;14600.0000
24880;2023-03-11 16:21:43.610000;3;103904;1;1;3800.0000;1;1352.0000;None;14600.0000
24880;2023-03-11 16:38:06.297000;6;105082;1;1;2000.0000;1;1352.0000;None;14600.0000
24881;2023-03-11 16:29:49.990000;3;100606;1;1;6800.0000;1;3333.0000;None;36000.0000
24881;2023-03-11 16:29:49.990000;7;2009;1;1;0.0000;1;3333.0000;None;36000.0000
24881;2023-03-11 16:33:24.010000;1;103248;1;1;14800.0000;1;3333.0000;None;36000.0000
24881;2023-03-11 16:33:24.010000;1;101502;1;1;0.0000;1;3333.0000;None;36000.0000
24881;2023-03-11 16:33:24.010000;1;104690;1;1;4800.0000;1;3333.0000;None;36000.0000
24881;2023-03-11 16:33:24.010000;1;104690;1;1;4800.0000;1;3333.0000;None;36000.0000
24881;2023-03-11 16:33:24.010000;7;1135;1;1;0.0000;1;3333.0000;None;36000.0000
24881;2023-03-11 16:48:31.087000;1;104690;1;1;4800.0000;1;3333.0000;None;36000.0000
24882;2023-03-11 16:35:57.930000;3;100606;1;1;6800.0000;1;4741.0000;None;51200.0000
24882;2023-03-11 16:35:57.930000;7;2009;1;1;0.0000;1;4741.0000;None;51200.0000
24882;2023-03-11 16:35:57.930000;3;100606;1;1;6800.0000;1;4741.0000;None;51200.0000
24882;2023-03-11 16:35:57.930000;7;2009;1;1;0.0000;1;4741.0000;None;51200.0000
24882;2023-03-11 16:39:01.010000;1;101308;1;1;18800.0000;1;4741.0000;None;51200.0000
24882;2023-03-11 16:39:01.010000;1;101308;1;1;18800.0000;1;4741.0000;None;51200.0000
24884;2023-03-11 16:41:24.060000;3;103904;1;1;3800.0000;1;704.0000;None;7600.0000
24884;2023-03-11 17:06:41.340000;3;103904;1;1;3800.0000;1;704.0000;None;7600.0000
24885;2023-03-11 17:19:40.740000;3;100628;1;1;6800.0000;1;None;None;13600.0000
24885;2023-03-11 17:19:40.740000;3;100606;1;1;6800.0000;1;None;None;13600.0000
24885;2023-03-11 17:19:40.740000;7;2009;1;1;0.0000;1;None;None;13600.0000
24885;2023-03-11 17:19:40.740000;7;2009;1;1;0.0000;1;None;None;13600.0000
24886;2023-03-11 17:32:17.543000;3;100614;1;1;5800.0000;1;4278.0000;None;46200.0000
24886;2023-03-11 17:32:17.543000;3;100614;1;1;5800.0000;1;4278.0000;None;46200.0000
24886;2023-03-11 17:32:17.543000;1;104004;1;1;15800.0000;1;4278.0000;None;46200.0000
24886;2023-03-11 17:32:17.543000;1;101308;1;1;18800.0000;1;4278.0000;None;46200.0000
24887;2023-03-11 17:54:36.540000;3;100596;1;1;5800.0000;1;1981.0000;None;21400.0000
24887;2023-03-11 17:54:36.540000;3;100628;1;1;6800.0000;1;1981.0000;None;21400.0000
24887;2023-03-11 17:54:36.540000;1;100625;1;1;8800.0000;1;1981.0000;None;21400.0000
