7921;2023-03-12 06:57:04.757000;3;100999;1;1;5800.0000;1;1074.0000;None;11600.0000
7921;2023-03-12 06:57:04.757000;3;100614;1;1;5800.0000;1;1074.0000;None;11600.0000
7922;2023-03-12 07:08:28.467000;1;100590;1;1;4800.0000;1;None;None;14400.0000
7922;2023-03-12 07:08:28.467000;1;100590;1;1;4800.0000;1;None;None;14400.0000
7922;2023-03-12 07:08:28.467000;1;100590;1;1;4800.0000;1;None;None;14400.0000
7923;2023-03-12 07:41:43.687000;1;100995;1;1;10800.0000;1;None;None;51000.0000
7923;2023-03-12 07:41:43.687000;1;100995;1;1;10800.0000;1;None;None;51000.0000
7923;2023-03-12 07:41:43.687000;1;100995;1;1;10800.0000;1;None;None;51000.0000
7923;2023-03-12 07:41:43.687000;1;100995;1;1;10800.0000;1;None;None;51000.0000
7923;2023-03-12 07:41:43.687000;1;104747;1;1;7800.0000;1;None;None;51000.0000
7924;2023-03-12 08:13:19.887000;3;100606;1;1;6800.0000;1;None;None;10800.0000
7924;2023-03-12 08:13:19.887000;1;105178;1;1;4000.0000;1;None;None;10800.0000
7925;2023-03-12 08:32:19.900000;1;100995;1;1;10800.0000;1;None;None;21600.0000
7925;2023-03-12 08:32:19.900000;1;100995;1;1;10800.0000;1;None;None;21600.0000
7926;2023-03-12 09:10:54.277000;3;100614;1;1;5800.0000;1;537.0000;None;5800.0000
7927;2023-03-12 09:12:40.193000;3;100613;1;1;5800.0000;1;1074.0000;None;11600.0000
7927;2023-03-12 09:12:40.193000;7;2049;1;1;0.0000;1;1074.0000;None;11600.0000
7927;2023-03-12 09:12:40.193000;1;105304;1;1;5800.0000;1;1074.0000;None;11600.0000
7927;2023-03-12 09:12:40.193000;7;1131;1;1;0.0000;1;1074.0000;None;11600.0000
7928;2023-03-12 09:29:17.727000;1;100590;1;1;4800.0000;1;2074.0000;None;22400.0000
7928;2023-03-12 09:12:01.627000;3;102630;1;1;8800.0000;1;2074.0000;None;22400.0000
7928;2023-03-12 09:36:02.913000;3;102630;1;1;8800.0000;1;2074.0000;None;22400.0000
7929;2023-03-12 09:44:33.857000;1;100995;1;1;10800.0000;1;4074.0000;None;44000.0000
7929;2023-03-12 09:44:33.857000;1;100995;1;1;10800.0000;1;4074.0000;None;44000.0000
7929;2023-03-12 09:44:33.857000;3;100606;1;1;6800.0000;1;4074.0000;None;44000.0000
7929;2023-03-12 09:44:33.857000;3;100606;1;1;6800.0000;1;4074.0000;None;44000.0000
7929;2023-03-12 10:12:17.780000;1;100625;1;1;8800.0000;1;4074.0000;None;44000.0000
7930;2023-03-12 09:59:52.507000;1;106043;1;1;7500.0000;1;None;None;13000.0000
7930;2023-03-12 09:59:52.507000;1;102909;1;1;5500.0000;1;None;None;13000.0000
7931;2023-03-12 10:00:28.960000;3;100614;1;1;5800.0000;1;None;None;5800.0000
7931;2023-03-12 10:00:28.960000;7;2049;1;1;0.0000;1;None;None;5800.0000
7933;2023-03-12 10:21:13.607000;1;102415;1;1;2800.0000;1;None;None;2800.0000
7933;2023-03-12 10:21:13.607000;7;1131;1;1;0.0000;1;None;None;2800.0000
7935;2023-03-12 10:45:18.903000;3;102651;1;1;9800.0000;1;None;None;9800.0000
7936;2023-03-12 11:00:51.013000;3;100607;1;1;6800.0000;1;1333.0000;None;14400.0000
7936;2023-03-12 11:00:51.013000;7;1207;1;1;0.0000;1;1333.0000;None;14400.0000
7936;2023-03-12 11:00:51.013000;1;104274;1;1;3800.0000;1;1333.0000;None;14400.0000
7936;2023-03-12 11:00:51.013000;1;104274;1;1;3800.0000;1;1333.0000;None;14400.0000
7937;2023-03-12 11:05:39.067000;3;100614;1;1;5800.0000;1;2000.0000;None;21600.0000
7937;2023-03-12 11:05:39.067000;1;101068;1;1;4800.0000;1;2000.0000;None;21600.0000
7937;2023-03-12 11:05:39.067000;1;102910;1;1;5500.0000;1;2000.0000;None;21600.0000
7937;2023-03-12 11:05:39.067000;1;102910;1;1;5500.0000;1;2000.0000;None;21600.0000
7940;2023-03-12 11:12:07.617000;3;100606;1;1;6800.0000;1;None;None;12600.0000
7940;2023-03-12 11:12:07.617000;7;2046;1;1;0.0000;1;None;None;12600.0000
7940;2023-03-12 11:12:07.617000;3;100614;1;1;5800.0000;1;None;None;12600.0000
7940;2023-03-12 11:12:07.617000;7;2046;1;1;0.0000;1;None;None;12600.0000
7941;2023-03-12 11:23:11.330000;3;101332;1;1;10800.0000;1;5111.0000;None;55200.0000
7941;2023-03-12 11:23:11.330000;3;101332;1;1;10800.0000;1;5111.0000;None;55200.0000
7941;2023-03-12 11:23:11.330000;1;105175;1;1;4000.0000;1;5111.0000;None;55200.0000
7941;2023-03-12 11:23:11.330000;1;106066;1;1;7800.0000;1;5111.0000;None;55200.0000
7941;2023-03-12 11:24:50.053000;1;108351;1;1;21800.0000;1;5111.0000;None;55200.0000
7941;2023-03-12 11:24:50.053000;1;105149;1;1;0.0000;1;5111.0000;None;55200.0000
7941;2023-03-12 11:24:50.053000;7;1135;1;1;0.0000;1;5111.0000;None;55200.0000
7942;2023-03-12 11:26:19.803000;1;100624;1;1;1000.0000;1;None;None;2000.0000
7942;2023-03-12 11:26:19.803000;1;100624;1;1;1000.0000;1;None;None;2000.0000
7942;2023-03-12 11:26:19.803000;7;1135;1;1;0.0000;1;None;None;2000.0000
7943;2023-03-12 11:38:33.137000;1;201566;1;1;39800.0000;1;7537.0000;None;81400.0000
7943;2023-03-12 11:38:33.137000;6;105167;1;1;0.0000;1;7537.0000;None;81400.0000
7943;2023-03-12 11:38:33.137000;6;100518;1;1;0.0000;1;7537.0000;None;81400.0000
7943;2023-03-12 11:38:33.137000;7;1135;1;1;0.0000;1;7537.0000;None;81400.0000
7943;2023-03-12 11:38:33.137000;6;101405;1;1;0.0000;1;7537.0000;None;81400.0000
7943;2023-03-12 11:38:33.137000;6;100519;1;1;0.0000;1;7537.0000;None;81400.0000
7943;2023-03-12 11:38:33.137000;1;201566;1;1;39800.0000;1;7537.0000;None;81400.0000
7943;2023-03-12 11:38:33.137000;6;100521;1;1;0.0000;1;7537.0000;None;81400.0000
7943;2023-03-12 11:38:33.137000;6;102629;2;1;0.0000;1;7537.0000;None;81400.0000
7943;2023-03-12 11:38:33.137000;6;100519;1;1;0.0000;1;7537.0000;None;81400.0000
7943;2023-03-12 11:38:33.137000;6;101421;2;1;0.0000;1;7537.0000;None;81400.0000
7943;2023-03-12 11:38:33.137000;1;102148;1;1;1800.0000;1;7537.0000;None;81400.0000
7943;2023-03-12 11:38:33.137000;7;1022;1;1;0.0000;1;7537.0000;None;81400.0000
7943;2023-03-12 11:38:33.137000;7;1135;1;1;0.0000;1;7537.0000;None;81400.0000
7944;2023-03-12 11:41:11.137000;3;100606;1;1;6800.0000;1;1259.0000;None;13600.0000
7944;2023-03-12 11:41:11.137000;3;100606;1;1;6800.0000;1;1259.0000;None;13600.0000
7945;2023-03-12 11:47:13.177000;3;102630;1;1;8800.0000;1;2444.0000;None;26400.0000
7945;2023-03-12 11:47:13.177000;1;103964;1;1;11800.0000;1;2444.0000;None;26400.0000
7945;2023-03-12 11:47:13.177000;1;105149;1;1;0.0000;1;2444.0000;None;26400.0000
7945;2023-03-12 12:15:33.733000;3;100596;1;1;5800.0000;1;2444.0000;None;26400.0000
7946;2023-03-12 11:58:13.343000;3;100614;1;1;5800.0000;1;None;None;5800.0000
7947;2023-03-12 11:58:33.710000;3;100606;1;1;6800.0000;1;2704.0000;None;29200.0000
7947;2023-03-12 11:58:33.710000;3;100606;1;1;6800.0000;1;2704.0000;None;29200.0000
7947;2023-03-12 11:58:33.710000;3;102635;1;1;8800.0000;1;2704.0000;None;29200.0000
7947;2023-03-12 12:29:38.420000;3;100606;1;1;6800.0000;1;2704.0000;None;29200.0000
7949;2023-03-12 12:04:20.657000;1;102906;1;1;5500.0000;1;None;None;14800.0000
7949;2023-03-12 12:04:20.657000;1;102906;1;1;5500.0000;1;None;None;14800.0000
7949;2023-03-12 12:04:20.657000;1;105041;1;1;3800.0000;1;None;None;14800.0000
7950;2023-03-12 12:12:47.327000;3;102115;1;1;9800.0000;1;8296.0000;None;89600.0000
7950;2023-03-12 12:12:47.327000;3;102115;1;1;9800.0000;1;8296.0000;None;89600.0000
7950;2023-03-12 12:12:47.327000;3;100606;1;1;6800.0000;1;8296.0000;None;89600.0000
7950;2023-03-12 12:12:47.327000;1;101029;1;1;9800.0000;1;8296.0000;None;89600.0000
7950;2023-03-12 12:12:47.327000;1;102554;1;1;9800.0000;1;8296.0000;None;89600.0000
7950;2023-03-12 12:12:47.327000;7;1155;1;1;0.0000;1;8296.0000;None;89600.0000
7950;2023-03-12 12:12:47.327000;1;108351;1;1;21800.0000;1;8296.0000;None;89600.0000
7950;2023-03-12 12:12:47.327000;1;105149;1;1;0.0000;1;8296.0000;None;89600.0000
7950;2023-03-12 12:12:47.327000;1;108351;1;1;21800.0000;1;8296.0000;None;89600.0000
7950;2023-03-12 12:12:47.327000;1;105149;1;1;0.0000;1;8296.0000;None;89600.0000
7951;2023-03-12 12:20:13.473000;3;100614;1;1;5800.0000;1;2907.0000;None;31400.0000
7951;2023-03-12 12:20:13.473000;3;100614;1;1;5800.0000;1;2907.0000;None;31400.0000
7951;2023-03-12 12:20:13.473000;1;108457;1;1;15800.0000;1;2907.0000;None;31400.0000
7951;2023-03-12 12:20:13.473000;1;105178;1;1;4000.0000;1;2907.0000;None;31400.0000
7955;2023-03-12 12:10:27.677000;2;201615;1;1;13800.0000;1;1278.0000;None;13800.0000
7957;2023-03-12 13:12:36.327000;1;102412;1;1;1800.0000;1;None;None;1800.0000
7958;2023-03-12 13:15:07.477000;3;100606;1;1;6800.0000;1;None;None;19100.0000
7958;2023-03-12 13:15:07.477000;3;100606;1;1;6800.0000;1;None;None;19100.0000
7958;2023-03-12 13:15:07.477000;1;102908;1;1;5500.0000;1;None;None;19100.0000
7959;2023-03-12 13:19:11.630000;3;100999;1;1;5800.0000;1;1074.0000;None;11600.0000
7959;2023-03-12 13:19:11.630000;3;100999;1;1;5800.0000;1;1074.0000;None;11600.0000
7960;2023-03-12 12:12:11.620000;3;102115;1;1;9800.0000;1;None;None;9800.0000
7960;2023-03-12 12:12:11.620000;7;2026;1;1;0.0000;1;None;None;9800.0000
7960;2023-03-12 12:12:11.620000;7;2001;1;1;0.0000;1;None;None;9800.0000
7960;2023-03-12 12:12:11.620000;7;2051;1;1;0.0000;1;None;None;9800.0000
7961;2023-03-12 13:38:04.287000;3;100606;1;1;6800.0000;1;630.0000;None;6800.0000
7962;2023-03-12 11:36:45.587000;3;100614;1;1;5800.0000;1;537.0000;None;5800.0000
7962;2023-03-12 11:36:45.587000;7;1207;1;1;0.0000;1;537.0000;None;5800.0000
7963;2023-03-12 14:11:55.397000;1;103092;1;1;8800.0000;1;None;None;26400.0000
7963;2023-03-12 14:11:55.397000;1;103092;1;1;8800.0000;1;None;None;26400.0000
7963;2023-03-12 14:11:55.397000;1;103100;1;1;8800.0000;1;None;None;26400.0000
7964;2023-03-12 14:23:33.010000;3;100607;1;1;6800.0000;1;None;None;13600.0000
7964;2023-03-12 14:23:33.010000;3;100607;1;1;6800.0000;1;None;None;13600.0000
7967;2023-03-12 14:47:43.953000;3;100613;1;1;5800.0000;1;537.0000;None;5800.0000
7968;2023-03-12 15:18:23.827000;1;108457;1;1;15800.0000;1;None;None;15800.0000
7969;2023-03-12 15:43:11.057000;1;102177;1;1;1800.0000;1;None;None;3600.0000
7969;2023-03-12 15:43:11.057000;1;102177;1;1;1800.0000;1;None;None;3600.0000
7971;2023-03-12 15:49:57.203000;3;100606;1;1;6800.0000;1;1537.0000;None;16600.0000
7971;2023-03-12 15:49:57.203000;1;103999;1;1;9800.0000;1;1537.0000;None;16600.0000
7972;2023-03-12 15:54:28.920000;1;100590;1;1;4800.0000;1;None;None;9600.0000
7972;2023-03-12 15:54:28.920000;1;100590;1;1;4800.0000;1;None;None;9600.0000
7973;2023-03-12 16:18:31.817000;1;101068;1;1;4800.0000;1;None;None;4800.0000
7976;2023-03-12 16:26:18.490000;1;101068;1;1;4800.0000;1;None;None;4800.0000
7977;2023-03-12 16:30:19.013000;3;100606;1;1;6800.0000;1;1611.0000;None;17400.0000
7977;2023-03-12 16:30:19.013000;3;100606;1;1;6800.0000;1;1611.0000;None;17400.0000
7977;2023-03-12 16:30:19.013000;1;105041;1;1;3800.0000;1;1611.0000;None;17400.0000
7978;2023-03-12 16:54:59.487000;1;103999;1;1;9800.0000;1;3074.0000;None;33200.0000
7978;2023-03-12 16:54:59.487000;1;103999;1;1;9800.0000;1;3074.0000;None;33200.0000
7978;2023-03-12 16:54:59.487000;3;100606;1;1;6800.0000;1;3074.0000;None;33200.0000
7978;2023-03-12 16:54:59.487000;3;100606;1;1;6800.0000;1;3074.0000;None;33200.0000
7979;2023-03-12 17:04:52.207000;1;100624;1;1;1000.0000;1;None;None;2000.0000
7979;2023-03-12 17:04:52.207000;1;100624;1;1;1000.0000;1;None;None;2000.0000
7980;2023-03-12 17:21:47.413000;3;100614;1;1;5800.0000;1;None;None;11600.0000
7980;2023-03-12 17:21:47.413000;3;100614;1;1;5800.0000;1;None;None;11600.0000
16176;2023-03-12 10:24:55.877000;1;100995;1;1;10800.0000;1;2000.0000;None;21600.0000
16176;2023-03-12 10:24:55.877000;3;101332;1;1;10800.0000;1;2000.0000;None;21600.0000
16177;2023-03-12 10:35:56.260000;3;103904;1;1;3800.0000;1;611.0000;None;6600.0000
16177;2023-03-12 10:35:56.260000;1;102415;1;1;2800.0000;1;611.0000;None;6600.0000
16178;2023-03-12 10:36:42.843000;3;100606;1;1;6800.0000;1;2352.0000;None;25400.0000
16178;2023-03-12 10:36:42.843000;3;102102;1;1;9800.0000;1;2352.0000;None;25400.0000
16178;2023-03-12 10:36:42.843000;3;102635;1;1;8800.0000;1;2352.0000;None;25400.0000
16180;2023-03-12 11:17:00.257000;1;102412;1;3;5400.0000;1;3222.0000;None;34800.0000
16180;2023-03-12 11:17:00.257000;3;102102;1;1;9800.0000;1;3222.0000;None;34800.0000
16180;2023-03-12 11:17:00.257000;3;102102;1;1;9800.0000;1;3222.0000;None;34800.0000
16180;2023-03-12 11:17:00.257000;3;102102;1;1;9800.0000;1;3222.0000;None;34800.0000
16181;2023-03-12 10:58:57.600000;3;100606;1;1;6800.0000;1;1889.0000;None;20400.0000
16181;2023-03-12 10:58:57.600000;3;100606;1;1;6800.0000;1;1889.0000;None;20400.0000
16181;2023-03-12 10:58:57.600000;1;106632;1;1;6800.0000;1;1889.0000;None;20400.0000
16182;2023-03-12 11:01:14.417000;3;100607;1;1;6800.0000;1;2074.0000;None;22400.0000
16182;2023-03-12 11:01:14.417000;1;103999;1;1;9800.0000;1;2074.0000;None;22400.0000
16182;2023-03-12 11:19:28.640000;3;100614;1;1;5800.0000;1;2074.0000;None;22400.0000
16187;2023-03-12 11:13:19.943000;1;102563;1;1;13800.0000;1;4278.0000;None;46200.0000
16187;2023-03-12 11:13:19.943000;7;1135;1;1;0.0000;1;4278.0000;None;46200.0000
16187;2023-03-12 11:13:19.943000;3;100614;1;1;5800.0000;1;4278.0000;None;46200.0000
16187;2023-03-12 11:13:19.943000;1;100590;1;1;4800.0000;1;4278.0000;None;46200.0000
16187;2023-03-12 11:13:19.943000;1;102910;1;1;5500.0000;1;4278.0000;None;46200.0000
16187;2023-03-12 11:13:19.943000;1;102910;1;1;5500.0000;1;4278.0000;None;46200.0000
16187;2023-03-12 11:13:19.943000;1;100995;1;1;10800.0000;1;4278.0000;None;46200.0000
16192;2023-03-12 11:00:08.830000;3;100607;1;1;6800.0000;1;630.0000;None;6800.0000
16193;2023-03-12 11:03:48.787000;1;100591;1;1;11800.0000;1;None;None;39200.0000
16193;2023-03-12 11:03:48.787000;1;102574;1;1;9800.0000;1;None;None;39200.0000
16193;2023-03-12 11:03:48.787000;7;1020;1;1;0.0000;1;None;None;39200.0000
16193;2023-03-12 11:03:48.787000;3;100615;1;1;8800.0000;1;None;None;39200.0000
16193;2023-03-12 11:03:48.787000;3;100615;1;1;8800.0000;1;None;None;39200.0000
16193;2023-03-12 11:03:48.787000;7;2062;1;1;0.0000;1;None;None;39200.0000
16193;2023-03-12 11:03:48.787000;7;2062;1;1;0.0000;1;None;None;39200.0000
16195;2023-03-12 11:32:51.647000;3;102630;1;1;8800.0000;1;5278.0000;None;57000.0000
16195;2023-03-12 11:32:51.647000;1;100995;1;1;10800.0000;1;5278.0000;None;57000.0000
16195;2023-03-12 11:32:51.647000;1;100995;1;1;10800.0000;1;5278.0000;None;57000.0000
16195;2023-03-12 11:32:51.647000;2;201187;1;1;9800.0000;1;5278.0000;None;57000.0000
16195;2023-03-12 11:32:51.647000;1;103268;1;1;16800.0000;1;5278.0000;None;57000.0000
16195;2023-03-12 11:32:51.647000;1;101502;1;1;0.0000;1;5278.0000;None;57000.0000
16196;2023-03-12 11:34:51.033000;1;109640;1;1;17800.0000;1;5296.0000;None;57200.0000
16196;2023-03-12 11:34:51.033000;1;108351;1;1;21800.0000;1;5296.0000;None;57200.0000
16196;2023-03-12 11:34:51.033000;6;108363;1;1;0.0000;1;5296.0000;None;57200.0000
16196;2023-03-12 11:34:51.033000;3;101332;1;1;10800.0000;1;5296.0000;None;57200.0000
16196;2023-03-12 11:34:51.033000;3;100607;1;1;6800.0000;1;5296.0000;None;57200.0000
16200;2023-03-12 10:20:11.767000;3;100606;1;1;6800.0000;1;None;None;43000.0000
16200;2023-03-12 12:08:47.197000;6;105082;1;1;2000.0000;1;None;None;43000.0000
16200;2023-03-12 12:08:47.197000;7;1207;1;1;0.0000;1;None;None;43000.0000
16200;2023-03-12 12:08:47.197000;3;100614;1;1;5800.0000;1;None;None;43000.0000
16200;2023-03-12 12:08:47.197000;1;100591;1;1;11800.0000;1;None;None;43000.0000
16200;2023-03-12 12:08:47.197000;1;100591;1;1;11800.0000;1;None;None;43000.0000
16200;2023-03-12 12:17:54.060000;1;101068;1;1;4800.0000;1;None;None;43000.0000
16201;2023-03-12 11:38:26.830000;3;100606;1;1;6800.0000;1;1074.0000;None;11600.0000
16201;2023-03-12 11:39:36.660000;1;100590;1;1;4800.0000;1;1074.0000;None;11600.0000
16202;2023-03-12 11:44:21.537000;1;100591;1;1;11800.0000;1;8167.0000;None;88200.0000
16202;2023-03-12 11:44:55.643000;1;102561;1;1;9800.0000;1;8167.0000;None;88200.0000
16202;2023-03-12 11:44:55.643000;1;102561;1;1;9800.0000;1;8167.0000;None;88200.0000
16202;2023-03-12 11:44:55.643000;1;100995;1;1;10800.0000;1;8167.0000;None;88200.0000
16202;2023-03-12 11:44:55.643000;1;100995;1;1;10800.0000;1;8167.0000;None;88200.0000
16202;2023-03-12 11:44:55.643000;3;103904;1;1;3800.0000;1;8167.0000;None;88200.0000
16202;2023-03-12 11:44:55.643000;3;103904;1;1;3800.0000;1;8167.0000;None;88200.0000
16202;2023-03-12 11:44:55.643000;6;105082;1;1;2000.0000;1;8167.0000;None;88200.0000
16202;2023-03-12 11:44:55.643000;6;105082;1;1;2000.0000;1;8167.0000;None;88200.0000
16202;2023-03-12 11:44:55.643000;7;2062;1;1;0.0000;1;8167.0000;None;88200.0000
16202;2023-03-12 11:44:55.643000;7;2062;1;1;0.0000;1;8167.0000;None;88200.0000
16202;2023-03-12 11:44:55.643000;7;1207;1;1;0.0000;1;8167.0000;None;88200.0000
16202;2023-03-12 12:17:14.513000;3;100614;1;1;5800.0000;1;8167.0000;None;88200.0000
16202;2023-03-12 12:17:14.513000;1;109640;1;1;17800.0000;1;8167.0000;None;88200.0000
16203;2023-03-12 11:56:14.497000;3;100614;1;1;5800.0000;1;None;None;19400.0000
16203;2023-03-12 11:56:14.497000;3;100999;1;1;5800.0000;1;None;None;19400.0000
16203;2023-03-12 11:56:14.497000;7;1207;1;1;0.0000;1;None;None;19400.0000
16203;2023-03-12 12:32:35.807000;1;106066;1;1;7800.0000;1;None;None;19400.0000
16204;2023-03-12 12:13:31.247000;3;100614;1;1;5800.0000;1;4222.0000;None;45600.0000
16204;2023-03-12 12:13:31.247000;3;100614;1;1;5800.0000;1;4222.0000;None;45600.0000
16204;2023-03-12 12:17:05.380000;3;100614;1;1;5800.0000;1;4222.0000;None;45600.0000
16204;2023-03-12 12:17:05.380000;3;100606;1;1;6800.0000;1;4222.0000;None;45600.0000
16204;2023-03-12 12:17:05.380000;1;103137;1;1;7800.0000;1;4222.0000;None;45600.0000
16204;2023-03-12 12:28:42.260000;1;103137;1;1;7800.0000;1;4222.0000;None;45600.0000
16204;2023-03-12 12:36:06.600000;3;200644;1;1;5800.0000;1;4222.0000;None;45600.0000
16205;2023-03-12 12:13:35.223000;3;100614;1;1;5800.0000;1;2333.0000;None;25200.0000
16205;2023-03-12 12:31:13.130000;3;100614;1;1;5800.0000;1;2333.0000;None;25200.0000
16205;2023-03-12 12:31:13.130000;3;100607;1;1;6800.0000;1;2333.0000;None;25200.0000
16205;2023-03-12 12:31:13.130000;3;100607;1;1;6800.0000;1;2333.0000;None;25200.0000
16206;2023-03-12 12:33:16.003000;3;100614;1;1;5800.0000;1;1704.0000;None;18400.0000
16206;2023-03-12 12:33:16.003000;3;100606;1;1;6800.0000;1;1704.0000;None;18400.0000
16206;2023-03-12 12:33:16.003000;7;2089;1;1;0.0000;1;1704.0000;None;18400.0000
16206;2023-03-12 12:33:16.003000;3;201146;1;1;5800.0000;1;1704.0000;None;18400.0000
16206;2023-03-12 12:33:16.003000;7;2094;1;1;0.0000;1;1704.0000;None;18400.0000
16207;2023-03-12 12:56:01.723000;3;100596;1;1;5800.0000;1;1630.0000;None;17600.0000
16207;2023-03-12 12:56:01.723000;7;1207;1;1;0.0000;1;1630.0000;None;17600.0000
16207;2023-03-12 12:56:01.723000;1;100995;1;1;10800.0000;1;1630.0000;None;17600.0000
16207;2023-03-12 12:56:01.723000;1;102212;1;1;1000.0000;1;1630.0000;None;17600.0000
16209;2023-03-12 13:43:56.133000;1;106066;1;1;7800.0000;1;3537.0000;None;38200.0000
16209;2023-03-12 13:43:56.133000;1;101308;1;1;18800.0000;1;3537.0000;None;38200.0000
16209;2023-03-12 13:43:56.133000;3;100614;1;1;5800.0000;1;3537.0000;None;38200.0000
16209;2023-03-12 13:43:56.133000;3;100614;1;1;5800.0000;1;3537.0000;None;38200.0000
16210;2023-03-12 13:44:57.810000;3;103904;1;1;3800.0000;1;963.0000;None;10400.0000
16210;2023-03-12 13:44:57.810000;3;103904;1;1;3800.0000;1;963.0000;None;10400.0000
16210;2023-03-12 13:47:02.533000;1;102415;1;1;2800.0000;1;963.0000;None;10400.0000
16211;2023-03-12 14:46:37.647000;1;109428;1;1;17800.0000;1;2648.0000;None;28600.0000
16211;2023-03-12 14:46:37.647000;1;100995;1;1;10800.0000;1;2648.0000;None;28600.0000
16212;2023-03-12 15:03:59.880000;3;100606;1;1;6800.0000;1;1889.0000;None;20400.0000
16212;2023-03-12 15:03:59.880000;3;201146;1;1;5800.0000;1;1889.0000;None;20400.0000
16212;2023-03-12 15:03:59.880000;1;104747;1;1;7800.0000;1;1889.0000;None;20400.0000
16213;2023-03-12 16:15:27.190000;3;102115;1;1;9800.0000;1;907.0000;None;9800.0000
24888;2023-03-12 07:00:14.217000;1;109435;1;1;12000.0000;1;None;None;60000.0000
24888;2023-03-12 07:00:14.217000;6;109438;1;1;0.0000;1;None;None;60000.0000
24888;2023-03-12 07:00:14.217000;6;100523;2;1;0.0000;1;None;None;60000.0000
24888;2023-03-12 07:00:14.217000;6;100514;1;1;0.0000;1;None;None;60000.0000
24888;2023-03-12 07:00:14.217000;1;101633;1;1;0.0000;1;None;None;60000.0000
24888;2023-03-12 07:06:57.517000;1;109435;1;1;12000.0000;1;None;None;60000.0000
24888;2023-03-12 07:06:57.517000;6;109437;1;1;0.0000;1;None;None;60000.0000
24888;2023-03-12 07:06:57.517000;6;100523;2;1;0.0000;1;None;None;60000.0000
24888;2023-03-12 07:06:57.517000;1;106278;1;1;0.0000;1;None;None;60000.0000
24888;2023-03-12 07:06:57.517000;1;101633;1;1;0.0000;1;None;None;60000.0000
24888;2023-03-12 07:06:57.517000;1;109435;1;1;12000.0000;1;None;None;60000.0000
24888;2023-03-12 07:06:57.517000;6;109437;1;1;0.0000;1;None;None;60000.0000
24888;2023-03-12 07:06:57.517000;6;100523;2;1;0.0000;1;None;None;60000.0000
24888;2023-03-12 07:06:57.517000;1;106278;1;1;0.0000;1;None;None;60000.0000
24888;2023-03-12 07:06:57.517000;1;101633;1;1;0.0000;1;None;None;60000.0000
24888;2023-03-12 09:33:10.270000;1;109435;1;1;12000.0000;1;None;None;60000.0000
24888;2023-03-12 09:33:10.270000;6;109438;1;1;0.0000;1;None;None;60000.0000
24888;2023-03-12 09:33:10.270000;6;107314;4;1;0.0000;1;None;None;60000.0000
24888;2023-03-12 09:33:10.270000;6;100523;2;1;0.0000;1;None;None;60000.0000
24888;2023-03-12 09:33:10.270000;1;108362;1;1;0.0000;1;None;None;60000.0000
24888;2023-03-12 09:33:10.270000;1;109435;1;1;12000.0000;1;None;None;60000.0000
24888;2023-03-12 09:33:10.270000;6;109437;1;1;0.0000;1;None;None;60000.0000
24888;2023-03-12 09:33:10.270000;1;106278;1;1;0.0000;1;None;None;60000.0000
24888;2023-03-12 09:33:10.270000;6;100523;2;1;0.0000;1;None;None;60000.0000
24888;2023-03-12 09:33:10.270000;1;108362;1;1;0.0000;1;None;None;60000.0000
24888;2023-03-12 09:33:10.270000;7;1135;1;1;0.0000;1;None;None;60000.0000
24889;2023-03-12 08:19:29.383000;1;201566;1;1;39800.0000;1;3685.0000;None;39800.0000
24889;2023-03-12 08:19:29.383000;6;106496;1;1;0.0000;1;3685.0000;None;39800.0000
24889;2023-03-12 08:19:29.383000;6;102646;2;1;0.0000;1;3685.0000;None;39800.0000
24889;2023-03-12 08:19:29.383000;1;101967;1;1;0.0000;1;3685.0000;None;39800.0000
24889;2023-03-12 08:19:29.383000;6;100519;1;1;0.0000;1;3685.0000;None;39800.0000
24890;2023-03-12 08:20:00.070000;3;100614;1;1;5800.0000;1;None;None;29200.0000
24890;2023-03-12 11:03:48.787000;1;100591;1;1;11800.0000;1;None;None;29200.0000
24890;2023-03-12 10:20:11.767000;3;100614;1;1;5800.0000;1;None;None;29200.0000
24890;2023-03-12 11:14:30.070000;3;100614;1;1;5800.0000;1;None;None;29200.0000
24891;2023-03-12 08:21:28.583000;3;102102;1;1;9800.0000;1;3000.0000;None;32400.0000
24891;2023-03-12 08:21:28.583000;3;102630;1;1;8800.0000;1;3000.0000;None;32400.0000
24891;2023-03-12 08:21:28.583000;1;105178;1;1;4000.0000;1;3000.0000;None;32400.0000
24891;2023-03-12 08:21:28.583000;1;105175;1;1;4000.0000;1;3000.0000;None;32400.0000
24891;2023-03-12 08:33:07.010000;3;100596;1;1;5800.0000;1;3000.0000;None;32400.0000
24892;2023-03-12 08:37:11.577000;3;201221;1;1;5800.0000;1;2704.0000;None;29200.0000
24892;2023-03-12 08:37:11.577000;1;103971;1;1;9800.0000;1;2704.0000;None;29200.0000
24892;2023-03-12 08:37:11.577000;6;108363;1;1;0.0000;1;2704.0000;None;29200.0000
24892;2023-03-12 08:37:11.577000;3;100606;1;1;6800.0000;1;2704.0000;None;29200.0000
24892;2023-03-12 08:59:53.360000;3;100606;1;1;6800.0000;1;2704.0000;None;29200.0000
24893;2023-03-12 08:37:41.337000;3;100613;1;1;5800.0000;1;537.0000;None;5800.0000
24894;2023-03-12 08:41:14.423000;1;103971;1;1;9800.0000;1;1444.0000;None;15600.0000
24894;2023-03-12 08:41:14.423000;6;108363;1;1;0.0000;1;1444.0000;None;15600.0000
24894;2023-03-12 08:41:14.423000;3;100596;1;1;5800.0000;1;1444.0000;None;15600.0000
24895;2023-03-12 08:47:04.767000;3;100606;1;1;6800.0000;1;630.0000;None;6800.0000
24895;2023-03-12 08:47:04.767000;7;2089;1;1;0.0000;1;630.0000;None;6800.0000
24896;2023-03-12 08:49:27.563000;3;100614;1;1;5800.0000;1;1796.0000;None;19400.0000
24896;2023-03-12 09:14:10.177000;3;100614;1;1;5800.0000;1;1796.0000;None;19400.0000
24896;2023-03-12 09:14:10.177000;6;104782;1;1;2000.0000;1;1796.0000;None;19400.0000
24896;2023-03-12 09:14:10.177000;7;2051;1;1;0.0000;1;1796.0000;None;19400.0000
24896;2023-03-12 09:15:36.147000;1;108269;1;1;5800.0000;1;1796.0000;None;19400.0000
24896;2023-03-12 09:15:36.147000;7;1039;1;1;0.0000;1;1796.0000;None;19400.0000
24897;2023-03-12 08:56:37.827000;1;100995;1;1;10800.0000;1;1722.0000;None;18600.0000
24897;2023-03-12 08:56:37.827000;7;1020;1;1;0.0000;1;1722.0000;None;18600.0000
24897;2023-03-12 08:56:37.827000;3;100607;1;1;6800.0000;1;1722.0000;None;18600.0000
24897;2023-03-12 08:56:37.827000;7;2089;1;1;0.0000;1;1722.0000;None;18600.0000
24897;2023-03-12 08:56:37.827000;7;2062;1;1;0.0000;1;1722.0000;None;18600.0000
24897;2023-03-12 08:56:37.827000;1;102212;1;1;1000.0000;1;1722.0000;None;18600.0000
24898;2023-03-12 09:02:05.730000;3;100607;1;1;6800.0000;1;630.0000;None;6800.0000
24899;2023-03-12 09:03:44.430000;3;102115;1;1;9800.0000;1;907.0000;None;9800.0000
24900;2023-03-12 09:04:29.683000;3;102102;1;1;9800.0000;1;907.0000;None;9800.0000
24901;2023-03-12 09:10:12.627000;3;100607;1;1;6800.0000;1;630.0000;None;6800.0000
24903;2023-03-12 09:15:27.977000;1;102554;1;1;9800.0000;1;3259.0000;None;35200.0000
24903;2023-03-12 09:15:27.977000;7;1049;1;1;0.0000;1;3259.0000;None;35200.0000
24903;2023-03-12 09:15:27.977000;1;100995;1;1;10800.0000;1;3259.0000;None;35200.0000
24903;2023-03-12 09:15:27.977000;1;103365;1;1;7800.0000;1;3259.0000;None;35200.0000
24903;2023-03-12 09:15:27.977000;3;100607;1;1;6800.0000;1;3259.0000;None;35200.0000
24904;2023-03-12 09:17:08.857000;3;100606;1;1;6800.0000;1;796.0000;None;8600.0000
24904;2023-03-12 09:17:08.857000;1;102148;1;1;1800.0000;1;796.0000;None;8600.0000
24905;2023-03-12 09:29:03.477000;3;100607;1;1;6800.0000;1;4426.0000;None;47800.0000
24905;2023-03-12 09:29:03.477000;3;102635;1;1;8800.0000;1;4426.0000;None;47800.0000
24905;2023-03-12 09:29:03.477000;1;105490;1;1;10800.0000;1;4426.0000;None;47800.0000
24905;2023-03-12 09:29:03.477000;1;105199;1;1;1800.0000;1;4426.0000;None;47800.0000
24905;2023-03-12 09:29:03.477000;7;1135;1;1;0.0000;1;4426.0000;None;47800.0000
24905;2023-03-12 09:29:03.477000;1;100995;1;1;10800.0000;1;4426.0000;None;47800.0000
24905;2023-03-12 10:03:41.467000;3;102635;1;1;8800.0000;1;4426.0000;None;47800.0000
24906;2023-03-12 09:35:40.383000;1;105490;1;1;10800.0000;1;10556.0000;None;114000.0000
24906;2023-03-12 09:35:40.383000;1;105490;1;1;10800.0000;1;10556.0000;None;114000.0000
24906;2023-03-12 09:35:40.383000;1;101666;1;1;20800.0000;1;10556.0000;None;114000.0000
24906;2023-03-12 09:35:40.383000;7;1135;1;1;0.0000;1;10556.0000;None;114000.0000
24906;2023-03-12 09:35:40.383000;1;201566;1;1;39800.0000;1;10556.0000;None;114000.0000
24906;2023-03-12 09:35:40.383000;6;102769;1;1;0.0000;1;10556.0000;None;114000.0000
24906;2023-03-12 09:35:40.383000;6;102646;2;1;0.0000;1;10556.0000;None;114000.0000
24906;2023-03-12 09:35:40.383000;1;101967;1;1;0.0000;1;10556.0000;None;114000.0000
24906;2023-03-12 09:35:40.383000;6;100519;1;1;0.0000;1;10556.0000;None;114000.0000
24906;2023-03-12 09:35:40.383000;3;100614;1;1;5800.0000;1;10556.0000;None;114000.0000
24906;2023-03-12 09:35:40.383000;3;100614;1;1;5800.0000;1;10556.0000;None;114000.0000
24906;2023-03-12 09:35:40.383000;3;100614;1;1;5800.0000;1;10556.0000;None;114000.0000
24906;2023-03-12 09:50:10.167000;1;100590;1;3;14400.0000;1;10556.0000;None;114000.0000
24907;2023-03-12 09:37:38.470000;3;100607;1;1;6800.0000;1;1426.0000;None;15400.0000
24907;2023-03-12 09:37:38.470000;3;103904;1;1;3800.0000;1;1426.0000;None;15400.0000
24907;2023-03-12 09:39:28.313000;1;100590;1;1;4800.0000;1;1426.0000;None;15400.0000
24909;2023-03-12 10:02:44.143000;1;103268;1;1;16800.0000;1;None;None;29400.0000
24909;2023-03-12 10:02:44.143000;1;101502;1;1;0.0000;1;None;None;29400.0000
24909;2023-03-12 10:02:44.143000;3;100614;1;1;5800.0000;1;None;None;29400.0000
24909;2023-03-12 11:14:30.070000;3;100606;1;1;6800.0000;1;None;None;29400.0000
24911;2023-03-12 10:10:10.503000;3;100606;1;1;6800.0000;1;1352.0000;None;14600.0000
24911;2023-03-12 10:10:10.503000;1;103365;1;1;7800.0000;1;1352.0000;None;14600.0000
24914;2023-03-12 10:15:12.703000;1;201566;1;1;39800.0000;1;8648.0000;None;93400.0000
24914;2023-03-12 10:15:12.703000;3;107215;1;1;0.0000;1;8648.0000;None;93400.0000
24914;2023-03-12 10:15:12.703000;1;101967;1;1;0.0000;1;8648.0000;None;93400.0000
24914;2023-03-12 10:15:12.703000;6;102646;2;1;0.0000;1;8648.0000;None;93400.0000
24914;2023-03-12 10:15:12.703000;6;100519;1;1;0.0000;1;8648.0000;None;93400.0000
24914;2023-03-12 10:15:12.703000;1;201566;1;1;39800.0000;1;8648.0000;None;93400.0000
24914;2023-03-12 10:15:12.703000;3;107215;1;1;0.0000;1;8648.0000;None;93400.0000
24914;2023-03-12 10:15:12.703000;1;101967;1;1;0.0000;1;8648.0000;None;93400.0000
24914;2023-03-12 10:15:12.703000;6;102646;2;1;0.0000;1;8648.0000;None;93400.0000
24914;2023-03-12 10:15:12.703000;6;100519;1;1;0.0000;1;8648.0000;None;93400.0000
24914;2023-03-12 10:15:12.703000;2;201615;1;1;13800.0000;1;8648.0000;None;93400.0000
24915;2023-03-12 10:17:54.903000;3;103904;1;1;3800.0000;1;981.0000;None;10600.0000
24915;2023-03-12 10:17:54.903000;1;100590;1;1;4800.0000;1;981.0000;None;10600.0000
24915;2023-03-12 10:17:54.903000;1;102223;1;1;1000.0000;1;981.0000;None;10600.0000
24915;2023-03-12 10:17:54.903000;1;102212;1;1;1000.0000;1;981.0000;None;10600.0000
24916;2023-03-12 10:18:01.067000;3;100606;1;1;6800.0000;1;3315.0000;None;35800.0000
24916;2023-03-12 10:18:01.067000;6;105082;1;1;2000.0000;1;3315.0000;None;35800.0000
24916;2023-03-12 10:18:01.067000;3;100606;1;1;6800.0000;1;3315.0000;None;35800.0000
24916;2023-03-12 10:18:01.067000;7;2009;1;1;0.0000;1;3315.0000;None;35800.0000
24916;2023-03-12 10:25:15.290000;3;103904;1;1;3800.0000;1;3315.0000;None;35800.0000
24916;2023-03-12 10:51:53.290000;3;101216;1;1;6800.0000;1;3315.0000;None;35800.0000
24916;2023-03-12 10:51:53.290000;7;2009;1;1;0.0000;1;3315.0000;None;35800.0000
24916;2023-03-12 10:52:51.483000;3;103904;1;1;3800.0000;1;3315.0000;None;35800.0000
24916;2023-03-12 10:57:27.003000;3;102109;1;1;5800.0000;1;3315.0000;None;35800.0000
24917;2023-03-12 10:27:59.857000;3;100614;1;1;5800.0000;1;1074.0000;None;11600.0000
24917;2023-03-12 10:29:25.403000;3;200644;1;1;5800.0000;1;1074.0000;None;11600.0000
24918;2023-03-12 10:33:06.977000;3;100606;1;1;6800.0000;1;4907.0000;None;53000.0000
24918;2023-03-12 10:33:06.977000;1;103367;1;1;11800.0000;1;4907.0000;None;53000.0000
24918;2023-03-12 10:33:06.977000;6;101488;1;1;0.0000;1;4907.0000;None;53000.0000
24918;2023-03-12 10:33:06.977000;6;101524;1;1;0.0000;1;4907.0000;None;53000.0000
24918;2023-03-12 10:33:06.977000;6;101543;1;1;0.0000;1;4907.0000;None;53000.0000
24918;2023-03-12 10:33:06.977000;1;102564;1;1;14800.0000;1;4907.0000;None;53000.0000
24918;2023-03-12 10:33:06.977000;1;103971;1;1;9800.0000;1;4907.0000;None;53000.0000
24918;2023-03-12 10:33:06.977000;6;108363;1;1;0.0000;1;4907.0000;None;53000.0000
24918;2023-03-12 10:33:06.977000;7;1135;1;1;0.0000;1;4907.0000;None;53000.0000
24918;2023-03-12 10:33:06.977000;3;102115;1;1;9800.0000;1;4907.0000;None;53000.0000
24919;2023-03-12 10:34:02.187000;3;102649;1;1;5800.0000;1;889.0000;None;9600.0000
24919;2023-03-12 10:34:02.187000;3;103904;1;1;3800.0000;1;889.0000;None;9600.0000
24920;2023-03-12 10:43:01.383000;3;100607;1;1;6800.0000;1;2981.0000;None;32200.0000
24920;2023-03-12 10:43:01.383000;7;2089;1;1;0.0000;1;2981.0000;None;32200.0000
24920;2023-03-12 10:43:01.383000;3;100615;1;1;8800.0000;1;2981.0000;None;32200.0000
24920;2023-03-12 10:43:01.383000;7;1207;1;1;0.0000;1;2981.0000;None;32200.0000
24920;2023-03-12 10:43:01.383000;7;2062;1;1;0.0000;1;2981.0000;None;32200.0000
24920;2023-03-12 10:43:01.383000;1;105165;1;1;6800.0000;1;2981.0000;None;32200.0000
24920;2023-03-12 10:43:01.383000;1;102554;1;1;9800.0000;1;2981.0000;None;32200.0000
24920;2023-03-12 10:43:01.383000;7;1155;1;1;0.0000;1;2981.0000;None;32200.0000
24920;2023-03-12 10:43:01.383000;7;1135;1;1;0.0000;1;2981.0000;None;32200.0000
24921;2023-03-12 10:45:20.323000;1;100630;1;1;6800.0000;1;3074.0000;None;33200.0000
24921;2023-03-12 10:45:20.323000;1;100630;1;1;6800.0000;1;3074.0000;None;33200.0000
24921;2023-03-12 10:45:20.323000;3;100606;1;1;6800.0000;1;3074.0000;None;33200.0000
24921;2023-03-12 11:03:37.257000;3;200000;1;1;12800.0000;1;3074.0000;None;33200.0000
24922;2023-03-12 10:46:04.057000;3;103904;1;1;3800.0000;1;4982.0000;None;53800.0000
24922;2023-03-12 10:46:04.057000;3;100607;1;1;6800.0000;1;4982.0000;None;53800.0000
24922;2023-03-12 10:59:54.373000;1;103365;1;1;7800.0000;1;4982.0000;None;53800.0000
24922;2023-03-12 10:59:54.373000;1;108351;1;1;21800.0000;1;4982.0000;None;53800.0000
24922;2023-03-12 10:59:54.373000;1;105149;1;1;0.0000;1;4982.0000;None;53800.0000
24922;2023-03-12 10:59:54.373000;3;100607;1;1;6800.0000;1;4982.0000;None;53800.0000
24922;2023-03-12 10:59:54.373000;7;2062;1;1;0.0000;1;4982.0000;None;53800.0000
24922;2023-03-12 11:04:35.130000;3;100607;1;1;6800.0000;1;4982.0000;None;53800.0000
24923;2023-03-12 11:00:08.830000;1;104274;1;1;3800.0000;1;None;None;3800.0000
24923;2023-03-12 11:00:08.830000;1;104274;1;1;3800.0000;1;None;None;3800.0000
24923;2023-03-12 18:39:29.537000;1;104274;1;-1;-3800.0000;1;None;None;3800.0000
24923;2023-03-12 18:39:29.537000;1;104274;1;-1;-3800.0000;1;None;None;3800.0000
24923;2023-03-12 16:22:05.997000;3;102102;1;6;58800.0000;1;None;None;3800.0000
24923;2023-03-12 18:39:36.293000;3;102102;1;-6;-58800.0000;1;None;None;3800.0000
24923;2023-03-12 12:10:27.677000;2;201615;1;1;13800.0000;1;None;None;3800.0000
24923;2023-03-12 12:31:55.973000;1;102554;1;1;9800.0000;1;None;None;3800.0000
24923;2023-03-12 12:31:55.973000;7;1155;1;1;0.0000;1;None;None;3800.0000
24923;2023-03-12 12:31:55.973000;7;1135;1;1;0.0000;1;None;None;3800.0000
24923;2023-03-12 18:39:56.823000;2;201615;1;-1;-13800.0000;1;None;None;3800.0000
24923;2023-03-12 18:39:56.823000;1;102554;1;-1;-9800.0000;1;None;None;3800.0000
24923;2023-03-12 18:39:56.823000;7;1155;1;-1;0.0000;1;None;None;3800.0000
24923;2023-03-12 18:39:56.823000;7;1135;1;-1;0.0000;1;None;None;3800.0000
24923;2023-03-12 18:40:55.957000;1;102416;1;1;3800.0000;1;None;None;3800.0000
24924;2023-03-12 11:05:26.237000;1;101965;1;1;33800.0000;1;3130.0000;None;33800.0000
24924;2023-03-12 11:05:26.237000;6;101405;1;1;0.0000;1;3130.0000;None;33800.0000
24924;2023-03-12 11:05:26.237000;6;100523;1;1;0.0000;1;3130.0000;None;33800.0000
24924;2023-03-12 11:05:26.237000;6;102629;2;1;0.0000;1;3130.0000;None;33800.0000
24924;2023-03-12 11:05:26.237000;6;100519;1;1;0.0000;1;3130.0000;None;33800.0000
24925;2023-03-12 11:17:30.170000;3;100606;1;1;6800.0000;1;2056.0000;None;22200.0000
24925;2023-03-12 11:17:30.170000;3;100606;1;1;6800.0000;1;2056.0000;None;22200.0000
24925;2023-03-12 11:17:30.170000;3;201304;1;1;5800.0000;1;2056.0000;None;22200.0000
24925;2023-03-12 11:20:25.710000;1;102415;1;1;2800.0000;1;2056.0000;None;22200.0000
24926;2023-03-12 11:10:56.357000;3;102639;1;1;8800.0000;1;815.0000;None;8800.0000
24927;2023-03-12 11:24:11.503000;3;102635;1;1;8800.0000;1;None;None;37000.0000
24927;2023-03-12 11:38:59.193000;3;100607;1;1;6800.0000;1;None;None;37000.0000
24927;2023-03-12 11:38:59.193000;3;103904;1;1;3800.0000;1;None;None;37000.0000
24927;2023-03-12 11:55:09.720000;3;100607;1;1;6800.0000;1;None;None;37000.0000
24927;2023-03-12 11:59:16.737000;1;100995;1;1;10800.0000;1;None;None;37000.0000
24928;2023-03-12 11:35:09.030000;3;100606;1;1;6800.0000;1;2815.0000;None;30400.0000
24928;2023-03-12 11:35:09.030000;1;100591;1;1;11800.0000;1;2815.0000;None;30400.0000
24928;2023-03-12 11:54:54.017000;1;100591;1;1;11800.0000;1;2815.0000;None;30400.0000
24930;2023-03-12 11:47:25.030000;3;100596;1;1;5800.0000;1;1333.0000;None;14400.0000
24930;2023-03-12 11:47:25.030000;3;100596;1;1;5800.0000;1;1333.0000;None;14400.0000
24930;2023-03-12 11:47:32.377000;1;101069;1;1;2800.0000;1;1333.0000;None;14400.0000
24931;2023-03-12 11:51:17.013000;3;100606;1;1;6800.0000;1;3444.0000;None;37200.0000
24931;2023-03-12 11:51:17.013000;3;100606;1;1;6800.0000;1;3444.0000;None;37200.0000
24931;2023-03-12 11:51:17.013000;1;100591;1;1;11800.0000;1;3444.0000;None;37200.0000
24931;2023-03-12 11:51:17.013000;1;100591;1;1;11800.0000;1;3444.0000;None;37200.0000
24932;2023-03-12 11:57:37.353000;1;100591;1;1;11800.0000;1;3093.0000;None;33400.0000
24932;2023-03-12 11:57:37.353000;2;201187;1;1;9800.0000;1;3093.0000;None;33400.0000
24932;2023-03-12 11:57:37.353000;7;1207;1;1;0.0000;1;3093.0000;None;33400.0000
24932;2023-03-12 12:03:54.173000;1;100591;1;1;11800.0000;1;3093.0000;None;33400.0000
24933;2023-03-12 12:00:23.827000;3;100614;1;1;5800.0000;1;4611.0000;None;49800.0000
24933;2023-03-12 12:00:23.827000;3;100596;1;1;5800.0000;1;4611.0000;None;49800.0000
24933;2023-03-12 12:01:43.773000;1;100995;1;1;10800.0000;1;4611.0000;None;49800.0000
24933;2023-03-12 12:01:43.773000;1;100995;1;1;10800.0000;1;4611.0000;None;49800.0000
24933;2023-03-12 12:14:08.720000;3;100596;1;1;5800.0000;1;4611.0000;None;49800.0000
24933;2023-03-12 12:14:08.720000;1;100995;1;1;10800.0000;1;4611.0000;None;49800.0000
24933;2023-03-12 12:14:08.720000;7;1135;1;1;0.0000;1;4611.0000;None;49800.0000
24933;2023-03-12 12:14:08.720000;7;1135;1;1;0.0000;1;4611.0000;None;49800.0000
24934;2023-03-12 12:04:02.757000;2;201615;1;1;13800.0000;1;1278.0000;None;13800.0000
24935;2023-03-12 12:05:20.710000;3;100614;1;1;5800.0000;1;537.0000;None;5800.0000
24937;2023-03-12 12:18:01.410000;3;100614;1;1;5800.0000;1;None;None;12600.0000
24937;2023-03-12 12:18:01.410000;3;100606;1;1;6800.0000;1;None;None;12600.0000
24938;2023-03-12 12:20:05.627000;3;100614;1;1;5800.0000;1;537.0000;None;5800.0000
24939;2023-03-12 12:23:58.300000;3;100613;1;1;5800.0000;1;1074.0000;None;11600.0000
24939;2023-03-12 12:23:58.300000;3;100614;1;1;5800.0000;1;1074.0000;None;11600.0000
24942;2023-03-12 10:07:24.963000;3;100606;1;1;6800.0000;1;2241.0000;None;24200.0000
24942;2023-03-12 12:47:41.940000;3;100614;1;1;5800.0000;1;2241.0000;None;24200.0000
24942;2023-03-12 12:47:41.940000;3;201269;1;1;5800.0000;1;2241.0000;None;24200.0000
24942;2023-03-12 12:47:41.940000;3;201269;1;1;5800.0000;1;2241.0000;None;24200.0000
24943;2023-03-12 12:56:22.447000;2;106497;1;1;16800.0000;1;6648.0000;None;71800.0000
24943;2023-03-12 12:56:22.447000;1;109248;1;1;12800.0000;1;6648.0000;None;71800.0000
24943;2023-03-12 12:56:22.447000;1;103289;1;1;20800.0000;1;6648.0000;None;71800.0000
24943;2023-03-12 12:56:22.447000;1;101502;1;1;0.0000;1;6648.0000;None;71800.0000
24943;2023-03-12 12:56:22.447000;3;101228;1;1;8800.0000;1;6648.0000;None;71800.0000
24943;2023-03-12 12:56:22.447000;3;103732;1;1;7800.0000;1;6648.0000;None;71800.0000
24943;2023-03-12 12:56:22.447000;1;100590;1;1;4800.0000;1;6648.0000;None;71800.0000
24944;2023-03-12 13:12:48.773000;1;101032;1;1;5800.0000;1;2815.0000;None;30400.0000
24944;2023-03-12 13:12:48.773000;1;109640;1;1;17800.0000;1;2815.0000;None;30400.0000
24944;2023-03-12 13:31:05.803000;3;102616;1;1;6800.0000;1;2815.0000;None;30400.0000
24945;2023-03-12 13:15:59.887000;3;100614;1;1;5800.0000;1;1333.0000;None;14400.0000
24945;2023-03-12 13:15:59.887000;3;100614;1;1;5800.0000;1;1333.0000;None;14400.0000
24945;2023-03-12 13:15:59.887000;1;102415;1;1;2800.0000;1;1333.0000;None;14400.0000
24947;2023-03-12 13:49:25.540000;3;103904;1;1;3800.0000;1;352.0000;None;3800.0000
24948;2023-03-12 13:50:10.350000;3;201221;1;1;5800.0000;1;1444.0000;None;15600.0000
24948;2023-03-12 13:50:10.350000;1;103999;1;1;9800.0000;1;1444.0000;None;15600.0000
24949;2023-03-12 13:52:40.683000;3;100607;1;1;6800.0000;1;2630.0000;None;28400.0000
24949;2023-03-12 13:52:40.683000;1;103248;1;1;14800.0000;1;2630.0000;None;28400.0000
24949;2023-03-12 13:52:40.683000;1;101502;1;1;0.0000;1;2630.0000;None;28400.0000
24949;2023-03-12 14:12:00.973000;3;100607;1;1;6800.0000;1;2630.0000;None;28400.0000
24950;2023-03-12 14:06:24.857000;1;103367;1;1;11800.0000;1;4370.0000;None;47200.0000
24950;2023-03-12 14:06:24.857000;1;101400;1;1;0.0000;1;4370.0000;None;47200.0000
24950;2023-03-12 14:06:24.857000;6;101524;1;1;0.0000;1;4370.0000;None;47200.0000
24950;2023-03-12 14:06:24.857000;1;101400;1;1;0.0000;1;4370.0000;None;47200.0000
24950;2023-03-12 14:06:24.857000;1;102960;1;1;4800.0000;1;4370.0000;None;47200.0000
24950;2023-03-12 14:06:24.857000;1;102168;1;1;1000.0000;1;4370.0000;None;47200.0000
24950;2023-03-12 14:06:24.857000;1;102168;1;1;1000.0000;1;4370.0000;None;47200.0000
24950;2023-03-12 14:06:24.857000;2;102593;1;1;20800.0000;1;4370.0000;None;47200.0000
24950;2023-03-12 14:13:13.227000;3;102624;1;1;7800.0000;1;4370.0000;None;47200.0000
24952;2023-03-12 14:11:26.733000;3;104446;1;1;4800.0000;1;5889.0000;None;63600.0000
24952;2023-03-12 14:11:26.733000;3;102635;1;1;8800.0000;1;5889.0000;None;63600.0000
24952;2023-03-12 14:11:26.733000;1;103972;1;1;8800.0000;1;5889.0000;None;63600.0000
24952;2023-03-12 14:11:26.733000;6;108363;1;1;0.0000;1;5889.0000;None;63600.0000
24952;2023-03-12 14:11:26.733000;1;103234;1;1;25800.0000;1;5889.0000;None;63600.0000
24952;2023-03-12 14:11:26.733000;1;101502;1;1;0.0000;1;5889.0000;None;63600.0000
24952;2023-03-12 14:11:26.733000;1;102960;1;1;4800.0000;1;5889.0000;None;63600.0000
24952;2023-03-12 14:37:27.417000;3;103904;1;1;3800.0000;1;5889.0000;None;63600.0000
24952;2023-03-12 14:37:27.417000;3;100606;1;1;6800.0000;1;5889.0000;None;63600.0000
24953;2023-03-12 14:14:30.030000;3;100614;1;1;5800.0000;1;None;None;5800.0000
24954;2023-03-12 14:21:31.710000;3;200644;1;1;5800.0000;1;1907.0000;None;20600.0000
24954;2023-03-12 14:21:31.710000;1;104749;1;1;1000.0000;1;1907.0000;None;20600.0000
24954;2023-03-12 14:21:31.710000;1;109554;1;1;13800.0000;1;1907.0000;None;20600.0000
24955;2023-03-12 14:30:04.340000;3;100606;1;1;6800.0000;1;4111.0000;None;44400.0000
24955;2023-03-12 14:30:04.340000;3;102635;1;1;8800.0000;1;4111.0000;None;44400.0000
24955;2023-03-12 14:30:04.340000;1;104690;1;1;4800.0000;1;4111.0000;None;44400.0000
24955;2023-03-12 14:30:04.340000;1;104690;1;1;4800.0000;1;4111.0000;None;44400.0000
24955;2023-03-12 14:30:04.340000;1;104690;1;1;4800.0000;1;4111.0000;None;44400.0000
24955;2023-03-12 14:30:04.340000;1;104690;1;1;4800.0000;1;4111.0000;None;44400.0000
24955;2023-03-12 14:30:04.340000;1;104690;1;1;4800.0000;1;4111.0000;None;44400.0000
24955;2023-03-12 14:30:04.340000;1;104690;1;1;4800.0000;1;4111.0000;None;44400.0000
24956;2023-03-12 12:35:51.887000;3;100606;1;1;6800.0000;1;630.0000;None;6800.0000
24957;2023-03-12 12:35:51.887000;3;102623;1;1;6800.0000;1;None;None;39000.0000
24957;2023-03-12 12:35:51.887000;7;1207;1;1;0.0000;1;None;None;39000.0000
24957;2023-03-12 12:35:51.887000;1;103367;1;1;11800.0000;1;None;None;39000.0000
24957;2023-03-12 12:35:51.887000;6;101543;1;1;0.0000;1;None;None;39000.0000
24957;2023-03-12 12:35:51.887000;6;101543;1;1;0.0000;1;None;None;39000.0000
24957;2023-03-12 12:35:51.887000;6;101524;1;1;0.0000;1;None;None;39000.0000
24957;2023-03-12 12:36:07.990000;1;100630;1;1;6800.0000;1;None;None;39000.0000
24957;2023-03-12 12:35:51.887000;3;100606;1;1;6800.0000;1;None;None;39000.0000
24957;2023-03-12 12:35:51.887000;6;105082;1;1;2000.0000;1;None;None;39000.0000
24957;2023-03-12 12:36:01.170000;1;100590;1;1;4800.0000;1;None;None;39000.0000
24959;2023-03-12 14:07:34.130000;3;100614;1;1;5800.0000;1;1074.0000;None;11600.0000
24959;2023-03-12 15:52:17.917000;3;100614;1;1;5800.0000;1;1074.0000;None;11600.0000
24962;2023-03-12 14:07:34.130000;3;100614;1;1;5800.0000;1;None;None;21400.0000
24962;2023-03-12 15:45:30.277000;3;100614;1;1;5800.0000;1;None;None;21400.0000
24962;2023-03-12 15:45:49.777000;1;103999;1;1;9800.0000;1;None;None;21400.0000
24963;2023-03-12 16:22:05.997000;3;102102;1;1;9800.0000;1;907.0000;None;9800.0000
24964;2023-03-12 16:28:48.623000;3;100613;1;1;5800.0000;1;2241.0000;None;24200.0000
24964;2023-03-12 16:28:48.623000;3;100607;1;1;6800.0000;1;2241.0000;None;24200.0000
24964;2023-03-12 16:50:34.933000;3;100613;1;1;5800.0000;1;2241.0000;None;24200.0000
24964;2023-03-12 16:50:34.933000;3;200644;1;1;5800.0000;1;2241.0000;None;24200.0000
24966;2023-03-12 16:41:28.913000;3;100607;1;1;6800.0000;1;630.0000;None;6800.0000
24967;2023-03-12 16:46:40.387000;3;100607;1;1;6800.0000;1;2167.0000;None;23400.0000
24967;2023-03-12 16:46:40.387000;3;100607;1;1;6800.0000;1;2167.0000;None;23400.0000
24967;2023-03-12 16:46:40.387000;7;2052;1;1;0.0000;1;2167.0000;None;23400.0000
24967;2023-03-12 16:46:40.387000;7;2052;1;1;0.0000;1;2167.0000;None;23400.0000
24967;2023-03-12 16:46:40.387000;1;103999;1;1;9800.0000;1;2167.0000;None;23400.0000
24968;2023-03-12 16:48:55.410000;3;101332;1;1;10800.0000;1;2426.0000;None;26200.0000
24968;2023-03-12 16:48:55.410000;3;100614;1;1;5800.0000;1;2426.0000;None;26200.0000
24968;2023-03-12 16:48:55.410000;1;102960;1;1;4800.0000;1;2426.0000;None;26200.0000
24968;2023-03-12 16:48:55.410000;7;1012;1;1;0.0000;1;2426.0000;None;26200.0000
24968;2023-03-12 16:52:51.707000;1;102960;1;1;4800.0000;1;2426.0000;None;26200.0000
