7982;2023-03-13 07:24:01.533000;1;109239;1;1;6800.0000;1;1352.0000;None;14600.0000
7982;2023-03-13 07:24:01.533000;6;104782;1;1;2000.0000;1;1352.0000;None;14600.0000
7982;2023-03-13 07:24:01.533000;3;100596;1;1;5800.0000;1;1352.0000;None;14600.0000
7983;2023-03-13 07:34:06.950000;3;201146;1;1;5800.0000;1;None;None;5800.0000
7984;2023-03-13 08:07:37.367000;3;100606;1;1;6800.0000;1;None;None;6800.0000
7984;2023-03-13 08:07:37.367000;7;2034;1;1;0.0000;1;None;None;6800.0000
7984;2023-03-13 08:07:37.367000;7;2009;1;1;0.0000;1;None;None;6800.0000
7987;2023-03-13 08:32:18.857000;1;201566;1;1;39800.0000;1;None;None;65400.0000
7987;2023-03-13 08:32:18.857000;6;102769;1;1;0.0000;1;None;None;65400.0000
7987;2023-03-13 08:32:18.857000;6;102629;2;1;0.0000;1;None;None;65400.0000
7987;2023-03-13 08:32:18.857000;1;105169;1;1;0.0000;1;None;None;65400.0000
7987;2023-03-13 08:32:18.857000;6;100519;1;1;0.0000;1;None;None;65400.0000
7987;2023-03-13 08:32:18.857000;1;102567;1;1;14800.0000;1;None;None;65400.0000
7987;2023-03-13 08:32:18.857000;1;100995;1;1;10800.0000;1;None;None;65400.0000
7988;2023-03-13 08:45:27.560000;3;102630;1;1;8800.0000;1;None;None;98200.0000
7988;2023-03-13 08:45:27.560000;1;102567;1;1;14800.0000;1;None;None;98200.0000
7988;2023-03-13 08:45:27.560000;1;102567;1;1;14800.0000;1;None;None;98200.0000
7988;2023-03-13 08:45:27.560000;1;102564;1;1;14800.0000;1;None;None;98200.0000
7988;2023-03-13 08:45:27.560000;3;100614;1;1;5800.0000;1;None;None;98200.0000
7988;2023-03-13 08:45:27.560000;3;100607;1;1;6800.0000;1;None;None;98200.0000
7988;2023-03-13 08:45:27.560000;1;100995;1;1;10800.0000;1;None;None;98200.0000
7988;2023-03-13 08:45:27.560000;1;100995;1;1;10800.0000;1;None;None;98200.0000
7988;2023-03-13 08:45:27.560000;1;100995;1;1;10800.0000;1;None;None;98200.0000
7989;2023-03-13 09:22:42.130000;3;100607;1;1;6800.0000;1;None;None;6800.0000
7989;2023-03-13 09:22:42.130000;7;1207;1;1;0.0000;1;None;None;6800.0000
7990;2023-03-13 09:59:45.410000;3;100614;1;1;5800.0000;1;None;None;5800.0000
7990;2023-03-13 09:59:45.410000;7;1207;1;1;0.0000;1;None;None;5800.0000
7991;2023-03-13 10:00:48.587000;1;100590;1;1;4800.0000;1;None;None;4800.0000
7992;2023-03-13 10:05:44.677000;3;100606;1;1;6800.0000;1;None;None;6800.0000
7994;2023-03-13 11:04:30.067000;1;102415;1;1;2800.0000;1;1870.0000;None;20200.0000
7994;2023-03-13 11:04:30.067000;3;100999;1;1;5800.0000;1;1870.0000;None;20200.0000
7994;2023-03-13 11:04:30.067000;7;1207;1;1;0.0000;1;1870.0000;None;20200.0000
7994;2023-03-13 11:13:53.920000;3;100596;1;1;5800.0000;1;1870.0000;None;20200.0000
7994;2023-03-13 11:13:53.920000;3;100596;1;1;5800.0000;1;1870.0000;None;20200.0000
7995;2023-03-13 10:49:12.273000;3;100614;1;1;5800.0000;1;537.0000;None;5800.0000
7996;2023-03-13 11:34:25.623000;3;100606;1;1;6800.0000;1;630.0000;None;6800.0000
7997;2023-03-13 11:30:17.583000;3;100606;1;1;6800.0000;1;2278.0000;None;24600.0000
7997;2023-03-13 11:31:36.770000;3;100606;1;1;6800.0000;1;2278.0000;None;24600.0000
7997;2023-03-13 12:02:07.587000;1;108205;1;1;5500.0000;1;2278.0000;None;24600.0000
7997;2023-03-13 12:02:07.587000;1;108205;1;1;5500.0000;1;2278.0000;None;24600.0000
7998;2023-03-13 12:51:11.377000;1;105041;1;1;3800.0000;1;None;None;3800.0000
7999;2023-03-13 13:06:51.700000;1;105041;1;1;3800.0000;1;None;None;3800.0000
8000;2023-03-13 13:09:30.437000;3;100606;1;1;6800.0000;1;630.0000;None;6800.0000
8001;2023-03-13 13:23:46.800000;1;103102;1;1;7800.0000;1;None;None;15600.0000
8001;2023-03-13 13:23:46.800000;1;103102;1;1;7800.0000;1;None;None;15600.0000
8003;2023-03-13 14:08:48.890000;1;102905;1;1;5500.0000;1;None;None;5500.0000
8004;2023-03-13 15:03:20.703000;1;103214;1;1;10800.0000;1;None;None;10800.0000
8005;2023-03-13 15:09:28.657000;3;100614;1;1;5800.0000;1;2148.0000;None;23200.0000
8005;2023-03-13 15:09:28.657000;3;100614;1;1;5800.0000;1;2148.0000;None;23200.0000
8005;2023-03-13 15:30:12.433000;3;100614;1;1;5800.0000;1;2148.0000;None;23200.0000
8005;2023-03-13 15:30:12.433000;3;100614;1;1;5800.0000;1;2148.0000;None;23200.0000
8006;2023-03-13 16:13:23.187000;3;100614;1;1;5800.0000;1;537.0000;None;5800.0000
8007;2023-03-13 17:02:14.303000;1;103092;1;1;8800.0000;1;1630.0000;None;17600.0000
8007;2023-03-13 17:04:55.437000;3;101216;1;1;6800.0000;1;1630.0000;None;17600.0000
8007;2023-03-13 17:04:55.437000;6;105082;1;1;2000.0000;1;1630.0000;None;17600.0000
16214;2023-03-13 07:42:50.630000;3;100606;1;1;6800.0000;1;1259.0000;None;13600.0000
16214;2023-03-13 08:48:08.850000;3;100606;1;1;6800.0000;1;1259.0000;None;13600.0000
16216;2023-03-13 08:29:01.677000;1;102554;1;1;9800.0000;1;None;None;44800.0000
16216;2023-03-13 08:29:01.677000;7;1155;1;1;0.0000;1;None;None;44800.0000
16216;2023-03-13 08:29:01.677000;1;102561;1;1;9800.0000;1;None;None;44800.0000
16216;2023-03-13 08:29:01.677000;3;100607;1;1;6800.0000;1;None;None;44800.0000
16216;2023-03-13 08:29:01.677000;1;100590;1;1;4800.0000;1;None;None;44800.0000
16216;2023-03-13 08:29:01.677000;1;100590;1;1;4800.0000;1;None;None;44800.0000
16216;2023-03-13 08:29:01.677000;3;102630;1;1;8800.0000;1;None;None;44800.0000
16217;2023-03-13 09:25:33.137000;3;100614;1;1;5800.0000;1;1611.0000;None;17400.0000
16217;2023-03-13 09:33:35.243000;3;100614;1;1;5800.0000;1;1611.0000;None;17400.0000
16217;2023-03-13 09:33:35.243000;3;100614;1;1;5800.0000;1;1611.0000;None;17400.0000
16218;2023-03-13 10:15:16.913000;3;102112;1;1;5800.0000;1;537.0000;None;5800.0000
16219;2023-03-13 11:03:25.477000;1;102415;1;1;2800.0000;1;796.0000;None;8600.0000
16219;2023-03-13 11:34:45.953000;3;100614;1;1;5800.0000;1;796.0000;None;8600.0000
16220;2023-03-13 12:11:33.910000;1;101965;1;1;33800.0000;1;4574.0000;None;49400.0000
16220;2023-03-13 12:11:33.910000;6;100523;1;1;0.0000;1;4574.0000;None;49400.0000
16220;2023-03-13 12:11:33.910000;7;1135;1;1;0.0000;1;4574.0000;None;49400.0000
16220;2023-03-13 12:11:33.910000;1;105149;1;1;0.0000;1;4574.0000;None;49400.0000
16220;2023-03-13 12:11:33.910000;6;102629;2;1;0.0000;1;4574.0000;None;49400.0000
16220;2023-03-13 12:11:33.910000;1;100515;1;1;0.0000;1;4574.0000;None;49400.0000
16220;2023-03-13 12:11:33.910000;1;102314;1;1;5800.0000;1;4574.0000;None;49400.0000
16220;2023-03-13 12:11:33.910000;1;102561;1;1;9800.0000;1;4574.0000;None;49400.0000
16221;2023-03-13 12:26:51.517000;3;100613;1;1;5800.0000;1;1074.0000;None;11600.0000
16221;2023-03-13 12:26:51.517000;3;100613;1;1;5800.0000;1;1074.0000;None;11600.0000
24969;2023-03-13 07:13:17.937000;3;100614;1;1;5800.0000;1;1074.0000;None;11600.0000
24969;2023-03-13 07:23:28.977000;3;100614;1;1;5800.0000;1;1074.0000;None;11600.0000
24970;2023-03-13 07:19:23.433000;3;100607;1;1;6800.0000;1;1259.0000;None;13600.0000
24970;2023-03-13 07:19:23.433000;3;100628;1;1;6800.0000;1;1259.0000;None;13600.0000
24972;2023-03-13 07:43:11.070000;1;109435;1;1;12000.0000;1;None;None;48000.0000
24972;2023-03-13 07:43:11.070000;6;109438;1;1;0.0000;1;None;None;48000.0000
24972;2023-03-13 07:43:11.070000;6;100523;2;1;0.0000;1;None;None;48000.0000
24972;2023-03-13 07:43:11.070000;6;100514;1;1;0.0000;1;None;None;48000.0000
24972;2023-03-13 07:43:11.070000;1;108362;1;1;0.0000;1;None;None;48000.0000
24972;2023-03-13 07:43:11.070000;1;109435;1;1;12000.0000;1;None;None;48000.0000
24972;2023-03-13 07:43:11.070000;6;109438;1;1;0.0000;1;None;None;48000.0000
24972;2023-03-13 07:43:11.070000;6;100523;2;1;0.0000;1;None;None;48000.0000
24972;2023-03-13 07:43:11.070000;6;100514;1;1;0.0000;1;None;None;48000.0000
24972;2023-03-13 07:43:11.070000;1;108362;1;1;0.0000;1;None;None;48000.0000
24972;2023-03-13 09:01:46.440000;1;109435;1;1;12000.0000;1;None;None;48000.0000
24972;2023-03-13 09:01:46.440000;6;109437;1;1;0.0000;1;None;None;48000.0000
24972;2023-03-13 09:01:46.440000;6;100523;2;1;0.0000;1;None;None;48000.0000
24972;2023-03-13 09:01:46.440000;6;100514;1;1;0.0000;1;None;None;48000.0000
24972;2023-03-13 09:01:46.440000;1;108362;1;1;0.0000;1;None;None;48000.0000
24972;2023-03-13 09:01:46.440000;1;109435;1;1;12000.0000;1;None;None;48000.0000
24972;2023-03-13 09:01:46.440000;6;109437;1;1;0.0000;1;None;None;48000.0000
24972;2023-03-13 09:01:46.440000;6;100523;2;1;0.0000;1;None;None;48000.0000
24972;2023-03-13 09:01:46.440000;6;100514;1;1;0.0000;1;None;None;48000.0000
24972;2023-03-13 09:01:46.440000;1;108362;1;1;0.0000;1;None;None;48000.0000
24973;2023-03-13 07:51:37.110000;3;100607;1;1;6800.0000;1;630.0000;None;6800.0000
24974;2023-03-13 08:02:48.573000;1;201566;1;1;39800.0000;1;7370.0000;None;79600.0000
24974;2023-03-13 08:02:48.573000;6;101405;1;1;0.0000;1;7370.0000;None;79600.0000
24974;2023-03-13 08:02:48.573000;6;102629;2;1;0.0000;1;7370.0000;None;79600.0000
24974;2023-03-13 08:02:48.573000;1;105170;1;1;0.0000;1;7370.0000;None;79600.0000
24974;2023-03-13 08:02:48.573000;6;100519;1;1;0.0000;1;7370.0000;None;79600.0000
24974;2023-03-13 08:02:48.573000;1;201566;1;1;39800.0000;1;7370.0000;None;79600.0000
24974;2023-03-13 08:02:48.573000;6;101405;1;1;0.0000;1;7370.0000;None;79600.0000
24974;2023-03-13 08:02:48.573000;6;102629;2;1;0.0000;1;7370.0000;None;79600.0000
24974;2023-03-13 08:02:48.573000;6;105167;1;1;0.0000;1;7370.0000;None;79600.0000
24974;2023-03-13 08:02:48.573000;6;100519;1;1;0.0000;1;7370.0000;None;79600.0000
24977;2023-03-13 08:48:46.667000;3;100613;1;1;5800.0000;1;None;None;11600.0000
24977;2023-03-13 08:48:46.667000;1;105304;1;1;5800.0000;1;None;None;11600.0000
24978;2023-03-13 08:52:16.870000;1;100995;1;1;10800.0000;1;5333.0000;None;57600.0000
24978;2023-03-13 08:52:16.870000;1;100995;1;1;10800.0000;1;5333.0000;None;57600.0000
24978;2023-03-13 08:52:16.870000;1;102561;1;1;9800.0000;1;5333.0000;None;57600.0000
24978;2023-03-13 08:52:16.870000;1;102561;1;1;9800.0000;1;5333.0000;None;57600.0000
24978;2023-03-13 08:52:16.870000;3;100607;1;1;6800.0000;1;5333.0000;None;57600.0000
24978;2023-03-13 08:52:16.870000;3;103904;1;1;3800.0000;1;5333.0000;None;57600.0000
24978;2023-03-13 09:21:09.750000;3;100596;1;1;5800.0000;1;5333.0000;None;57600.0000
24981;2023-03-13 08:29:01.677000;3;100607;1;1;6800.0000;1;1074.0000;None;11600.0000
24981;2023-03-13 09:16:31.413000;1;100590;1;1;4800.0000;1;1074.0000;None;11600.0000
24985;2023-03-13 09:35:01.277000;1;102554;1;1;9800.0000;1;2611.0000;None;28200.0000
24985;2023-03-13 09:35:01.277000;7;1155;1;1;0.0000;1;2611.0000;None;28200.0000
24985;2023-03-13 09:35:01.277000;7;1132;1;1;0.0000;1;2611.0000;None;28200.0000
24985;2023-03-13 09:35:01.277000;1;102247;1;1;3800.0000;1;2611.0000;None;28200.0000
24985;2023-03-13 09:35:01.277000;1;100995;1;1;10800.0000;1;2611.0000;None;28200.0000
24985;2023-03-13 09:35:01.277000;1;102132;1;1;3800.0000;1;2611.0000;None;28200.0000
24986;2023-03-13 10:02:32.077000;3;100606;1;1;6800.0000;1;630.0000;None;6800.0000
24988;2023-03-13 10:35:36.763000;3;100606;1;1;6800.0000;1;2093.0000;None;22600.0000
24988;2023-03-13 10:44:28.433000;1;108457;1;1;15800.0000;1;2093.0000;None;22600.0000
24991;2023-03-13 11:10:31.273000;3;100606;1;1;6800.0000;1;1778.0000;None;19200.0000
24991;2023-03-13 11:10:31.273000;7;1207;1;1;0.0000;1;1778.0000;None;19200.0000
24991;2023-03-13 11:10:31.273000;1;102415;1;1;2800.0000;1;1778.0000;None;19200.0000
24991;2023-03-13 11:10:31.273000;1;102415;1;1;2800.0000;1;1778.0000;None;19200.0000
24991;2023-03-13 09:20:28.527000;3;100606;1;1;6800.0000;1;1778.0000;None;19200.0000
24993;2023-03-13 11:22:04.420000;3;102115;1;1;9800.0000;1;1259.0000;None;13600.0000
24993;2023-03-13 11:22:04.420000;7;1207;1;1;0.0000;1;1259.0000;None;13600.0000
24993;2023-03-13 11:22:04.420000;3;103904;1;1;3800.0000;1;1259.0000;None;13600.0000
24994;2023-03-13 11:28:03.667000;3;100606;1;1;6800.0000;1;None;None;21400.0000
24994;2023-03-13 11:28:03.667000;3;100606;1;1;6800.0000;1;None;None;21400.0000
24994;2023-03-13 11:28:52.937000;1;104747;1;1;7800.0000;1;None;None;21400.0000
24995;2023-03-13 11:30:57.880000;3;101332;1;1;10800.0000;1;1981.0000;None;21400.0000
24995;2023-03-13 11:30:57.880000;7;1207;1;1;0.0000;1;1981.0000;None;21400.0000
24995;2023-03-13 11:30:57.880000;7;2052;1;1;0.0000;1;1981.0000;None;21400.0000
24995;2023-03-13 11:30:57.880000;7;2052;1;1;0.0000;1;1981.0000;None;21400.0000
24995;2023-03-13 11:31:03.333000;1;101068;1;1;4800.0000;1;1981.0000;None;21400.0000
24995;2023-03-13 11:56:58.733000;3;201221;1;1;5800.0000;1;1981.0000;None;21400.0000
24996;2023-03-13 11:43:49.887000;3;100607;1;1;6800.0000;1;2148.0000;None;23200.0000
24996;2023-03-13 11:43:49.887000;7;2089;1;1;0.0000;1;2148.0000;None;23200.0000
24996;2023-03-13 11:43:49.887000;3;100606;1;1;6800.0000;1;2148.0000;None;23200.0000
24996;2023-03-13 11:43:49.887000;7;2089;1;1;0.0000;1;2148.0000;None;23200.0000
24996;2023-03-13 11:43:49.887000;1;100590;1;1;4800.0000;1;2148.0000;None;23200.0000
24996;2023-03-13 11:43:49.887000;1;100590;1;1;4800.0000;1;2148.0000;None;23200.0000
24997;2023-03-13 11:51:35.523000;3;100614;1;1;5800.0000;1;1074.0000;None;11600.0000
24997;2023-03-13 11:51:35.523000;3;100614;1;1;5800.0000;1;1074.0000;None;11600.0000
24999;2023-03-13 12:28:21.177000;3;101228;1;1;8800.0000;1;None;None;8800.0000
25000;2023-03-13 10:49:08.740000;3;100599;1;1;4800.0000;1;444.0000;None;4800.0000
25001;2023-03-13 12:28:15.233000;3;100614;1;1;5800.0000;1;1074.0000;None;11600.0000
25001;2023-03-13 12:28:15.233000;3;102112;1;1;5800.0000;1;1074.0000;None;11600.0000
25002;2023-03-13 12:48:39.347000;2;201615;1;1;13800.0000;1;1278.0000;None;13800.0000
25004;2023-03-13 13:28:22.127000;1;100624;1;1;1000.0000;1;None;None;4000.0000
25004;2023-03-13 13:28:22.127000;1;100624;1;1;1000.0000;1;None;None;4000.0000
25004;2023-03-13 13:28:22.127000;1;100624;1;1;1000.0000;1;None;None;4000.0000
25004;2023-03-13 13:28:22.127000;1;100624;1;1;1000.0000;1;None;None;4000.0000
25005;2023-03-13 13:29:59.060000;3;100596;1;1;5800.0000;1;537.0000;None;5800.0000
25006;2023-03-13 14:19:48.597000;3;100606;1;1;6800.0000;1;2630.0000;None;28400.0000
25006;2023-03-13 14:19:48.597000;3;100614;1;1;5800.0000;1;2630.0000;None;28400.0000
25006;2023-03-13 14:19:48.597000;1;108457;1;1;15800.0000;1;2630.0000;None;28400.0000
25007;2023-03-13 14:32:36.543000;3;100614;1;1;5800.0000;1;2148.0000;None;23200.0000
25007;2023-03-13 14:32:36.543000;3;100614;1;1;5800.0000;1;2148.0000;None;23200.0000
25007;2023-03-13 14:51:46.773000;3;100614;1;1;5800.0000;1;2148.0000;None;23200.0000
25007;2023-03-13 10:27:18.467000;3;100614;1;1;5800.0000;1;2148.0000;None;23200.0000
25007;2023-03-13 10:27:18.467000;7;2028;1;1;0.0000;1;2148.0000;None;23200.0000
25008;2023-03-13 15:05:32.790000;3;100614;1;1;5800.0000;1;1722.0000;None;18600.0000
25008;2023-03-13 15:08:20.137000;3;200000;1;1;12800.0000;1;1722.0000;None;18600.0000
25009;2023-03-13 15:12:40.983000;3;100614;1;1;5800.0000;1;1167.0000;None;12600.0000
25009;2023-03-13 15:12:40.983000;1;103996;1;1;6800.0000;1;1167.0000;None;12600.0000
25010;2023-03-13 15:15:56.877000;3;100614;1;1;5800.0000;1;537.0000;None;5800.0000
25012;2023-03-13 16:19:51.620000;1;103214;1;1;10800.0000;1;2815.0000;None;30400.0000
25012;2023-03-13 16:22:15.220000;3;102115;1;1;9800.0000;1;2815.0000;None;30400.0000
25012;2023-03-13 16:45:19.847000;3;102115;1;1;9800.0000;1;2815.0000;None;30400.0000
25013;2023-03-13 16:23:46.727000;3;103904;1;1;3800.0000;1;1167.0000;None;12600.0000
25013;2023-03-13 16:23:46.727000;3;100606;1;1;6800.0000;1;1167.0000;None;12600.0000
25013;2023-03-13 16:23:46.727000;6;105082;1;1;2000.0000;1;1167.0000;None;12600.0000
25014;2023-03-13 17:06:20.210000;3;100606;1;1;6800.0000;1;3333.0000;None;36000.0000
25014;2023-03-13 17:06:20.210000;3;100606;1;1;6800.0000;1;3333.0000;None;36000.0000
25014;2023-03-13 17:06:20.210000;1;103996;1;1;6800.0000;1;3333.0000;None;36000.0000
25014;2023-03-13 17:06:20.210000;1;105178;1;1;4000.0000;1;3333.0000;None;36000.0000
25014;2023-03-13 17:06:20.210000;3;200644;1;1;5800.0000;1;3333.0000;None;36000.0000
25014;2023-03-13 17:42:52.247000;3;100999;1;1;5800.0000;1;3333.0000;None;36000.0000
25015;2023-03-13 17:08:39.497000;3;100606;1;1;6800.0000;1;2519.0000;None;27200.0000
25015;2023-03-13 17:08:58.640000;1;104747;1;1;7800.0000;1;2519.0000;None;27200.0000
25015;2023-03-13 17:08:58.640000;1;102416;1;1;3800.0000;1;2519.0000;None;27200.0000
25015;2023-03-13 17:17:11.660000;1;100625;1;1;8800.0000;1;2519.0000;None;27200.0000
25016;2023-03-13 17:19:13.730000;3;100606;1;1;6800.0000;1;3611.0000;None;39000.0000
25016;2023-03-13 17:30:29.723000;3;202134;1;1;9800.0000;1;3611.0000;None;39000.0000
25016;2023-03-13 17:30:29.723000;3;100606;1;1;6800.0000;1;3611.0000;None;39000.0000
25016;2023-03-13 17:52:28.453000;3;202133;1;1;9800.0000;1;3611.0000;None;39000.0000
25016;2023-03-13 17:54:14.223000;3;201304;1;1;5800.0000;1;3611.0000;None;39000.0000
25017;2023-03-13 17:30:57.167000;3;100606;1;1;6800.0000;1;2889.0000;None;31200.0000
25017;2023-03-13 17:30:57.167000;3;100606;1;1;6800.0000;1;2889.0000;None;31200.0000
25017;2023-03-13 17:30:57.167000;1;100625;1;1;8800.0000;1;2889.0000;None;31200.0000
25017;2023-03-13 17:30:57.167000;1;100625;1;1;8800.0000;1;2889.0000;None;31200.0000
25018;2023-03-13 17:50:04.313000;3;100615;1;1;8800.0000;1;None;None;17600.0000
25018;2023-03-13 17:50:04.313000;3;100615;1;1;8800.0000;1;None;None;17600.0000
25019;2023-03-13 17:54:39.047000;3;100607;1;1;6800.0000;1;5352.0000;None;57800.0000
25019;2023-03-13 17:54:39.047000;3;100607;1;1;6800.0000;1;5352.0000;None;57800.0000
25019;2023-03-13 17:54:39.047000;3;100606;1;1;6800.0000;1;5352.0000;None;57800.0000
25019;2023-03-13 17:54:39.047000;1;108457;1;1;15800.0000;1;5352.0000;None;57800.0000
25019;2023-03-13 17:54:39.047000;1;101308;1;1;18800.0000;1;5352.0000;None;57800.0000
25019;2023-03-13 17:54:39.047000;1;102415;1;1;2800.0000;1;5352.0000;None;57800.0000
25022;2023-03-13 18:00:23.997000;1;101068;1;1;4800.0000;1;1259.0000;None;13600.0000
25022;2023-03-13 08:29:01.677000;3;102630;1;1;8800.0000;1;1259.0000;None;13600.0000
25022;2023-03-13 12:51:11.377000;1;108228;1;1;14800.0000;1;1259.0000;None;13600.0000
25022;2023-03-13 18:22:25.857000;1;108228;1;-1;-14800.0000;1;1259.0000;None;13600.0000
25023;2023-03-13 18:05:36.393000;3;100614;1;1;5800.0000;1;1074.0000;None;11600.0000
25023;2023-03-13 18:05:36.393000;3;100614;1;1;5800.0000;1;1074.0000;None;11600.0000
