0001;10;00;M;000270000000000;1330;;103111;15;0
0001;10;00;M;000270000000000;1330;;109780;35;0
0002;10;00;M;000170000000000;1330;;102848;1;41481
0002;10;00;M;000170000000000;1330;;101080;2;47778
0001;10;00;M;000270000000000;1330;;108452;2;45926
0001;10;00;M;000270000000000;1330;;102325;1;51667
0001;10;00;M;000270000000000;1330;;101438;2;0
0001;10;00;M;000270000000000;1330;;102327;1;16481
0001;10;00;M;000270000000000;1330;;101624;7;0
0001;10;00;M;000270000000000;1330;;103961;2;31111
0002;10;00;M;000170000000000;1330;;202406;1;157222
0001;10;00;M;000270000000000;1330;;108669;2;175556
0001;10;00;M;000030000000000;1330;;200002;6;54444
0001;10;00;M;000270000000000;1330;;101178;4;173333
0001;10;00;M;000270000000000;1330;;101015;1;33148
0001;10;00;M;000270000000000;1330;;109422;1;15556
0001;10;00;M;000030000000000;1330;;201206;5;31481
0001;10;00;M;000270000000000;1330;;101122;3;116111
0001;10;00;M;000270000000000;1330;;105836;3;0
0001;10;00;M;000270000000000;1330;;103791;1;38704
0001;10;00;M;000270000000000;1330;;101470;4;0
0001;10;00;M;000030000000000;1330;;201146;10;62963
0001;10;00;M;000270000000000;1330;;102753;2;129259
0001;10;00;M;000030000000000;1330;;201269;13;81852
0001;10;00;M;000270000000000;1330;;101270;22;0
0001;10;00;M;000270000000000;1330;;102726;3;135556
0001;10;00;M;000270000000000;1330;;103763;1;15556
0001;10;00;M;000030000000000;1330;;100614;4;21481
0001;10;00;M;000030000000000;1330;;100596;3;16111
0001;10;00;M;000030000000000;1330;;201211;12;75556
0001;10;00;M;000270000000000;1330;;102069;3;107778
0001;10;00;M;000270000000000;1330;;106353;2;153333
0001;10;00;M;000270000000000;1330;;101433;4;0
0001;10;00;M;000270000000000;1330;;106350;1;0
0001;10;00;M;000030000000000;1330;;100606;3;18889
0001;10;00;M;000030000000000;1330;;104554;5;22222
0002;10;00;M;000170000000000;1330;;102979;1;31296
0002;10;00;M;000170000000000;1330;;101193;1;26667
0001;10;00;M;000270000000000;1330;;102629;1;0
0001;10;00;M;000270000000000;1330;;102359;1;39630
0001;10;00;M;000270000000000;1330;;105188;2;60741
0001;10;00;M;000270000000000;1330;;101891;3;46667
0001;10;00;M;000030000000000;1330;;100999;1;5370
0001;10;00;M;000030000000000;1330;;200004;9;81667
0001;10;00;M;000030000000000;1330;;108533;1;9074
0001;10;00;M;000030000000000;1330;;102633;2;23704
0001;10;00;M;000030000000000;1330;;102748;3;43889
0001;10;00;M;000270000000000;1330;;103782;1;25741
0001;10;00;M;000270000000000;1330;;103187;3;249444
0001;10;00;M;000270000000000;1330;;101552;1;0
0001;10;00;M;000270000000000;1330;;104837;4;0
0001;10;00;M;000030000000000;1330;;102637;6;54444
0001;10;00;M;000270000000000;1330;;103449;8;220741
0001;10;00;M;000270000000000;1330;;103107;1;24815
0001;10;00;M;000030000000000;1330;;102102;2;20000
0001;10;00;M;000270000000000;1330;;101267;2;55185
0001;10;00;M;000270000000000;1330;;103567;1;29444
0001;10;00;M;000270000000000;1330;;106272;80;0
0001;10;00;M;000030000000000;1330;;102635;11;89630
0001;10;00;M;000270000000000;1330;;103419;2;101481
0001;10;00;M;000270000000000;1330;;108280;1;15556
0001;10;00;M;000270000000000;1330;;102708;1;15556
0002;10;00;M;000170000000000;1330;;201615;4;54815
0001;10;00;M;000270000000000;1330;;102876;1;31296
0001;10;00;M;000270000000000;1330;;104009;1;24815
0002;10;00;M;000170000000000;1330;;101709;8;213333
0001;10;00;M;000270000000000;1330;;105419;2;0
0001;10;00;M;000030000000000;1330;;105735;1;0
0001;10;00;M;000270000000000;1330;;105446;1;0
0001;10;00;M;000270000000000;1330;;105631;1;0
0001;10;00;M;000270000000000;1330;;101244;2;58889
0001;10;00;M;000270000000000;1330;;103410;1;35000
0001;10;00;M;000030000000000;1330;;200008;3;43889
0001;10;00;M;000270000000000;1330;;103406;1;41481
0001;10;00;M;000270000000000;1330;;103421;1;42407
0001;10;00;M;000270000000000;1330;;102036;1;40556
0001;10;00;M;000270000000000;1330;;109363;3;80000
0001;10;00;M;000270000000000;1330;;104814;1;13796
0001;10;00;M;000270000000000;1330;;105352;1;24444
0001;10;00;M;000270000000000;1330;;103134;2;66296
0001;10;00;M;000270000000000;1330;;101525;2;0
0001;10;00;M;000270000000000;1330;;109203;1;41481
0001;10;00;M;000030000000000;1330;;108531;2;14444
0001;10;00;M;000270000000000;1330;;102127;2;5185
0001;10;00;M;000270000000000;1330;;102961;1;22037
0002;10;00;M;000170000000000;1330;;108124;1;38704
0001;10;00;M;000270000000000;1330;;104693;1;39630
0001;10;00;M;000270000000000;1330;;102073;2;53333
0001;10;00;M;000270000000000;1330;;103559;2;86667
0001;10;00;M;000270000000000;1330;;108267;1;36852
0001;10;00;M;000270000000000;1330;;103600;3;207778
0001;10;00;M;000270000000000;1330;;103786;1;41481
0001;10;00;M;000270000000000;1330;;102177;3;10556
0001;10;00;M;000270000000000;1330;;103377;1;15556
0001;10;00;M;000270000000000;1330;;102349;1;15556
0001;10;00;M;000030000000000;1330;;102619;1;8148
0002;10;00;M;000170000000000;1330;;101878;1;27593
0001;10;00;M;000270000000000;1330;;103104;1;30370
0001;10;00;M;000270000000000;1330;;103154;2;60741
0001;10;00;M;000270000000000;1330;;101535;3;0
0001;10;00;M;000270000000000;1330;;103441;2;62593
0002;10;00;M;000170000000000;1330;;109583;0;0
0001;10;00;M;000270000000000;1330;;109361;2;153333
0002;10;00;M;000170000000000;1330;;109584;2;44074
0001;10;00;M;000030000000000;1330;;200000;1;11852
0001;10;00;M;000030000000000;1330;;101219;1;10926
0001;10;00;M;000270000000000;1330;;105082;1;3519
0001;10;00;M;000270000000000;1330;;101203;1;49815
0001;10;00;M;000270000000000;1330;;202274;17;30600
0001;10;00;M;000270000000000;1330;;103114;1;6296
0002;10;00;M;000170000000000;1330;;201187;16;160000
0002;10;00;M;000170000000000;1330;;109635;2;62593
0001;10;00;M;000270000000000;1330;;104928;2;51481
0001;10;00;M;000270000000000;1330;;103773;1;15556
0001;10;00;M;000270000000000;1330;;103458;1;35000
0001;10;00;M;000270000000000;1330;;109199;2;73704
0001;10;00;M;000270000000000;1330;;103783;2;40370
0001;10;00;M;000270000000000;1330;;108266;1;51667
0001;10;00;M;000030000000000;1330;;200009;1;9074
0001;10;00;M;000030000000000;1330;;102644;1;6296
0001;10;00;M;000030000000000;1330;;102747;3;21667
0001;10;00;M;000270000000000;1330;;103552;1;35926
0001;10;00;M;000030000000000;1330;;104446;1;8148
0001;10;00;M;000270000000000;1330;;102066;1;23889
0001;10;00;M;000270000000000;1330;;109788;1;21111
0001;10;00;M;000270000000000;1330;;103562;4;184444
0001;10;00;T;000270000000000;1330;1397;109083;2;68148
0001;10;00;M;000270000000000;1330;;101258;1;48889
0001;10;00;M;000270000000000;1330;;101119;0;0
0001;10;00;M;000270000000000;1330;;102222;1;3519
0001;10;00;M;000270000000000;1330;;102874;1;32222
0001;10;00;M;000270000000000;1330;;103515;1;43333
0001;10;00;M;000270000000000;1330;;101084;2;129259
0002;10;00;M;000170000000000;1330;;109585;2;57037
0001;10;00;M;000030000000000;1330;;202112;1;9074
0001;10;00;M;000270000000000;1330;;104602;1;0
0001;10;00;M;000270000000000;1330;;103899;1;15556
0001;10;00;M;000030000000000;1330;;102109;2;10741
0001;10;00;M;000270000000000;1330;;102065;1;28519
0001;10;00;T;000270000000000;1330;1397;109144;2;36667
0001;10;00;T;000270000000000;1330;1397;109069;1;27593
0001;10;00;T;000270000000000;1330;1397;109095;1;7222
0001;10;00;T;000270000000000;1330;1397;109134;1;15556
0001;10;00;T;000270000000000;1330;1397;109136;2;20000
0002;10;00;M;000170000000000;1330;;200627;1;69259
0007;10;00;;;1330;;;;637416
0005;10;00;;;1330;;;;517196
