0002;10;00;M;000170000000000;1329;;202673;1;97963
0001;10;00;M;000270000000000;1329;;101026;12;420000
0001;10;00;M;000270000000000;1329;;103539;11;354444
0001;10;00;M;000270000000000;1329;;100953;29;1337222
0001;10;00;M;000270000000000;1329;;103867;42;1120000
0001;10;00;M;000270000000000;1329;;101613;111;0
0001;10;00;M;000030000000000;1329;;102747;45;325000
0002;10;00;M;000170000000000;1329;;102933;3;71667
0001;10;00;M;000270000000000;1329;;103018;1;39630
0001;10;00;M;000270000000000;1329;;102692;14;477037
0001;10;00;M;000030000000000;1329;;102637;16;145185
0001;10;00;M;000030000000000;1329;;102749;19;154815
0001;10;00;M;000270000000000;1329;;106491;6;332222
0001;10;00;M;000270000000000;1329;;103549;3;88333
0001;10;00;M;000030000000000;1329;;100999;10;53704
0001;10;00;M;000270000000000;1329;;103780;18;280000
0002;10;00;M;000170000000000;1329;;102762;1;29444
0002;10;00;M;000170000000000;1329;;108101;6;204444
0001;10;00;M;000270000000000;1329;;102923;3;193889
0001;10;00;M;000270000000000;1329;;109509;1;41481
0001;10;00;M;000030000000000;1329;;200000;41;485926
0001;10;00;M;000030000000000;1329;;102748;21;307222
0001;10;00;M;000030000000000;1329;;200007;58;687407
0001;10;00;M;000270000000000;1329;;102458;12;220000
0001;10;00;M;000030000000000;1329;;101641;61;0
0001;10;00;M;000270000000000;1329;;102797;7;368148
0001;10;00;M;000270000000000;1329;;105424;6;443333
0001;10;00;M;000270000000000;1329;;103023;24;1151111
0001;10;00;M;000270000000000;1329;;101953;11;476667
0001;10;00;M;000030000000000;1329;;100614;31;166481
0001;10;00;M;000270000000000;1329;;109317;6;93333
0001;10;00;M;000270000000000;1329;;101891;26;404444
0002;10;00;M;000170000000000;1329;;107567;1;21111
0002;10;00;M;000170000000000;1329;;108116;2;82963
0001;10;00;M;000030000000000;1329;;105735;8;0
0001;10;00;M;000270000000000;1329;;104253;5;77778
0001;10;00;M;000270000000000;1329;;103690;10;414815
0001;10;00;M;000270000000000;1329;;105752;3;0
0001;10;00;M;000270000000000;1329;;104655;21;812778
0001;10;00;M;000270000000000;1329;;103028;15;830556
0001;10;00;M;000270000000000;1329;;102927;57;3525556
0001;10;00;M;000270000000000;1329;;101546;59;0
0001;10;00;M;000270000000000;1329;;105090;55;0
0001;10;00;M;000270000000000;1329;;105509;57;0
0001;10;00;M;000030000000000;1329;;100596;5;26852
0002;10;00;M;000170000000000;1329;;101702;1;35926
0002;10;00;M;000170000000000;1329;;201187;36;360000
0002;10;00;M;000170000000000;1329;;201960;7;89444
0001;10;00;M;000270000000000;1329;;102395;4;147407
0001;10;00;M;000270000000000;1329;;103712;5;179630
0001;10;00;M;000030000000000;1329;;201269;33;207778
0001;10;00;M;000270000000000;1329;;102540;1;34074
0001;10;00;M;000270000000000;1329;;100954;3;124444
0001;10;00;M;000270000000000;1329;;109181;4;258519
0001;10;00;M;000270000000000;1329;;109503;5;309259
0001;10;00;M;000270000000000;1329;;103940;1;55370
0001;10;00;M;000030000000000;1329;;102635;28;226443
0001;10;00;M;000270000000000;1329;;101323;13;382778
0001;10;00;M;000270000000000;1329;;101927;11;1423889
0001;10;00;M;000270000000000;1329;;103536;2;73704
0002;10;00;M;000170000000000;1329;;102848;6;248889
0001;10;00;M;000270000000000;1329;;100435;1;70185
0001;10;00;M;000270000000000;1329;;104180;1;83148
0002;10;00;M;000170000000000;1329;;108473;2;62593
0001;10;00;M;000270000000000;1329;;109513;9;331667
0001;10;00;M;000270000000000;1329;;109117;1;18333
0001;10;00;M;000270000000000;1329;;103615;32;1149630
0001;10;00;M;000030000000000;1329;;201211;24;151111
0001;10;00;M;000270000000000;1329;;106380;1;18704
0002;10;00;M;000170000000000;1329;;104234;25;851852
0001;10;00;M;000270000000000;1329;;109180;1;40556
0001;10;00;M;000270000000000;1329;;109502;4;95556
0001;10;00;M;000270000000000;1329;;104214;2;29259
0001;10;00;M;000030000000000;1329;;102643;20;274074
0001;10;00;M;000270000000000;1329;;102824;5;221296
0001;10;00;M;000270000000000;1329;;102456;13;202222
0001;10;00;M;000030000000000;1329;;102633;35;414815
0001;10;00;M;000270000000000;1329;;109318;7;290370
0001;10;00;M;000270000000000;1329;;101047;5;216667
0002;10;00;M;000170000000000;1329;;200480;22;260741
0001;10;00;M;000030000000000;1329;;108191;23;0
0001;10;00;M;000270000000000;1329;;104240;7;186667
0002;10;00;M;000170000000000;1329;;101973;1;46111
0001;10;00;M;000270000000000;1329;;109505;2;36667
0001;10;00;M;000270000000000;1329;;100817;1;24537
0001;10;00;M;000270000000000;1329;;109515;2;125556
0001;10;00;M;000030000000000;1329;;103912;14;101111
0001;10;00;M;000270000000000;1329;;102535;8;146667
0001;10;00;M;000030000000000;1329;;201206;17;107037
0001;10;00;M;000270000000000;1329;;101045;3;188333
0001;10;00;M;000270000000000;1329;;101051;3;138333
0002;10;00;M;000170000000000;1329;;101772;2;29259
0001;10;00;M;000270000000000;1329;;109514;1;35926
0001;10;00;M;000270000000000;1329;;102850;8;331852
0001;10;00;M;000270000000000;1329;;106867;2;110741
0001;10;00;M;000270000000000;1329;;101883;8;405926
0001;10;00;M;000270000000000;1329;;108437;4;332593
0002;10;00;M;000170000000000;1329;;107564;4;177037
0001;10;00;M;000270000000000;1329;;103714;7;387593
0001;10;00;M;000270000000000;1329;;102925;3;41111
0002;10;00;M;000170000000000;1329;;105451;4;295556
0001;10;00;M;000270000000000;1329;;107333;15;969444
0001;10;00;M;000270000000000;1329;;103746;6;232222
0001;10;00;M;000270000000000;1329;;101971;5;249074
0001;10;00;M;000270000000000;1329;;104215;3;52222
0001;10;00;M;000270000000000;1329;;101929;10;155556
0001;10;00;M;000270000000000;1329;;105480;2;68148
0001;10;00;M;000270000000000;1329;;109217;29;0
0002;10;00;M;000170000000000;1329;;200136;1;101667
0002;10;00;M;000170000000000;1329;;108836;16;456296
0001;10;00;M;000270000000000;1329;;102457;19;330741
0002;10;00;M;000170000000000;1329;;201615;38;520741
0001;10;00;M;000270000000000;1329;;102926;4;232593
0001;10;00;M;000270000000000;1329;;105010;7;0
0001;10;00;M;000270000000000;1329;;106337;12;0
0001;10;00;M;000270000000000;1329;;101546;4;0
0001;10;00;M;000270000000000;1329;;105081;4;0
0001;10;00;M;000270000000000;1329;;105509;4;0
0001;10;00;M;000270000000000;1329;;105023;13;707778
0001;10;00;M;000030000000000;1329;;104446;15;122222
0001;10;00;M;000030000000000;1329;;201237;16;100741
0001;10;00;M;000270000000000;1329;;102340;5;165741
0001;10;00;M;000270000000000;1329;;101425;4;65926
0002;10;00;M;000170000000000;1329;;103225;2;90370
0001;10;00;M;000270000000000;1329;;102459;6;104444
0001;10;00;M;000270000000000;1329;;100990;3;221667
0001;10;00;M;000030000000000;1329;;100606;16;100741
0001;10;00;M;000030000000000;1329;;100613;6;36111
0001;10;00;M;000270000000000;1329;;104004;4;69630
0001;10;00;M;000270000000000;1329;;101088;1;2593
0001;10;00;M;000030000000000;1329;;202134;5;45370
0001;10;00;M;000030000000000;1329;;102663;6;60000
0001;10;00;M;000270000000000;1329;;103953;1;15556
0001;10;00;M;000270000000000;1329;;102924;2;36667
0001;10;00;M;000270000000000;1329;;103692;2;79259
0001;10;00;M;000270000000000;1329;;101035;5;100926
0001;10;00;M;000270000000000;1329;;109510;1;38704
0001;10;00;M;000270000000000;1329;;102790;3;105000
0001;10;00;M;000270000000000;1329;;101050;5;230556
0001;10;00;M;000270000000000;1329;;102971;3;249444
0001;10;00;M;000270000000000;1329;;103073;4;121481
0001;10;00;M;000270000000000;1329;;101195;4;54815
0001;10;00;M;000030000000000;1329;;104554;11;48889
0001;10;00;M;000270000000000;1329;;107334;4;332593
0001;10;00;M;000270000000000;1329;;102920;4;162222
0001;10;00;M;000270000000000;1329;;102800;13;912407
0001;10;00;M;000030000000000;1329;;102751;4;32593
0001;10;00;M;000270000000000;1329;;107526;3;91111
0001;10;00;M;000270000000000;1329;;102447;10;155556
0001;10;00;M;000270000000000;1329;;101992;5;147222
0001;10;00;M;000270000000000;1329;;101321;2;49630
0001;10;00;M;000030000000000;1329;;202112;1;9074
0001;10;00;M;000270000000000;1329;;104766;1;15556
0001;10;00;M;000270000000000;1329;;105380;1;0
0001;10;00;M;000270000000000;1329;;101304;6;426667
0001;10;00;M;000270000000000;1329;;104184;1;120185
0001;10;00;M;000270000000000;1329;;103638;1;64630
0001;10;00;M;000270000000000;1329;;109508;1;27593
0001;10;00;M;000270000000000;1329;;103866;3;82778
0001;10;00;M;000030000000000;1329;;102616;2;12593
0001;10;00;M;000030000000000;1329;;102619;6;48889
0001;10;00;M;000030000000000;1329;;200008;5;73148
0001;10;00;M;000270000000000;1329;;102972;4;369630
0001;10;00;M;000270000000000;1329;;103022;2;140370
0001;10;00;M;000270000000000;1329;;104216;1;16481
0001;10;00;M;000270000000000;1329;;101930;3;143889
0001;10;00;M;000270000000000;1329;;102337;4;332593
0001;10;00;M;000270000000000;1329;;106922;16;0
0001;10;00;M;000270000000000;1329;;103814;2;144074
0001;10;00;M;000270000000000;1329;;102842;4;291852
0002;10;00;M;000170000000000;1329;;105918;3;77222
0001;10;00;M;000270000000000;1329;;102743;3;80000
0001;10;00;M;000270000000000;1329;;103544;4;106667
0002;10;00;M;000170000000000;1329;;101728;3;96667
0001;10;00;M;000270000000000;1329;;105239;2;86667
0001;10;00;M;000270000000000;1329;;103548;1;58148
0001;10;00;M;000270000000000;1329;;101040;1;42407
0001;10;00;M;000270000000000;1329;;106077;4;140000
0001;10;00;M;000270000000000;1329;;108429;8;568889
0001;10;00;M;000030000000000;1329;;202133;1;9074
0001;10;00;M;000270000000000;1329;;103962;2;127407
0001;10;00;M;000270000000000;1329;;102445;2;142222
0001;10;00;M;000270000000000;1329;;103813;5;276852
0001;10;00;M;000270000000000;1329;;103815;1;26667
0001;10;00;M;000270000000000;1329;;103058;8;242963
0001;10;00;M;000270000000000;1329;;103596;5;406481
0001;10;00;M;000270000000000;1329;;103591;2;58889
0001;10;00;M;000270000000000;1329;;103025;4;258519
0001;10;00;M;000270000000000;1329;;103979;3;163333
0001;10;00;M;000270000000000;1329;;101316;1;34074
0001;10;00;M;000270000000000;1329;;102228;2;7037
0001;10;00;M;000270000000000;1329;;109511;6;260000
0002;10;00;M;000170000000000;1329;;106012;8;368889
0001;10;00;M;000270000000000;1329;;104256;5;133333
0001;10;00;M;000270000000000;1329;;102142;2;18148
0001;10;00;M;000270000000000;1329;;102689;7;374630
0001;10;00;M;000270000000000;1329;;105197;3;27222
0001;10;00;M;000270000000000;1329;;102455;7;245000
0001;10;00;M;000270000000000;1329;;102986;1;10926
0001;10;00;M;000270000000000;1329;;105731;7;0
0001;10;00;M;000270000000000;1329;;104259;4;51111
0001;10;00;M;000270000000000;1329;;104261;3;63333
0002;10;00;M;000170000000000;1329;;202507;1;161852
0001;10;00;M;000270000000000;1329;;103944;1;19259
0001;10;00;M;000270000000000;1329;;103826;5;156481
0001;10;00;M;000270000000000;1329;;103747;3;182778
0001;10;00;M;000270000000000;1329;;103679;2;368148
0001;10;00;M;000270000000000;1329;;105730;6;0
0001;10;00;M;000270000000000;1329;;105868;2;0
0001;10;00;M;000270000000000;1329;;105255;1;0
0001;10;00;M;000270000000000;1329;;103057;2;108889
0001;10;00;M;000270000000000;1329;;103952;1;30370
0001;10;00;M;000270000000000;1329;;109501;3;80000
0001;10;00;M;000270000000000;1329;;103695;2;147778
0001;10;00;M;000030000000000;1329;;102620;1;9074
0001;10;00;M;000030000000000;1329;;102617;1;7222
0001;10;00;M;000270000000000;1329;;109504;3;77222
0001;10;00;M;000270000000000;1329;;103165;7;225102
0001;10;00;M;000270000000000;1329;;107043;5;207407
0001;10;00;M;000270000000000;1329;;101048;4;165926
0001;10;00;M;000270000000000;1329;;101996;9;131667
0001;10;00;M;000270000000000;1329;;103687;1;83148
0001;10;00;M;000270000000000;1329;;100905;1;25185
0001;10;00;M;000270000000000;1329;;103923;1;24537
0001;10;00;M;000270000000000;1329;;103019;2;68148
0001;10;00;M;000270000000000;1329;;102840;7;646852
0001;10;00;M;000030000000000;1329;;200012;5;45370
0001;10;00;M;000270000000000;1329;;103002;2;32963
0001;10;00;M;000030000000000;1329;;202114;1;10926
0001;10;00;M;000270000000000;1329;;108443;3;185556
0001;10;00;M;000270000000000;1329;;105472;1;69259
0002;10;00;M;000170000000000;1329;;102607;1;46111
0002;10;00;M;000170000000000;1329;;200031;0;0
0002;10;00;M;000170000000000;1329;;200033;0;0
0001;10;00;M;000270000000000;1329;;202274;1347;2424600
0001;10;00;M;000270000000000;1329;;202572;64;325926
0001;10;00;M;000270000000000;1329;;104308;1;81296
0002;10;00;M;000170000000000;1329;;202408;1;160000
0002;10;00;M;000170000000000;1329;;201961;3;38333
0001;10;00;M;000270000000000;1329;;103075;6;321111
0001;10;00;M;000270000000000;1329;;102771;3;46667
0001;10;00;M;000270000000000;1329;;102239;2;10741
0002;10;00;M;000170000000000;1329;;200168;1;129444
0001;10;00;M;000270000000000;1329;;104869;1;73889
0001;10;00;M;000270000000000;1329;;101970;1;126667
0001;10;00;M;000270000000000;1329;;103864;2;158889
0001;10;00;M;000270000000000;1329;;109165;1;72963
0002;10;00;M;000170000000000;1329;;202513;1;140556
0001;10;00;M;000270000000000;1329;;102594;1;57222
0002;10;00;M;000170000000000;1329;;200627;1;69259
0001;10;00;M;000270000000000;1329;;103547;1;69259
0001;10;00;M;000030000000000;1329;;100607;2;12593
0002;10;00;M;000170000000000;1329;;101802;4;102963
0001;10;00;M;000270000000000;1329;;105520;6;0
0002;10;00;M;000170000000000;1329;;200202;1;110000
0001;10;00;M;000270000000000;1329;;109320;2;66296
0001;10;00;M;000030000000000;1329;;102102;3;30000
0020;10;00;M;000180000000000;1329;;201604;15;61500
0001;10;00;M;000270000000000;1329;;109178;1;23889
0001;10;00;M;000270000000000;1329;;103719;4;106667
0001;10;00;M;000030000000000;1329;;201277;3;18889
0001;10;00;M;000270000000000;1329;;103851;1;92407
0001;10;00;M;000270000000000;1329;;105434;1;39630
0001;10;00;M;000270000000000;1329;;102052;5;309259
0001;10;00;M;000270000000000;1329;;101322;2;45926
0002;10;00;M;000170000000000;1329;;202387;1;21111
0001;10;00;M;000270000000000;1329;;103730;2;38519
0002;10;00;M;000170000000000;1329;;108120;0;0
0001;10;00;M;000270000000000;1329;;105446;5;0
0002;10;00;M;000170000000000;1329;;200723;1;204444
0001;10;00;M;000270000000000;1329;;105474;1;0
0002;10;00;M;000170000000000;1329;;101844;8;235556
0001;10;00;M;000270000000000;1329;;103675;1;0
0001;10;00;M;000270000000000;1329;;107168;2;68148
0001;10;00;M;000270000000000;1329;;101318;2;66296
0001;10;00;M;000270000000000;1329;;107209;3;488333
0002;10;00;M;000170000000000;1329;;101818;2;53333
0001;10;00;M;000030000000000;1329;;108192;2;0
0002;10;00;M;000170000000000;1329;;101819;12;320000
0001;10;00;M;000270000000000;1329;;109512;0;0
0001;10;00;M;000270000000000;1329;;103519;2;145926
0001;10;00;M;000270000000000;1329;;102694;1;33148
0001;10;00;M;000270000000000;1329;;109533;7;225556
0002;10;00;M;000170000000000;1329;;101947;1;17407
0002;10;00;M;000170000000000;1329;;107571;2;70000
0001;10;00;M;000270000000000;1329;;101651;1;15556
0001;10;00;M;000270000000000;1329;;102995;5;110185
0001;10;00;M;000270000000000;1329;;101305;1;20185
0002;10;00;M;000170000000000;1329;;200137;1;103519
0002;10;00;M;000170000000000;1329;;201967;1;253519
0001;10;00;M;000270000000000;1329;;105631;1;0
0001;10;00;M;000270000000000;1329;;108518;1;39630
0001;10;00;M;000270000000000;1329;;102997;6;63270
0002;10;00;M;000170000000000;1329;;201959;3;38333
0001;10;00;M;000270000000000;1329;;104200;1;14630
0002;10;00;M;000170000000000;1329;;102605;1;44259
0001;10;00;M;000270000000000;1329;;102804;1;40556
0001;10;00;M;000030000000000;1329;;102112;1;5370
0001;10;00;M;000270000000000;1329;;102143;1;4815
0001;10;00;M;000270000000000;1329;;108517;1;60926
0001;10;00;M;000270000000000;1329;;109507;1;24815
0002;10;00;M;000170000000000;1329;;101878;1;27593
0002;10;00;M;000170000000000;1329;;103151;1;44259
0001;10;00;M;000270000000000;1329;;102208;1;7222
0001;10;00;M;000270000000000;1329;;102197;1;9074
0002;10;00;M;000170000000000;1329;;202380;0;0
0002;10;00;M;000170000000000;1329;;202498;0;0
0002;10;00;M;000170000000000;1329;;202646;0;0
0002;10;00;M;000170000000000;1329;;202500;0;0
0002;10;00;M;000170000000000;1329;;200140;1;66481
0001;10;00;M;000270000000000;1329;;103943;1;49815
0001;10;00;M;000270000000000;1329;;102691;1;78519
0001;10;00;M;000270000000000;1329;;102778;1;18333
0001;10;00;M;000270000000000;1329;;105457;1;20185
0001;10;00;M;000030000000000;1329;;101216;1;6296
0002;10;00;M;000170000000000;1329;;107767;2;94074
0007;10;00;;;1329;;;;5068929
0005;10;00;;;1329;;;;4398017
