3752;2023-03-13 12:38:56.517000;1;107829;1;1;41800.0000;1;None;None;41800.0000
3752;2023-03-13 12:38:56.517000;7;1117;1;1;0.0000;1;None;None;41800.0000
3753;2023-03-13 12:44:54.150000;1;104347;1;1;49200.0000;1;None;None;115900.0000
3753;2023-03-13 12:44:54.150000;1;107839;1;1;43900.0000;1;None;None;115900.0000
3753;2023-03-13 12:44:54.150000;1;107871;1;1;15600.0000;1;None;None;115900.0000
3753;2023-03-13 12:44:54.150000;3;200644;1;1;7200.0000;1;None;None;115900.0000
3754;2023-03-13 14:14:57.767000;1;107831;1;1;61800.0000;1;None;None;139000.0000
3754;2023-03-13 14:14:57.767000;1;104447;1;1;62800.0000;1;None;None;139000.0000
3754;2023-03-13 14:14:57.767000;3;201420;1;1;7200.0000;1;None;None;139000.0000
3754;2023-03-13 14:14:57.767000;3;201210;1;1;7200.0000;1;None;None;139000.0000
3755;2023-03-13 15:03:24.233000;1;103351;1;2;83600.0000;1;None;None;83600.0000
3755;2023-03-13 15:03:24.233000;7;1077;1;1;0.0000;1;None;None;83600.0000
3755;2023-03-13 15:03:24.233000;7;1117;1;1;0.0000;1;None;None;83600.0000
3755;2023-03-13 15:03:24.233000;7;1069;1;1;0.0000;1;None;None;83600.0000
11172;2023-03-13 12:09:42.587000;3;104355;1;1;11800.0000;1;14130.0000;None;152600.0000
11172;2023-03-13 12:09:42.587000;3;201237;1;1;6800.0000;1;14130.0000;None;152600.0000
11172;2023-03-13 12:09:42.587000;7;2050;1;1;0.0000;1;14130.0000;None;152600.0000
11172;2023-03-13 12:12:01.393000;1;104341;1;1;39800.0000;1;14130.0000;None;152600.0000
11172;2023-03-13 12:12:01.393000;1;107827;1;1;55800.0000;1;14130.0000;None;152600.0000
11172;2023-03-13 13:12:49.827000;3;100614;1;1;5800.0000;1;14130.0000;None;152600.0000
11172;2023-03-13 13:12:49.827000;3;100614;1;1;5800.0000;1;14130.0000;None;152600.0000
11172;2023-03-13 13:21:46.510000;1;104498;1;1;26800.0000;1;14130.0000;None;152600.0000
11178;2023-03-13 12:53:29.437000;3;200644;1;1;6800.0000;1;8444.0000;None;91200.0000
11178;2023-03-13 12:53:29.437000;1;101270;1;1;0.0000;1;8444.0000;None;91200.0000
11178;2023-03-13 12:53:29.437000;1;107836;1;1;19800.0000;1;8444.0000;None;91200.0000
11178;2023-03-13 12:53:29.437000;1;107831;1;1;58800.0000;1;8444.0000;None;91200.0000
11178;2023-03-13 13:36:55.193000;3;100614;1;1;5800.0000;1;8444.0000;None;91200.0000
11179;2023-03-13 13:02:43.463000;2;103225;1;1;48800.0000;1;14741.0000;None;159200.0000
11179;2023-03-13 13:02:43.463000;2;103225;1;1;48800.0000;1;14741.0000;None;159200.0000
11179;2023-03-13 13:04:24.310000;1;104447;1;1;59800.0000;1;14741.0000;None;159200.0000
11179;2023-03-13 13:04:24.310000;1;104777;1;1;1800.0000;1;14741.0000;None;159200.0000
11180;2023-03-13 13:07:51.450000;3;201146;1;1;6800.0000;1;11222.0000;None;121200.0000
11180;2023-03-13 13:07:51.450000;1;101270;1;1;0.0000;1;11222.0000;None;121200.0000
11180;2023-03-13 13:07:51.450000;3;201146;1;1;6800.0000;1;11222.0000;None;121200.0000
11180;2023-03-13 13:07:51.450000;1;101270;1;1;0.0000;1;11222.0000;None;121200.0000
11180;2023-03-13 13:12:27.690000;1;103351;1;1;39800.0000;1;11222.0000;None;121200.0000
11180;2023-03-13 13:12:27.690000;1;109155;1;1;67800.0000;1;11222.0000;None;121200.0000
11181;2023-03-13 13:40:05.213000;2;103225;1;1;48800.0000;1;4519.0000;None;48800.0000
11182;2023-03-13 14:14:19.957000;1;108319;1;1;89800.0000;1;12241.0000;None;132200.0000
11182;2023-03-13 14:14:19.957000;7;1029;1;1;0.0000;1;12241.0000;None;132200.0000
11182;2023-03-13 14:14:19.957000;2;201615;1;1;14800.0000;1;12241.0000;None;132200.0000
11182;2023-03-13 14:14:19.957000;2;201615;1;1;14800.0000;1;12241.0000;None;132200.0000
11182;2023-03-13 14:14:19.957000;2;202604;1;1;12800.0000;1;12241.0000;None;132200.0000
11183;2023-03-13 14:27:37.307000;3;201206;1;1;6800.0000;1;11037.0000;None;119200.0000
11183;2023-03-13 14:27:37.307000;3;104355;1;1;11800.0000;1;11037.0000;None;119200.0000
11183;2023-03-13 14:27:37.307000;1;107831;1;1;58800.0000;1;11037.0000;None;119200.0000
11183;2023-03-13 14:27:37.307000;1;107839;1;1;41800.0000;1;11037.0000;None;119200.0000
11183;2023-03-13 14:27:37.307000;7;1135;1;1;0.0000;1;11037.0000;None;119200.0000
11184;2023-03-13 14:29:22.870000;1;107836;1;1;19800.0000;1;25278.0000;None;273000.0000
11184;2023-03-13 14:29:22.870000;1;107836;1;1;19800.0000;1;25278.0000;None;273000.0000
11184;2023-03-13 14:29:22.870000;7;1077;1;1;0.0000;1;25278.0000;None;273000.0000
11184;2023-03-13 14:29:22.870000;1;107840;1;1;45800.0000;1;25278.0000;None;273000.0000
11184;2023-03-13 14:29:22.870000;1;109243;1;1;45800.0000;1;25278.0000;None;273000.0000
11184;2023-03-13 14:29:22.870000;1;107831;1;1;58800.0000;1;25278.0000;None;273000.0000
11184;2023-03-13 14:29:22.870000;1;107832;1;1;44800.0000;1;25278.0000;None;273000.0000
11184;2023-03-13 14:29:22.870000;3;107873;1;1;8800.0000;1;25278.0000;None;273000.0000
11184;2023-03-13 14:29:22.870000;7;2042;1;1;0.0000;1;25278.0000;None;273000.0000
11184;2023-03-13 14:29:22.870000;3;107873;1;1;8800.0000;1;25278.0000;None;273000.0000
11184;2023-03-13 14:29:22.870000;7;2042;1;1;0.0000;1;25278.0000;None;273000.0000
11184;2023-03-13 14:29:22.870000;3;104355;1;1;11800.0000;1;25278.0000;None;273000.0000
11184;2023-03-13 14:29:22.870000;7;2042;1;1;0.0000;1;25278.0000;None;273000.0000
11184;2023-03-13 15:10:51.727000;3;107873;1;1;8800.0000;1;25278.0000;None;273000.0000
11185;2023-03-13 14:29:46.103000;1;107831;1;1;58800.0000;1;13889.0000;None;150000.0000
11185;2023-03-13 14:29:46.103000;1;104347;1;1;46800.0000;1;13889.0000;None;150000.0000
11185;2023-03-13 14:29:46.103000;2;201615;1;1;14800.0000;1;13889.0000;None;150000.0000
11185;2023-03-13 14:29:46.103000;2;201615;1;1;14800.0000;1;13889.0000;None;150000.0000
11185;2023-03-13 14:46:21.640000;2;201615;1;1;14800.0000;1;13889.0000;None;150000.0000
11186;2023-03-13 16:11:31.853000;1;107836;1;1;19800.0000;1;None;None;19800.0000
11186;2023-03-13 16:11:31.853000;7;1157;1;1;0.0000;1;None;None;19800.0000
11187;2023-03-13 17:12:30.820000;3;107873;1;1;8800.0000;1;5685.0000;None;61400.0000
11187;2023-03-13 17:14:37.790000;1;107840;1;1;45800.0000;1;5685.0000;None;61400.0000
11187;2023-03-13 17:24:44.223000;1;102158;1;1;6800.0000;1;5685.0000;None;61400.0000
21845;2023-03-13 12:33:32.783000;3;104355;1;1;11800.0000;1;16000.0000;None;172800.0000
21845;2023-03-13 12:33:32.783000;3;104355;1;1;11800.0000;1;16000.0000;None;172800.0000
21845;2023-03-13 12:43:04.977000;3;107873;1;1;8800.0000;1;16000.0000;None;172800.0000
21845;2023-03-13 12:43:04.977000;1;109335;1;1;39800.0000;1;16000.0000;None;172800.0000
21845;2023-03-13 12:43:04.977000;1;109246;1;1;53800.0000;1;16000.0000;None;172800.0000
21845;2023-03-13 12:47:38.633000;1;104347;1;1;46800.0000;1;16000.0000;None;172800.0000
21846;2023-03-13 12:37:28.783000;1;107840;1;1;45800.0000;1;28796.0000;None;311000.0000
21846;2023-03-13 12:37:28.783000;1;109155;1;1;67800.0000;1;28796.0000;None;311000.0000
21846;2023-03-13 12:37:28.783000;1;109155;1;1;67800.0000;1;28796.0000;None;311000.0000
21846;2023-03-13 12:37:28.783000;1;107825;1;1;48800.0000;1;28796.0000;None;311000.0000
21846;2023-03-13 12:37:28.783000;1;104347;1;1;46800.0000;1;28796.0000;None;311000.0000
21846;2023-03-13 12:37:28.783000;3;201269;1;1;6800.0000;1;28796.0000;None;311000.0000
21846;2023-03-13 12:37:28.783000;1;101270;1;1;0.0000;1;28796.0000;None;311000.0000
21846;2023-03-13 12:37:28.783000;3;201269;1;1;6800.0000;1;28796.0000;None;311000.0000
21846;2023-03-13 12:37:28.783000;3;108191;1;1;0.0000;1;28796.0000;None;311000.0000
21846;2023-03-13 12:37:28.783000;3;201269;1;1;6800.0000;1;28796.0000;None;311000.0000
21846;2023-03-13 12:37:28.783000;1;101270;1;1;0.0000;1;28796.0000;None;311000.0000
21846;2023-03-13 12:37:28.783000;3;201269;1;1;6800.0000;1;28796.0000;None;311000.0000
21846;2023-03-13 12:37:28.783000;1;101270;1;1;0.0000;1;28796.0000;None;311000.0000
21846;2023-03-13 12:37:28.783000;3;201269;1;1;6800.0000;1;28796.0000;None;311000.0000
21846;2023-03-13 12:37:28.783000;1;101270;1;1;0.0000;1;28796.0000;None;311000.0000
21847;2023-03-13 12:44:06.447000;1;104357;1;1;46800.0000;1;25611.0000;None;276600.0000
21847;2023-03-13 12:44:06.447000;1;109335;1;1;39800.0000;1;25611.0000;None;276600.0000
21847;2023-03-13 13:05:46.593000;3;107873;1;1;8800.0000;1;25611.0000;None;276600.0000
21847;2023-03-13 13:05:46.593000;3;201269;1;1;6800.0000;1;25611.0000;None;276600.0000
21847;2023-03-13 13:05:46.593000;1;101270;1;1;0.0000;1;25611.0000;None;276600.0000
21847;2023-03-13 13:05:46.593000;1;104347;1;1;46800.0000;1;25611.0000;None;276600.0000
21847;2023-03-13 13:05:46.593000;1;109336;1;1;67800.0000;1;25611.0000;None;276600.0000
21847;2023-03-13 13:05:46.593000;1;104447;1;1;59800.0000;1;25611.0000;None;276600.0000
21848;2023-03-13 13:09:16.353000;3;107873;1;1;8800.0000;1;25148.0000;None;271600.0000
21848;2023-03-13 13:09:16.353000;3;201146;1;1;6800.0000;1;25148.0000;None;271600.0000
21848;2023-03-13 13:09:16.353000;1;101270;1;1;0.0000;1;25148.0000;None;271600.0000
21848;2023-03-13 13:09:16.353000;3;201211;1;1;6800.0000;1;25148.0000;None;271600.0000
21848;2023-03-13 13:10:03.970000;1;107827;1;1;55800.0000;1;25148.0000;None;271600.0000
21848;2023-03-13 13:10:03.970000;7;1001;1;1;0.0000;1;25148.0000;None;271600.0000
21848;2023-03-13 13:35:20.113000;1;105696;1;1;73800.0000;1;25148.0000;None;271600.0000
21848;2023-03-13 13:35:20.113000;1;108029;1;1;0.0000;1;25148.0000;None;271600.0000
21848;2023-03-13 13:35:20.113000;7;1210;1;1;0.0000;1;25148.0000;None;271600.0000
21848;2023-03-13 13:35:20.113000;1;104447;1;1;59800.0000;1;25148.0000;None;271600.0000
21848;2023-03-13 13:35:20.113000;1;104447;1;1;59800.0000;1;25148.0000;None;271600.0000
21848;2023-03-13 13:35:20.113000;1;109205;1;1;0.0000;1;25148.0000;None;271600.0000
21849;2023-03-13 13:12:58.753000;3;104355;1;1;11800.0000;1;6074.0000;None;65600.0000
21849;2023-03-13 13:12:58.753000;1;109246;1;1;53800.0000;1;6074.0000;None;65600.0000
21850;2023-03-13 13:20:02.317000;1;104347;1;1;46800.0000;1;19463.0000;None;210200.0000
21850;2023-03-13 13:20:02.317000;2;200136;1;1;97800.0000;1;19463.0000;None;210200.0000
21850;2023-03-13 13:36:16.837000;1;107831;1;1;58800.0000;1;19463.0000;None;210200.0000
21850;2023-03-13 14:13:39.447000;3;201146;1;1;6800.0000;1;19463.0000;None;210200.0000
21851;2023-03-13 13:29:24.513000;3;107873;1;1;8800.0000;1;11500.0000;None;124200.0000
21851;2023-03-13 13:29:24.513000;2;101679;1;1;19800.0000;1;11500.0000;None;124200.0000
21851;2023-03-13 13:31:20.747000;1;104974;1;1;48800.0000;1;11500.0000;None;124200.0000
21851;2023-03-13 13:31:20.747000;1;104347;1;1;46800.0000;1;11500.0000;None;124200.0000
21852;2023-03-13 13:56:20.223000;1;107831;1;1;58800.0000;1;11963.0000;None;129200.0000
21852;2023-03-13 13:56:20.223000;7;1135;1;1;0.0000;1;11963.0000;None;129200.0000
21852;2023-03-13 13:56:20.223000;1;104337;1;1;49800.0000;1;11963.0000;None;129200.0000
21852;2023-03-13 13:56:20.223000;3;104355;1;1;11800.0000;1;11963.0000;None;129200.0000
21852;2023-03-13 13:56:20.223000;3;107873;1;1;8800.0000;1;11963.0000;None;129200.0000
