0001;10;00;M;000030000000000;1855;;201704;4;58519
0001;10;00;M;000270000000000;1855;;109578;5;225926
0001;10;00;M;000270000000000;1855;;104442;12;442222
0001;10;00;M;000270000000000;1855;;103062;1;120185
0001;10;00;M;000270000000000;1855;;109728;15;1177778
0002;10;00;M;000170000000000;1855;;105918;1;25741
0001;10;00;M;000030000000000;1855;;102633;1;11852
0001;10;00;M;000270000000000;1855;;104400;4;54815
0001;10;00;M;000270000000000;1855;;105020;1;14630
0001;10;00;M;000030000000000;1855;;100614;37;198704
0001;10;00;M;000030000000000;1855;;104554;12;53333
0001;10;00;M;000270000000000;1855;;109738;5;244444
0020;10;00;M;000180000000000;1855;;201604;14;49000
0001;10;00;M;000030000000000;1855;;202568;1;9074
0002;10;00;M;000170000000000;1855;;102001;6;121111
0001;10;00;M;000270000000000;1855;;109709;3;49444
0001;10;00;M;000030000000000;1855;;201269;21;132222
0001;10;00;M;000030000000000;1855;;101641;80;0
0001;10;00;M;000030000000000;1855;;201211;13;81852
0001;10;00;M;000030000000000;1855;;201206;11;69259
0001;10;00;M;000270000000000;1855;;102928;15;747222
0001;10;00;M;000270000000000;1855;;104453;2;47778
0001;10;00;M;000270000000000;1855;;104470;4;254815
0001;10;00;M;000270000000000;1855;;109329;8;568889
0001;10;00;M;000270000000000;1855;;107831;2;99630
0001;10;00;M;000270000000000;1855;;105004;4;195556
0001;10;00;M;000270000000000;1855;;109723;3;166111
0001;10;00;M;000270000000000;1855;;104637;17;988519
0001;10;00;M;000030000000000;1855;;200000;16;189630
0001;10;00;M;000030000000000;1855;;104446;7;57037
0001;10;00;M;000030000000000;1855;;200007;3;35556
0001;10;00;M;000030000000000;1855;;102102;7;70000
0001;10;00;M;000030000000000;1855;;100999;14;75185
0001;10;00;M;000030000000000;1855;;201146;33;207778
0001;10;00;M;000270000000000;1855;;109730;6;0
0001;10;00;M;000270000000000;1855;;109731;2;129259
0001;10;00;M;000270000000000;1855;;108298;4;0
0001;10;00;M;000270000000000;1855;;101433;2;0
0001;10;00;M;000270000000000;1855;;104438;3;213333
0002;10;00;M;000170000000000;1855;;104219;1;15556
0002;10;00;M;000170000000000;1855;;200611;3;296667
0002;10;00;M;000170000000000;1855;;202613;1;107222
0001;10;00;M;000270000000000;1855;;100972;23;0
0001;10;00;M;000030000000000;1855;;200644;28;176296
0001;10;00;M;000270000000000;1855;;104476;5;225926
0001;10;00;M;000270000000000;1855;;109708;2;32963
0001;10;00;M;000270000000000;1855;;109707;1;16481
0001;10;00;M;000270000000000;1855;;104358;1;21111
0001;10;00;M;000270000000000;1855;;105340;15;1386111
0001;10;00;M;000030000000000;1855;;104355;7;63519
0001;10;00;M;000030000000000;1855;;108191;7;0
0001;10;00;M;000030000000000;1855;;102747;15;108333
0001;10;00;M;000270000000000;1855;;107176;10;831481
0001;10;00;M;000270000000000;1855;;109739;7;582037
0001;10;00;M;000270000000000;1855;;107524;7;309815
0001;10;00;M;000270000000000;1855;;109325;2;145926
0001;10;00;M;000270000000000;1855;;104454;2;162593
0001;10;00;M;000030000000000;1855;;102751;3;24444
0001;10;00;M;000030000000000;1855;;102635;8;65185
0001;10;00;M;000270000000000;1855;;104353;16;1330370
0001;10;00;M;000270000000000;1855;;102172;2;10741
0001;10;00;M;000030000000000;1855;;102619;5;36111
0001;10;00;M;000270000000000;1855;;104513;9;0
0001;10;00;M;000270000000000;1855;;104498;8;198519
0001;10;00;M;000030000000000;1855;;102112;2;10741
0001;10;00;M;000030000000000;1855;;102639;8;72593
0001;10;00;M;000270000000000;1855;;104347;5;323148
0001;10;00;M;000270000000000;1855;;109719;1;26667
0002;10;00;M;000170000000000;1855;;101327;1;41481
0001;10;00;M;000270000000000;1855;;200223;10;266667
0001;10;00;M;000270000000000;1855;;104487;7;0
0001;10;00;M;000270000000000;1855;;105701;7;0
0001;10;00;M;000270000000000;1855;;104488;7;0
0001;10;00;M;000270000000000;1855;;104483;7;0
0001;10;00;M;000030000000000;1855;;100613;6;36111
0001;10;00;M;000270000000000;1855;;104512;3;74444
0002;10;00;M;000170000000000;1855;;108215;1;30370
0002;10;00;M;000170000000000;1855;;101793;3;91111
0001;10;00;M;000270000000000;1855;;109789;3;471667
0001;10;00;M;000030000000000;1855;;100596;9;48333
0001;10;00;M;000030000000000;1855;;102749;6;48889
0001;10;00;M;000270000000000;1855;;104477;2;92222
0001;10;00;M;000270000000000;1855;;100954;3;130000
0001;10;00;M;000270000000000;1855;;104343;25;1592593
0001;10;00;M;000270000000000;1855;;104344;7;452407
0001;10;00;M;000270000000000;1855;;109705;4;136296
0001;10;00;M;000030000000000;1855;;201237;3;18889
0002;10;00;M;000170000000000;1855;;201187;8;80000
0001;10;00;M;000270000000000;1855;;108035;6;387778
0001;10;00;M;000270000000000;1855;;102238;8;35556
0001;10;00;M;000270000000000;1855;;104506;4;121481
0002;10;00;M;000170000000000;1855;;108091;2;55185
0001;10;00;M;000030000000000;1855;;105735;2;0
0002;10;00;M;000170000000000;1855;;201615;7;95926
0002;10;00;M;000170000000000;1855;;103224;29;1605741
0001;10;00;M;000270000000000;1855;;104468;1;92407
0001;10;00;M;000030000000000;1855;;202133;3;27222
0001;10;00;M;000270000000000;1855;;109724;4;221481
0001;10;00;M;000270000000000;1855;;104480;8;591111
0002;10;00;M;000170000000000;1855;;200136;1;101667
0001;10;00;M;000270000000000;1855;;104519;4;128889
0001;10;00;M;000270000000000;1855;;109232;10;266667
0001;10;00;M;000270000000000;1855;;109230;6;132222
0001;10;00;M;000270000000000;1855;;104492;2;166296
0001;10;00;M;000270000000000;1855;;104870;6;160000
0002;10;00;M;000170000000000;1855;;102848;4;165926
0001;10;00;M;000270000000000;1855;;104871;4;136296
0001;10;00;M;000270000000000;1855;;104467;1;117407
0002;10;00;M;000170000000000;1855;;201185;2;20000
0001;10;00;M;000270000000000;1855;;104357;3;157778
0002;10;00;M;000170000000000;1855;;200480;4;47407
0002;10;00;M;000170000000000;1855;;202486;6;1010000
0001;10;00;M;000270000000000;1855;;106981;4;88148
0002;10;00;M;000170000000000;1855;;101858;5;147222
0002;10;00;M;000170000000000;1855;;109187;3;121667
0001;10;00;M;000030000000000;1855;;102748;2;31111
0001;10;00;M;000270000000000;1855;;104426;2;18148
0001;10;00;M;000270000000000;1855;;109726;1;83148
0001;10;00;M;000030000000000;1855;;100607;3;18889
0001;10;00;M;000270000000000;1855;;104336;1;62778
0001;10;00;M;000270000000000;1855;;104403;5;77778
0001;10;00;M;000270000000000;1855;;109732;4;428889
0001;10;00;M;000270000000000;1855;;104397;1;0
0001;10;00;M;000270000000000;1855;;104423;2;10741
0002;10;00;M;000170000000000;1855;;108836;6;171111
0001;10;00;M;000270000000000;1855;;106018;2;140370
0001;10;00;M;000270000000000;1855;;109757;4;147407
0001;10;00;M;000270000000000;1855;;105009;4;314074
0002;10;00;M;000170000000000;1855;;104456;4;221481
0001;10;00;M;000270000000000;1855;;104413;11;28519
0002;10;00;M;000170000000000;1855;;202496;2;301481
0001;10;00;M;000030000000000;1855;;202112;1;9074
0001;10;00;M;000030000000000;1855;;202134;1;9074
0002;10;00;M;000170000000000;1855;;101852;1;25741
0001;10;00;M;000270000000000;1855;;107001;0;0
0001;10;00;M;000270000000000;1855;;107611;3;277222
0001;10;00;M;000270000000000;1855;;105065;3;0
0001;10;00;M;000270000000000;1855;;104350;3;274444
0001;10;00;M;000270000000000;1855;;104466;2;240370
0001;10;00;M;000030000000000;1855;;200009;1;9074
0001;10;00;M;000270000000000;1855;;104354;2;34815
0001;10;00;M;000030000000000;1855;;100606;6;37778
0001;10;00;M;000270000000000;1855;;109720;1;46111
0001;10;00;M;000270000000000;1855;;109718;3;305000
0001;10;00;M;000270000000000;1855;;109706;4;154815
0001;10;00;M;000270000000000;1855;;101552;3;0
0001;10;00;M;000270000000000;1855;;105639;2;0
0002;10;00;M;000170000000000;1855;;202435;1;110000
0001;10;00;M;000270000000000;1855;;104462;1;17407
0001;10;00;M;000270000000000;1855;;104501;2;147778
0001;10;00;M;000270000000000;1855;;109729;1;83148
0001;10;00;M;000270000000000;1855;;104471;2;388519
0002;10;00;M;000170000000000;1855;;200120;2;295926
0002;10;00;M;000170000000000;1855;;200083;1;227593
0001;10;00;M;000030000000000;1855;;200008;3;43889
0001;10;00;M;000270000000000;1855;;101007;2;175556
0001;10;00;M;000030000000000;1855;;102638;1;10000
0001;10;00;M;000270000000000;1855;;109740;3;218889
0001;10;00;M;000270000000000;1855;;104341;2;73704
0001;10;00;M;000270000000000;1855;;104390;1;0
0001;10;00;M;000030000000000;1855;;102637;2;18148
0001;10;00;M;000270000000000;1855;;104496;1;55370
0001;10;00;M;000270000000000;1855;;104491;1;62778
0001;10;00;M;000030000000000;1855;;101216;1;6296
0002;10;00;M;000170000000000;1855;;101878;1;27593
0001;10;00;M;000270000000000;1855;;104408;1;22037
0001;10;00;M;000270000000000;1855;;102274;1;10000
0001;10;00;M;000030000000000;1855;;108539;1;9074
0001;10;00;M;000270000000000;1855;;109716;1;36852
0001;10;00;M;000270000000000;1855;;102303;1;3519
0002;10;00;M;000170000000000;1855;;104459;2;60741
0002;10;00;M;000170000000000;1855;;101819;1;26667
0002;10;00;M;000170000000000;1855;;105024;1;40556
0001;10;00;M;000270000000000;1855;;109704;1;50741
0002;10;00;M;000170000000000;1855;;200181;1;132222
0001;10;00;M;000270000000000;1855;;105084;1;0
0002;10;00;M;000170000000000;1855;;108268;2;90370
0002;10;00;M;000170000000000;1855;;105006;1;47037
0007;10;00;;;1855;;;;2915066
0005;10;00;;;1855;;;;2359496
