9497;2023-03-09 09:51:27.523000;1;102556;1;1;34800.0000;1;4296.0000;None;46400.0000
9497;2023-03-09 09:51:27.523000;3;100607;1;1;6800.0000;1;4296.0000;None;46400.0000
9497;2023-03-09 10:21:15.530000;3;104554;1;1;4800.0000;1;4296.0000;None;46400.0000
9498;2023-03-09 10:08:24.350000;3;102635;1;1;8800.0000;1;6982.0000;None;75400.0000
9498;2023-03-09 10:15:32.423000;1;103035;1;1;9800.0000;1;6982.0000;None;75400.0000
9498;2023-03-09 10:15:32.423000;1;103040;1;1;17800.0000;1;6982.0000;None;75400.0000
9498;2023-03-09 10:15:32.423000;3;104554;1;1;4800.0000;1;6982.0000;None;75400.0000
9498;2023-03-09 10:15:32.423000;7;2011;1;1;0.0000;1;6982.0000;None;75400.0000
9498;2023-03-09 10:15:32.423000;3;100999;1;1;5800.0000;1;6982.0000;None;75400.0000
9498;2023-03-09 10:15:32.423000;7;2011;1;1;0.0000;1;6982.0000;None;75400.0000
9498;2023-03-09 11:10:50.110000;1;100995;1;2;21600.0000;1;6982.0000;None;75400.0000
9498;2023-03-09 11:10:50.110000;3;100607;1;1;6800.0000;1;6982.0000;None;75400.0000
9498;2023-03-09 11:10:50.110000;7;1207;1;1;0.0000;1;6982.0000;None;75400.0000
9498;2023-03-09 11:10:50.110000;7;2011;1;1;0.0000;1;6982.0000;None;75400.0000
9499;2023-03-09 10:18:11.510000;3;100596;1;2;11600.0000;1;3870.0000;None;41800.0000
9499;2023-03-09 10:18:11.510000;3;104554;1;1;4800.0000;1;3870.0000;None;41800.0000
9499;2023-03-09 10:18:11.510000;3;200006;1;1;9800.0000;1;3870.0000;None;41800.0000
9499;2023-03-09 10:30:09.107000;3;100596;1;1;5800.0000;1;3870.0000;None;41800.0000
9499;2023-03-09 10:31:29.047000;3;200006;1;1;9800.0000;1;3870.0000;None;41800.0000
9500;2023-03-09 10:25:16.667000;3;100614;1;1;5800.0000;1;2296.0000;None;24800.0000
9500;2023-03-09 10:31:10.583000;3;100614;1;1;5800.0000;1;2296.0000;None;24800.0000
9500;2023-03-09 10:33:32.717000;1;100622;1;2;6400.0000;1;2296.0000;None;24800.0000
9500;2023-03-09 10:51:21.290000;3;201207;1;1;6800.0000;1;2296.0000;None;24800.0000
9500;2023-03-09 10:51:21.290000;7;1207;1;1;0.0000;1;2296.0000;None;24800.0000
9501;2023-03-09 11:35:31.710000;3;102635;1;1;8800.0000;1;10648.0000;None;115000.0000
9501;2023-03-09 11:35:31.710000;7;1207;1;1;0.0000;1;10648.0000;None;115000.0000
9501;2023-03-09 11:35:31.710000;2;101812;1;2;23600.0000;1;10648.0000;None;115000.0000
9501;2023-03-09 11:35:31.710000;6;102629;1;1;0.0000;1;10648.0000;None;115000.0000
9501;2023-03-09 11:35:31.710000;7;1207;1;1;0.0000;1;10648.0000;None;115000.0000
9501;2023-03-09 12:10:30.293000;1;109248;1;1;12800.0000;1;10648.0000;None;115000.0000
9501;2023-03-09 12:10:30.293000;1;109248;1;1;12800.0000;1;10648.0000;None;115000.0000
9501;2023-03-09 12:10:30.293000;1;109248;1;1;12800.0000;1;10648.0000;None;115000.0000
9501;2023-03-09 12:10:30.293000;2;101812;1;1;11800.0000;1;10648.0000;None;115000.0000
9501;2023-03-09 12:10:30.293000;6;105446;1;1;0.0000;1;10648.0000;None;115000.0000
9501;2023-03-09 12:10:30.293000;2;101812;1;1;11800.0000;1;10648.0000;None;115000.0000
9501;2023-03-09 12:10:30.293000;6;105446;1;1;0.0000;1;10648.0000;None;115000.0000
9501;2023-03-09 12:59:18.813000;3;102635;1;1;8800.0000;1;10648.0000;None;115000.0000
9501;2023-03-09 12:59:18.813000;2;101812;1;1;11800.0000;1;10648.0000;None;115000.0000
9501;2023-03-09 12:59:18.813000;6;105446;1;1;0.0000;1;10648.0000;None;115000.0000
9502;2023-03-09 12:06:41.377000;1;104690;1;1;4800.0000;1;8963.0000;None;96800.0000
9502;2023-03-09 12:06:41.377000;1;104690;1;1;4800.0000;1;8963.0000;None;96800.0000
9502;2023-03-09 12:06:41.377000;7;1001;1;1;0.0000;1;8963.0000;None;96800.0000
9502;2023-03-09 12:06:41.377000;7;1001;1;1;0.0000;1;8963.0000;None;96800.0000
9502;2023-03-09 12:06:41.377000;1;102673;1;1;36800.0000;1;8963.0000;None;96800.0000
9502;2023-03-09 12:06:41.377000;7;1213;1;1;0.0000;1;8963.0000;None;96800.0000
9502;2023-03-09 12:06:41.377000;1;102678;1;1;36800.0000;1;8963.0000;None;96800.0000
9502;2023-03-09 12:06:41.377000;3;201609;1;2;13600.0000;1;8963.0000;None;96800.0000
9502;2023-03-09 12:06:47.253000;6;101061;1;1;0.0000;1;8963.0000;None;96800.0000
9502;2023-03-09 12:06:47.253000;6;101061;1;1;0.0000;1;8963.0000;None;96800.0000
9503;2023-03-09 12:07:15.123000;3;200644;1;1;6800.0000;1;8667.0000;None;93600.0000
9503;2023-03-09 12:07:15.123000;1;101270;1;1;0.0000;1;8667.0000;None;93600.0000
9503;2023-03-09 12:07:15.123000;3;201207;1;1;6800.0000;1;8667.0000;None;93600.0000
9503;2023-03-09 12:07:15.123000;1;102132;1;1;6800.0000;1;8667.0000;None;93600.0000
9503;2023-03-09 12:07:15.123000;1;100846;1;1;30800.0000;1;8667.0000;None;93600.0000
9503;2023-03-09 12:07:15.123000;1;103340;1;1;30800.0000;1;8667.0000;None;93600.0000
9503;2023-03-09 12:07:15.123000;6;104684;1;1;0.0000;1;8667.0000;None;93600.0000
9503;2023-03-09 12:07:15.123000;6;101061;1;1;0.0000;1;8667.0000;None;93600.0000
9503;2023-03-09 12:07:15.123000;6;101061;1;1;0.0000;1;8667.0000;None;93600.0000
9503;2023-03-09 12:45:14.007000;3;100614;1;1;5800.0000;1;8667.0000;None;93600.0000
9503;2023-03-09 12:45:14.007000;3;100613;1;1;5800.0000;1;8667.0000;None;93600.0000
9504;2023-03-09 12:07:52.353000;1;101176;1;1;41800.0000;1;10759.0000;None;116200.0000
9504;2023-03-09 12:07:52.353000;7;1001;1;1;0.0000;1;10759.0000;None;116200.0000
9504;2023-03-09 12:07:52.353000;7;1001;1;1;0.0000;1;10759.0000;None;116200.0000
9504;2023-03-09 12:07:52.353000;1;100846;1;1;30800.0000;1;10759.0000;None;116200.0000
9504;2023-03-09 12:07:52.353000;1;102677;1;1;33800.0000;1;10759.0000;None;116200.0000
9504;2023-03-09 12:07:52.353000;6;101061;1;1;0.0000;1;10759.0000;None;116200.0000
9504;2023-03-09 12:22:13.517000;3;200644;1;1;6800.0000;1;10759.0000;None;116200.0000
9504;2023-03-09 12:22:13.517000;1;101270;1;1;0.0000;1;10759.0000;None;116200.0000
9504;2023-03-09 12:22:13.517000;7;1207;1;1;0.0000;1;10759.0000;None;116200.0000
9504;2023-03-09 12:30:15.903000;1;102677;1;-1;-33800.0000;1;10759.0000;None;116200.0000
9504;2023-03-09 12:30:15.903000;1;102678;1;1;36800.0000;1;10759.0000;None;116200.0000
9504;2023-03-09 12:30:15.903000;7;1131;1;1;0.0000;1;10759.0000;None;116200.0000
9504;2023-03-09 12:30:15.903000;7;1131;1;1;0.0000;1;10759.0000;None;116200.0000
9505;2023-03-09 12:18:40.300000;1;101957;1;1;43800.0000;1;9093.0000;None;98200.0000
9505;2023-03-09 12:18:40.300000;6;104684;1;1;0.0000;1;9093.0000;None;98200.0000
9505;2023-03-09 12:18:40.300000;7;1002;1;1;0.0000;1;9093.0000;None;98200.0000
9505;2023-03-09 12:18:40.300000;1;101127;1;1;36800.0000;1;9093.0000;None;98200.0000
9505;2023-03-09 12:18:40.300000;6;101061;1;1;0.0000;1;9093.0000;None;98200.0000
9505;2023-03-09 12:18:40.300000;3;102635;1;1;8800.0000;1;9093.0000;None;98200.0000
9505;2023-03-09 12:18:40.300000;7;2042;1;1;0.0000;1;9093.0000;None;98200.0000
9505;2023-03-09 12:18:40.300000;3;102635;1;1;8800.0000;1;9093.0000;None;98200.0000
9505;2023-03-09 12:18:40.300000;7;1207;1;1;0.0000;1;9093.0000;None;98200.0000
9506;2023-03-09 12:22:27.560000;1;102678;1;1;36800.0000;1;4037.0000;None;43600.0000
9506;2023-03-09 12:22:27.560000;6;101061;1;1;0.0000;1;4037.0000;None;43600.0000
9506;2023-03-09 12:22:27.560000;3;200644;1;1;6800.0000;1;4037.0000;None;43600.0000
9506;2023-03-09 12:22:27.560000;1;101270;1;1;0.0000;1;4037.0000;None;43600.0000
9507;2023-03-09 12:24:41.807000;1;103750;1;2;27600.0000;1;24722.0000;None;267000.0000
9507;2023-03-09 12:24:41.807000;1;103771;1;1;12800.0000;1;24722.0000;None;267000.0000
9507;2023-03-09 12:24:41.807000;7;1001;1;1;0.0000;1;24722.0000;None;267000.0000
9507;2023-03-09 12:24:41.807000;7;1001;1;1;0.0000;1;24722.0000;None;267000.0000
9507;2023-03-09 12:24:41.807000;1;102982;1;1;59800.0000;1;24722.0000;None;267000.0000
9507;2023-03-09 12:24:41.807000;1;101522;1;1;0.0000;1;24722.0000;None;267000.0000
9507;2023-03-09 12:24:41.807000;7;1007;1;1;0.0000;1;24722.0000;None;267000.0000
9507;2023-03-09 12:24:41.807000;1;105647;1;1;69800.0000;1;24722.0000;None;267000.0000
9507;2023-03-09 12:24:41.807000;1;101433;1;1;0.0000;1;24722.0000;None;267000.0000
9507;2023-03-09 12:24:41.807000;1;105647;1;1;69800.0000;1;24722.0000;None;267000.0000
9507;2023-03-09 12:24:41.807000;1;108236;1;1;0.0000;1;24722.0000;None;267000.0000
9507;2023-03-09 12:24:41.807000;6;101061;1;1;0.0000;1;24722.0000;None;267000.0000
9507;2023-03-09 12:24:41.807000;6;101061;1;1;0.0000;1;24722.0000;None;267000.0000
9507;2023-03-09 12:24:41.807000;3;100607;1;1;6800.0000;1;24722.0000;None;267000.0000
9507;2023-03-09 12:24:41.807000;3;201146;1;1;6800.0000;1;24722.0000;None;267000.0000
9507;2023-03-09 12:24:41.807000;7;2050;1;1;0.0000;1;24722.0000;None;267000.0000
9507;2023-03-09 12:24:41.807000;7;2018;1;1;0.0000;1;24722.0000;None;267000.0000
9507;2023-03-09 12:24:41.807000;3;102623;1;1;6800.0000;1;24722.0000;None;267000.0000
9507;2023-03-09 12:33:12.440000;1;101270;2;1;0.0000;1;24722.0000;None;267000.0000
9507;2023-03-09 12:48:55.767000;3;102623;1;1;6800.0000;1;24722.0000;None;267000.0000
9508;2023-03-09 12:29:27.850000;1;100857;1;1;14800.0000;1;6870.0000;None;74200.0000
9508;2023-03-09 12:29:27.850000;7;1213;1;1;0.0000;1;6870.0000;None;74200.0000
9508;2023-03-09 12:29:27.850000;1;104293;1;1;44800.0000;1;6870.0000;None;74200.0000
9508;2023-03-09 12:29:27.850000;1;101522;1;1;0.0000;1;6870.0000;None;74200.0000
9508;2023-03-09 12:29:27.850000;7;1002;1;1;0.0000;1;6870.0000;None;74200.0000
9508;2023-03-09 12:29:27.850000;7;1213;1;1;0.0000;1;6870.0000;None;74200.0000
9508;2023-03-09 12:29:27.850000;6;101061;1;1;0.0000;1;6870.0000;None;74200.0000
9508;2023-03-09 12:29:27.850000;3;103904;1;1;4800.0000;1;6870.0000;None;74200.0000
9508;2023-03-09 12:29:27.850000;7;2011;1;1;0.0000;1;6870.0000;None;74200.0000
9508;2023-03-09 12:29:27.850000;3;102651;1;1;9800.0000;1;6870.0000;None;74200.0000
9508;2023-03-09 12:29:27.850000;7;2042;1;1;0.0000;1;6870.0000;None;74200.0000
9509;2023-03-09 12:35:37.917000;1;105647;1;1;69800.0000;1;16926.0000;None;182800.0000
9509;2023-03-09 12:35:37.917000;1;101433;1;1;0.0000;1;16926.0000;None;182800.0000
9509;2023-03-09 12:35:37.917000;1;105647;1;1;69800.0000;1;16926.0000;None;182800.0000
9509;2023-03-09 12:35:37.917000;1;101636;1;1;0.0000;1;16926.0000;None;182800.0000
9509;2023-03-09 12:35:37.917000;6;101061;1;1;0.0000;1;16926.0000;None;182800.0000
9509;2023-03-09 12:35:37.917000;2;201187;1;1;10800.0000;1;16926.0000;None;182800.0000
9509;2023-03-09 12:35:37.917000;3;108191;1;1;0.0000;1;16926.0000;None;182800.0000
9509;2023-03-09 12:35:37.917000;2;201187;1;1;10800.0000;1;16926.0000;None;182800.0000
9509;2023-03-09 12:54:02.917000;2;201187;1;1;10800.0000;1;16926.0000;None;182800.0000
9509;2023-03-09 12:54:02.917000;3;108191;1;1;0.0000;1;16926.0000;None;182800.0000
9509;2023-03-09 12:54:02.917000;2;201187;1;1;10800.0000;1;16926.0000;None;182800.0000
9510;2023-03-09 12:46:30.577000;3;104554;1;1;4800.0000;1;7759.0000;None;83800.0000
9510;2023-03-09 13:03:20.680000;1;103842;1;1;26800.0000;1;7759.0000;None;83800.0000
9510;2023-03-09 13:03:20.680000;1;103842;1;1;26800.0000;1;7759.0000;None;83800.0000
9510;2023-03-09 13:03:20.680000;7;1213;1;1;0.0000;1;7759.0000;None;83800.0000
9510;2023-03-09 13:03:20.680000;6;101061;1;1;0.0000;1;7759.0000;None;83800.0000
9510;2023-03-09 13:03:20.680000;3;102635;1;1;8800.0000;1;7759.0000;None;83800.0000
9510;2023-03-09 13:15:24.963000;3;201609;1;1;6800.0000;1;7759.0000;None;83800.0000
9510;2023-03-09 13:17:10.867000;1;102310;1;1;1500.0000;1;7759.0000;None;83800.0000
9510;2023-03-09 13:32:28.780000;1;102310;1;1;1500.0000;1;7759.0000;None;83800.0000
9510;2023-03-09 13:45:51.267000;3;100606;1;1;6800.0000;1;7759.0000;None;83800.0000
9510;2023-03-09 13:45:51.267000;7;2009;1;1;0.0000;1;7759.0000;None;83800.0000
9511;2023-03-09 12:52:19.353000;1;103700;1;1;32800.0000;1;19185.0000;None;207200.0000
9511;2023-03-09 12:52:19.353000;1;101520;1;1;0.0000;1;19185.0000;None;207200.0000
9511;2023-03-09 12:52:19.353000;1;102172;1;1;4800.0000;1;19185.0000;None;207200.0000
9511;2023-03-09 12:52:19.353000;1;103342;1;1;46800.0000;1;19185.0000;None;207200.0000
9511;2023-03-09 12:52:19.353000;1;101433;1;1;0.0000;1;19185.0000;None;207200.0000
9511;2023-03-09 12:52:19.353000;1;103551;1;1;49800.0000;1;19185.0000;None;207200.0000
9511;2023-03-09 12:52:19.353000;1;103955;1;1;41800.0000;1;19185.0000;None;207200.0000
9511;2023-03-09 12:52:19.353000;1;101520;1;1;0.0000;1;19185.0000;None;207200.0000
9511;2023-03-09 12:52:19.353000;6;101061;1;1;0.0000;1;19185.0000;None;207200.0000
9511;2023-03-09 12:52:19.353000;6;101061;1;1;0.0000;1;19185.0000;None;207200.0000
9511;2023-03-09 12:52:19.353000;3;201146;1;2;13600.0000;1;19185.0000;None;207200.0000
9511;2023-03-09 12:52:19.353000;1;101270;1;1;0.0000;1;19185.0000;None;207200.0000
9511;2023-03-09 12:52:19.353000;1;101270;1;1;0.0000;1;19185.0000;None;207200.0000
9511;2023-03-09 12:52:19.353000;3;102635;1;2;17600.0000;1;19185.0000;None;207200.0000
9512;2023-03-09 12:54:08.280000;3;102635;1;1;8800.0000;1;10815.0000;None;116800.0000
9512;2023-03-09 12:54:08.280000;3;201609;1;1;6800.0000;1;10815.0000;None;116800.0000
9512;2023-03-09 12:54:08.280000;1;104293;1;1;44800.0000;1;10815.0000;None;116800.0000
9512;2023-03-09 12:54:08.280000;1;101520;1;1;0.0000;1;10815.0000;None;116800.0000
9512;2023-03-09 12:54:08.280000;7;1006;1;1;0.0000;1;10815.0000;None;116800.0000
9512;2023-03-09 12:54:08.280000;1;104293;1;1;44800.0000;1;10815.0000;None;116800.0000
9512;2023-03-09 12:54:08.280000;1;101520;1;1;0.0000;1;10815.0000;None;116800.0000
9512;2023-03-09 12:54:08.280000;7;1007;1;1;0.0000;1;10815.0000;None;116800.0000
9512;2023-03-09 12:54:08.280000;1;102172;1;1;4800.0000;1;10815.0000;None;116800.0000
9512;2023-03-09 12:54:08.280000;7;1213;1;1;0.0000;1;10815.0000;None;116800.0000
9512;2023-03-09 12:54:08.280000;1;102132;1;1;6800.0000;1;10815.0000;None;116800.0000
9512;2023-03-09 12:54:08.280000;6;101061;1;1;0.0000;1;10815.0000;None;116800.0000
9512;2023-03-09 12:54:08.280000;6;101061;1;1;0.0000;1;10815.0000;None;116800.0000
9513;2023-03-09 12:57:25.860000;1;101127;1;1;36800.0000;1;4222.0000;None;45600.0000
9513;2023-03-09 12:57:25.860000;6;101061;1;1;0.0000;1;4222.0000;None;45600.0000
9513;2023-03-09 12:57:25.860000;3;102635;1;1;8800.0000;1;4222.0000;None;45600.0000
9515;2023-03-09 12:59:06.837000;3;201146;1;1;6800.0000;1;14204.0000;None;153400.0000
9515;2023-03-09 12:59:06.837000;3;102635;1;1;8800.0000;1;14204.0000;None;153400.0000
9515;2023-03-09 12:59:06.837000;1;101245;1;1;26800.0000;1;14204.0000;None;153400.0000
9515;2023-03-09 13:01:44.073000;1;101245;1;-1;-26800.0000;1;14204.0000;None;153400.0000
9515;2023-03-09 13:01:44.073000;1;101244;1;1;29800.0000;1;14204.0000;None;153400.0000
9515;2023-03-09 13:01:44.073000;7;1001;1;1;0.0000;1;14204.0000;None;153400.0000
9515;2023-03-09 13:01:44.073000;7;1001;1;1;0.0000;1;14204.0000;None;153400.0000
9515;2023-03-09 13:04:08.403000;1;105188;1;1;31800.0000;1;14204.0000;None;153400.0000
9515;2023-03-09 13:04:08.403000;1;102042;1;1;37800.0000;1;14204.0000;None;153400.0000
9515;2023-03-09 13:04:08.403000;7;1213;1;1;0.0000;1;14204.0000;None;153400.0000
9515;2023-03-09 13:04:41.690000;1;109458;1;1;26800.0000;1;14204.0000;None;153400.0000
9515;2023-03-09 13:04:41.690000;7;1213;1;1;0.0000;1;14204.0000;None;153400.0000
9515;2023-03-09 13:51:28.490000;3;100614;1;1;5800.0000;1;14204.0000;None;153400.0000
9515;2023-03-09 13:51:28.490000;7;1207;1;1;0.0000;1;14204.0000;None;153400.0000
9515;2023-03-09 13:51:28.490000;3;100614;1;1;5800.0000;1;14204.0000;None;153400.0000
9516;2023-03-09 12:59:55.830000;1;104293;1;1;44800.0000;1;9556.0000;None;103200.0000
9516;2023-03-09 12:59:55.830000;1;101520;1;1;0.0000;1;9556.0000;None;103200.0000
9516;2023-03-09 12:59:55.830000;7;1006;1;1;0.0000;1;9556.0000;None;103200.0000
9516;2023-03-09 12:59:55.830000;1;104293;1;1;44800.0000;1;9556.0000;None;103200.0000
9516;2023-03-09 12:59:55.830000;1;108236;1;1;0.0000;1;9556.0000;None;103200.0000
9516;2023-03-09 12:59:55.830000;7;1002;1;1;0.0000;1;9556.0000;None;103200.0000
9516;2023-03-09 12:59:55.830000;7;1003;2;1;0.0000;1;9556.0000;None;103200.0000
9516;2023-03-09 12:59:55.830000;6;101061;1;1;0.0000;1;9556.0000;None;103200.0000
9516;2023-03-09 12:59:55.830000;6;101061;1;1;0.0000;1;9556.0000;None;103200.0000
9516;2023-03-09 12:59:55.830000;3;201609;1;2;13600.0000;1;9556.0000;None;103200.0000
9518;2023-03-09 13:03:44.317000;1;101176;1;1;41800.0000;1;13407.0000;None;144800.0000
9518;2023-03-09 13:03:44.317000;7;1001;1;1;0.0000;1;13407.0000;None;144800.0000
9518;2023-03-09 13:03:44.317000;7;1001;1;1;0.0000;1;13407.0000;None;144800.0000
9518;2023-03-09 13:03:44.317000;1;103784;1;3;89400.0000;1;13407.0000;None;144800.0000
9518;2023-03-09 13:03:44.317000;6;101061;1;1;0.0000;1;13407.0000;None;144800.0000
9518;2023-03-09 13:03:44.317000;6;101061;1;1;0.0000;1;13407.0000;None;144800.0000
9518;2023-03-09 13:03:44.317000;3;201609;1;1;6800.0000;1;13407.0000;None;144800.0000
9518;2023-03-09 13:03:44.317000;3;200644;1;1;6800.0000;1;13407.0000;None;144800.0000
9519;2023-03-09 13:00:55.553000;1;109394;1;1;31800.0000;1;4037.0000;None;43600.0000
9519;2023-03-09 13:00:55.553000;1;101522;2;1;0.0000;1;4037.0000;None;43600.0000
9519;2023-03-09 13:00:55.553000;7;1213;1;1;0.0000;1;4037.0000;None;43600.0000
9519;2023-03-09 13:00:55.553000;6;101061;1;1;0.0000;1;4037.0000;None;43600.0000
9519;2023-03-09 13:00:55.553000;1;102835;1;1;11800.0000;1;4037.0000;None;43600.0000
9520;2023-03-09 13:13:05.740000;1;101073;1;1;69800.0000;1;15167.0000;None;163800.0000
9520;2023-03-09 13:13:05.740000;1;101552;1;1;0.0000;1;15167.0000;None;163800.0000
9520;2023-03-09 13:13:05.740000;7;1006;1;1;0.0000;1;15167.0000;None;163800.0000
9520;2023-03-09 13:13:05.740000;1;104294;1;1;65800.0000;1;15167.0000;None;163800.0000
9520;2023-03-09 13:13:05.740000;7;1006;1;1;0.0000;1;15167.0000;None;163800.0000
9520;2023-03-09 13:13:05.740000;6;104684;1;1;0.0000;1;15167.0000;None;163800.0000
9520;2023-03-09 13:13:05.740000;1;102228;1;1;8800.0000;1;15167.0000;None;163800.0000
9520;2023-03-09 13:13:05.740000;6;101061;1;1;0.0000;1;15167.0000;None;163800.0000
9520;2023-03-09 13:13:05.740000;6;101061;1;1;0.0000;1;15167.0000;None;163800.0000
9520;2023-03-09 13:13:05.740000;3;201609;1;1;6800.0000;1;15167.0000;None;163800.0000
9520;2023-03-09 13:13:05.740000;3;201207;1;1;6800.0000;1;15167.0000;None;163800.0000
9520;2023-03-09 14:09:45.213000;3;100614;1;1;5800.0000;1;15167.0000;None;163800.0000
9521;2023-03-09 13:22:31.177000;1;102677;1;1;33800.0000;1;3759.0000;None;40600.0000
9521;2023-03-09 13:22:31.177000;6;101061;1;1;0.0000;1;3759.0000;None;40600.0000
9521;2023-03-09 13:22:31.177000;3;201269;1;1;6800.0000;1;3759.0000;None;40600.0000
9521;2023-03-09 13:22:31.177000;3;108191;1;1;0.0000;1;3759.0000;None;40600.0000
9522;2023-03-09 13:25:32.303000;1;103750;1;1;13800.0000;1;12722.0000;None;137400.0000
9522;2023-03-09 13:25:32.303000;7;1001;1;1;0.0000;1;12722.0000;None;137400.0000
9522;2023-03-09 13:25:32.303000;7;1001;1;1;0.0000;1;12722.0000;None;137400.0000
9522;2023-03-09 13:25:32.303000;1;100846;1;1;30800.0000;1;12722.0000;None;137400.0000
9522;2023-03-09 13:25:32.303000;1;100974;1;1;17800.0000;1;12722.0000;None;137400.0000
9522;2023-03-09 13:25:32.303000;7;1054;1;1;0.0000;1;12722.0000;None;137400.0000
9522;2023-03-09 13:25:32.303000;1;103551;1;1;49800.0000;1;12722.0000;None;137400.0000
9522;2023-03-09 13:25:32.303000;6;101061;1;1;0.0000;1;12722.0000;None;137400.0000
9522;2023-03-09 13:25:32.303000;6;101061;1;1;0.0000;1;12722.0000;None;137400.0000
9522;2023-03-09 13:25:32.303000;3;201609;1;1;6800.0000;1;12722.0000;None;137400.0000
9522;2023-03-09 13:25:32.303000;3;201207;1;1;6800.0000;1;12722.0000;None;137400.0000
9522;2023-03-09 13:25:32.303000;3;102747;1;1;4800.0000;1;12722.0000;None;137400.0000
9522;2023-03-09 13:25:32.303000;7;2077;1;1;0.0000;1;12722.0000;None;137400.0000
9522;2023-03-09 14:00:56.037000;3;201609;1;1;6800.0000;1;12722.0000;None;137400.0000
9523;2023-03-09 13:27:57.630000;3;201207;1;1;6800.0000;1;6130.0000;None;66200.0000
9523;2023-03-09 13:27:57.630000;3;201237;1;1;6800.0000;1;6130.0000;None;66200.0000
9523;2023-03-09 13:27:57.630000;1;101270;1;1;0.0000;1;6130.0000;None;66200.0000
9523;2023-03-09 13:27:57.630000;1;100851;1;1;23800.0000;1;6130.0000;None;66200.0000
9523;2023-03-09 13:27:57.630000;1;100844;1;1;28800.0000;1;6130.0000;None;66200.0000
9524;2023-03-09 13:39:38.293000;1;103340;1;1;30800.0000;1;11630.0000;None;125600.0000
9524;2023-03-09 13:39:38.293000;1;101520;1;1;0.0000;1;11630.0000;None;125600.0000
9524;2023-03-09 13:39:38.293000;1;103784;1;1;29800.0000;1;11630.0000;None;125600.0000
9524;2023-03-09 13:39:38.293000;7;1213;1;1;0.0000;1;11630.0000;None;125600.0000
9524;2023-03-09 13:39:38.293000;1;102239;1;1;5800.0000;1;11630.0000;None;125600.0000
9524;2023-03-09 13:39:38.293000;1;102673;1;1;36800.0000;1;11630.0000;None;125600.0000
9524;2023-03-09 13:39:38.293000;3;102635;1;1;8800.0000;1;11630.0000;None;125600.0000
9524;2023-03-09 13:39:38.293000;7;2042;1;1;0.0000;1;11630.0000;None;125600.0000
9524;2023-03-09 13:39:38.293000;3;201207;1;1;6800.0000;1;11630.0000;None;125600.0000
9524;2023-03-09 13:39:38.293000;3;200644;1;1;6800.0000;1;11630.0000;None;125600.0000
9524;2023-03-09 13:39:38.293000;1;101270;1;1;0.0000;1;11630.0000;None;125600.0000
9524;2023-03-09 13:39:38.293000;6;101061;1;1;0.0000;1;11630.0000;None;125600.0000
9524;2023-03-09 13:39:38.293000;6;101061;1;1;0.0000;1;11630.0000;None;125600.0000
9525;2023-03-09 13:43:33.477000;1;109393;1;1;39800.0000;1;5593.0000;None;60400.0000
9525;2023-03-09 13:43:33.477000;1;101522;2;1;0.0000;1;5593.0000;None;60400.0000
9525;2023-03-09 13:43:33.477000;7;1213;1;1;0.0000;1;5593.0000;None;60400.0000
9525;2023-03-09 13:43:33.477000;1;103750;1;1;13800.0000;1;5593.0000;None;60400.0000
9525;2023-03-09 13:43:33.477000;6;101061;1;1;0.0000;1;5593.0000;None;60400.0000
9525;2023-03-09 13:43:33.477000;3;201609;1;1;6800.0000;1;5593.0000;None;60400.0000
9525;2023-03-09 13:43:33.477000;7;2042;1;1;0.0000;1;5593.0000;None;60400.0000
9526;2023-03-09 13:45:21.020000;1;102673;1;1;36800.0000;1;7333.0000;None;79200.0000
9526;2023-03-09 13:45:21.020000;1;100853;1;1;28800.0000;1;7333.0000;None;79200.0000
9526;2023-03-09 13:45:21.020000;7;1213;1;1;0.0000;1;7333.0000;None;79200.0000
9526;2023-03-09 13:45:21.020000;3;201609;1;1;6800.0000;1;7333.0000;None;79200.0000
9526;2023-03-09 13:45:21.020000;3;201207;1;1;6800.0000;1;7333.0000;None;79200.0000
9527;2023-03-09 13:45:29.427000;1;100853;1;1;28800.0000;1;3296.0000;None;35600.0000
9527;2023-03-09 13:45:29.427000;6;101061;1;1;0.0000;1;3296.0000;None;35600.0000
9527;2023-03-09 13:46:10.190000;3;201237;1;1;6800.0000;1;3296.0000;None;35600.0000
9527;2023-03-09 13:46:10.190000;1;101270;1;1;0.0000;1;3296.0000;None;35600.0000
9528;2023-03-09 13:50:54.740000;1;102666;1;1;32800.0000;1;3667.0000;None;39600.0000
9528;2023-03-09 13:50:54.740000;6;101061;1;1;0.0000;1;3667.0000;None;39600.0000
9528;2023-03-09 13:50:54.740000;3;201207;1;1;6800.0000;1;3667.0000;None;39600.0000
9529;2023-03-09 13:59:05.660000;1;104727;1;1;69800.0000;1;18593.0000;None;200800.0000
9529;2023-03-09 13:59:05.660000;1;101520;1;1;0.0000;1;18593.0000;None;200800.0000
9529;2023-03-09 13:59:05.660000;7;1213;1;1;0.0000;1;18593.0000;None;200800.0000
9529;2023-03-09 13:59:05.660000;7;1205;1;1;0.0000;1;18593.0000;None;200800.0000
9529;2023-03-09 13:59:05.660000;6;101589;1;1;0.0000;1;18593.0000;None;200800.0000
9529;2023-03-09 13:59:05.660000;1;104293;1;1;44800.0000;1;18593.0000;None;200800.0000
9529;2023-03-09 13:59:05.660000;1;101552;1;1;0.0000;1;18593.0000;None;200800.0000
9529;2023-03-09 13:59:05.660000;7;1006;1;1;0.0000;1;18593.0000;None;200800.0000
9529;2023-03-09 13:59:05.660000;1;101073;1;1;69800.0000;1;18593.0000;None;200800.0000
9529;2023-03-09 13:59:05.660000;1;101552;1;1;0.0000;1;18593.0000;None;200800.0000
9529;2023-03-09 13:59:05.660000;7;1213;1;1;0.0000;1;18593.0000;None;200800.0000
9529;2023-03-09 13:59:05.660000;6;101061;1;1;0.0000;1;18593.0000;None;200800.0000
9529;2023-03-09 13:59:05.660000;3;102747;1;2;9600.0000;1;18593.0000;None;200800.0000
9529;2023-03-09 13:59:05.660000;7;2077;1;1;0.0000;1;18593.0000;None;200800.0000
9529;2023-03-09 13:59:05.660000;7;2077;1;1;0.0000;1;18593.0000;None;200800.0000
9529;2023-03-09 13:59:05.660000;3;201146;1;1;6800.0000;1;18593.0000;None;200800.0000
9530;2023-03-09 14:03:02.210000;1;102673;1;1;36800.0000;1;8380.0000;None;90500.0000
9530;2023-03-09 14:03:02.210000;7;1213;1;1;0.0000;1;8380.0000;None;90500.0000
9530;2023-03-09 14:03:02.210000;7;1213;1;1;0.0000;1;8380.0000;None;90500.0000
9530;2023-03-09 14:03:02.210000;1;102209;1;1;3800.0000;1;8380.0000;None;90500.0000
9530;2023-03-09 14:03:02.210000;1;102035;1;1;35800.0000;1;8380.0000;None;90500.0000
9530;2023-03-09 14:03:02.210000;7;1213;1;1;0.0000;1;8380.0000;None;90500.0000
9530;2023-03-09 14:03:02.210000;1;102239;1;1;5800.0000;1;8380.0000;None;90500.0000
9530;2023-03-09 14:03:02.210000;6;101061;1;1;0.0000;1;8380.0000;None;90500.0000
9530;2023-03-09 14:19:58.657000;1;102286;1;1;1500.0000;1;8380.0000;None;90500.0000
9530;2023-03-09 14:30:38.437000;3;201207;1;1;6800.0000;1;8380.0000;None;90500.0000
9531;2023-03-09 14:04:40.543000;1;100855;1;1;28800.0000;1;3296.0000;None;35600.0000
9531;2023-03-09 14:04:40.543000;6;101061;1;1;0.0000;1;3296.0000;None;35600.0000
9531;2023-03-09 14:04:40.543000;3;201207;1;1;6800.0000;1;3296.0000;None;35600.0000
9532;2023-03-09 14:08:39.557000;1;102673;1;1;36800.0000;1;10537.0000;None;113800.0000
9532;2023-03-09 14:08:39.557000;1;102676;1;1;30800.0000;1;10537.0000;None;113800.0000
9532;2023-03-09 14:08:39.557000;7;1213;1;1;0.0000;1;10537.0000;None;113800.0000
9532;2023-03-09 14:08:39.557000;1;103171;1;1;28800.0000;1;10537.0000;None;113800.0000
9532;2023-03-09 14:08:39.557000;1;101433;1;1;0.0000;1;10537.0000;None;113800.0000
9532;2023-03-09 14:08:39.557000;7;1038;1;1;0.0000;1;10537.0000;None;113800.0000
9532;2023-03-09 14:08:39.557000;7;1054;1;1;0.0000;1;10537.0000;None;113800.0000
9532;2023-03-09 14:08:39.557000;3;102624;1;1;7800.0000;1;10537.0000;None;113800.0000
9532;2023-03-09 14:08:39.557000;3;102747;1;1;4800.0000;1;10537.0000;None;113800.0000
9532;2023-03-09 14:08:39.557000;7;2006;1;1;0.0000;1;10537.0000;None;113800.0000
9532;2023-03-09 14:08:39.557000;3;102747;1;1;4800.0000;1;10537.0000;None;113800.0000
9532;2023-03-09 14:08:39.557000;6;101061;1;1;0.0000;1;10537.0000;None;113800.0000
9533;2023-03-09 14:13:12.143000;3;200644;1;1;6800.0000;1;6482.0000;None;70000.0000
9533;2023-03-09 14:13:12.143000;1;101270;1;1;0.0000;1;6482.0000;None;70000.0000
9533;2023-03-09 14:13:12.143000;3;201207;1;1;6800.0000;1;6482.0000;None;70000.0000
9533;2023-03-09 14:13:12.143000;1;102228;1;1;8800.0000;1;6482.0000;None;70000.0000
9533;2023-03-09 14:13:12.143000;1;100851;1;1;23800.0000;1;6482.0000;None;70000.0000
9533;2023-03-09 14:13:12.143000;1;100851;1;1;23800.0000;1;6482.0000;None;70000.0000
9533;2023-03-09 14:13:12.143000;6;101061;1;1;0.0000;1;6482.0000;None;70000.0000
9533;2023-03-09 14:13:12.143000;6;101061;1;1;0.0000;1;6482.0000;None;70000.0000
9534;2023-03-09 14:13:48.407000;1;102677;1;1;33800.0000;1;3574.0000;None;38600.0000
9534;2023-03-09 14:13:48.407000;6;101061;1;1;0.0000;1;3574.0000;None;38600.0000
9534;2023-03-09 14:13:48.407000;3;102747;1;1;4800.0000;1;3574.0000;None;38600.0000
9534;2023-03-09 14:13:48.407000;7;2072;1;1;0.0000;1;3574.0000;None;38600.0000
9535;2023-03-09 14:37:03.363000;1;103759;1;1;10800.0000;1;17741.0000;None;191600.0000
9535;2023-03-09 14:37:03.363000;1;103771;1;1;12800.0000;1;17741.0000;None;191600.0000
9535;2023-03-09 14:37:03.363000;1;103790;1;1;39800.0000;1;17741.0000;None;191600.0000
9535;2023-03-09 14:37:03.363000;1;104294;1;1;65800.0000;1;17741.0000;None;191600.0000
9535;2023-03-09 14:37:03.363000;1;101522;1;1;0.0000;1;17741.0000;None;191600.0000
9535;2023-03-09 14:37:03.363000;7;1006;1;1;0.0000;1;17741.0000;None;191600.0000
9535;2023-03-09 14:37:03.363000;3;201207;1;3;20400.0000;1;17741.0000;None;191600.0000
9535;2023-03-09 14:37:03.363000;3;102635;1;1;8800.0000;1;17741.0000;None;191600.0000
9535;2023-03-09 14:37:03.363000;3;102644;1;1;6800.0000;1;17741.0000;None;191600.0000
9535;2023-03-09 14:37:03.363000;3;102624;1;1;7800.0000;1;17741.0000;None;191600.0000
9535;2023-03-09 14:37:03.363000;1;102228;1;1;8800.0000;1;17741.0000;None;191600.0000
9535;2023-03-09 14:37:03.363000;6;101061;1;1;0.0000;1;17741.0000;None;191600.0000
9535;2023-03-09 14:49:44.917000;1;104855;1;1;3000.0000;1;17741.0000;None;191600.0000
9535;2023-03-09 14:59:16.877000;3;201146;1;1;6800.0000;1;17741.0000;None;191600.0000
9535;2023-03-09 14:59:16.877000;7;2042;1;1;0.0000;1;17741.0000;None;191600.0000
9536;2023-03-09 14:54:16.180000;1;104293;1;1;44800.0000;1;5222.0000;None;56400.0000
9536;2023-03-09 14:54:16.180000;6;104684;1;1;0.0000;1;5222.0000;None;56400.0000
9536;2023-03-09 14:54:16.180000;7;1213;1;1;0.0000;1;5222.0000;None;56400.0000
9536;2023-03-09 14:54:16.180000;7;1002;1;1;0.0000;1;5222.0000;None;56400.0000
9536;2023-03-09 14:54:16.180000;6;101061;1;1;0.0000;1;5222.0000;None;56400.0000
9536;2023-03-09 14:54:16.180000;3;102649;1;1;5800.0000;1;5222.0000;None;56400.0000
9536;2023-03-09 14:54:16.180000;7;2072;1;1;0.0000;1;5222.0000;None;56400.0000
9536;2023-03-09 15:32:20.933000;3;100614;1;1;5800.0000;1;5222.0000;None;56400.0000
9537;2023-03-09 15:22:51.397000;1;104690;1;2;9600.0000;1;9889.0000;None;106800.0000
9537;2023-03-09 15:22:51.397000;7;1001;1;1;0.0000;1;9889.0000;None;106800.0000
9537;2023-03-09 15:22:51.397000;7;1001;1;1;0.0000;1;9889.0000;None;106800.0000
9537;2023-03-09 15:22:51.397000;1;108424;1;1;41800.0000;1;9889.0000;None;106800.0000
9537;2023-03-09 15:22:51.397000;6;103488;1;1;0.0000;1;9889.0000;None;106800.0000
9537;2023-03-09 15:22:51.397000;7;1006;1;1;0.0000;1;9889.0000;None;106800.0000
9537;2023-03-09 15:22:51.397000;1;101522;2;1;0.0000;1;9889.0000;None;106800.0000
9537;2023-03-09 15:22:51.397000;1;108424;1;1;41800.0000;1;9889.0000;None;106800.0000
9537;2023-03-09 15:22:51.397000;6;104683;1;1;0.0000;1;9889.0000;None;106800.0000
9537;2023-03-09 15:22:51.397000;7;1006;1;1;0.0000;1;9889.0000;None;106800.0000
9537;2023-03-09 15:22:51.397000;1;101522;2;1;0.0000;1;9889.0000;None;106800.0000
9537;2023-03-09 15:42:42.647000;3;201207;1;2;13600.0000;1;9889.0000;None;106800.0000
9537;2023-03-09 15:45:56.253000;1;101270;2;1;0.0000;1;9889.0000;None;106800.0000
18551;2023-03-09 08:15:23.697000;7;1000;1;1;0.0000;1;5482.0000;None;59200.0000
18551;2023-03-09 10:50:16.057000;1;103038;1;1;12800.0000;1;5482.0000;None;59200.0000
18551;2023-03-09 10:50:16.057000;7;1213;1;1;0.0000;1;5482.0000;None;59200.0000
18551;2023-03-09 10:50:16.057000;1;102191;1;1;5800.0000;1;5482.0000;None;59200.0000
18551;2023-03-09 10:50:16.057000;1;103038;1;1;12800.0000;1;5482.0000;None;59200.0000
18551;2023-03-09 10:50:16.057000;7;1213;1;1;0.0000;1;5482.0000;None;59200.0000
18551;2023-03-09 10:50:16.057000;1;102191;1;1;5800.0000;1;5482.0000;None;59200.0000
18551;2023-03-09 10:50:16.057000;3;100607;1;1;6800.0000;1;5482.0000;None;59200.0000
18551;2023-03-09 10:50:16.057000;3;102635;1;1;8800.0000;1;5482.0000;None;59200.0000
18551;2023-03-09 10:50:16.057000;7;2042;1;1;0.0000;1;5482.0000;None;59200.0000
18551;2023-03-09 10:50:16.057000;1;100622;1;1;3200.0000;1;5482.0000;None;59200.0000
18551;2023-03-09 10:55:38.583000;1;100622;1;1;3200.0000;1;5482.0000;None;59200.0000
18551;2023-03-09 10:55:38.583000;7;1213;1;1;0.0000;1;5482.0000;None;59200.0000
18552;2023-03-09 11:14:45.907000;1;100848;1;1;28800.0000;1;None;None;28800.0000
18552;2023-03-09 11:14:45.907000;7;1213;1;1;0.0000;1;None;None;28800.0000
18553;2023-03-09 10:57:05.727000;1;104690;1;1;4800.0000;1;3315.0000;None;35800.0000
18553;2023-03-09 10:57:05.727000;1;102003;1;1;4800.0000;1;3315.0000;None;35800.0000
18553;2023-03-09 10:57:05.727000;3;100614;1;1;5800.0000;1;3315.0000;None;35800.0000
18553;2023-03-09 10:57:05.727000;3;100607;1;1;6800.0000;1;3315.0000;None;35800.0000
18553;2023-03-09 10:57:05.727000;7;1207;1;1;0.0000;1;3315.0000;None;35800.0000
18553;2023-03-09 10:57:05.727000;7;2009;1;1;0.0000;1;3315.0000;None;35800.0000
18553;2023-03-09 11:15:56.710000;3;100606;1;1;6800.0000;1;3315.0000;None;35800.0000
18553;2023-03-09 11:15:56.710000;7;2009;1;1;0.0000;1;3315.0000;None;35800.0000
18553;2023-03-09 11:31:16.970000;3;201146;1;1;6800.0000;1;3315.0000;None;35800.0000
18554;2023-03-09 11:39:19.963000;3;102635;1;1;8800.0000;1;None;None;8800.0000
18555;2023-03-09 12:43:45.957000;1;102680;1;1;36800.0000;1;None;None;82400.0000
18555;2023-03-09 12:43:45.957000;1;102671;1;1;38800.0000;1;None;None;82400.0000
18555;2023-03-09 12:43:45.957000;7;1213;1;1;0.0000;1;None;None;82400.0000
18555;2023-03-09 12:43:45.957000;3;200644;1;1;6800.0000;1;None;None;82400.0000
18555;2023-03-09 12:43:45.957000;7;1207;1;1;0.0000;1;None;None;82400.0000
18557;2023-03-09 13:58:25.900000;1;103955;1;-1;-41800.0000;1;-3870.0000;None;-41800.0000
18557;2023-03-09 13:58:25.900000;1;101433;1;-1;0.0000;1;-3870.0000;None;-41800.0000
18558;2023-03-09 17:58:14.040000;1;100624;1;1;1000.0000;1;None;None;1000.0000
21047;2023-03-09 09:37:00.710000;1;102673;1;1;36800.0000;1;None;None;66600.0000
21047;2023-03-09 09:37:00.710000;3;101332;1;1;10800.0000;1;None;None;66600.0000
21047;2023-03-09 09:37:00.710000;3;200644;1;1;6800.0000;1;None;None;66600.0000
21047;2023-03-09 09:37:00.710000;1;101270;1;1;0.0000;1;None;None;66600.0000
21047;2023-03-09 09:56:11.310000;3;102737;1;1;2800.0000;1;None;None;66600.0000
21047;2023-03-09 09:56:11.310000;1;100622;1;1;3200.0000;1;None;None;66600.0000
21047;2023-03-09 09:56:11.310000;1;100622;1;1;3200.0000;1;None;None;66600.0000
21047;2023-03-09 09:58:24.183000;3;102886;1;1;5800.0000;1;None;None;66600.0000
21047;2023-03-09 10:00:31.860000;3;102737;1;-1;-2800.0000;1;None;None;66600.0000
21048;2023-03-09 10:51:59.347000;1;100995;1;1;10800.0000;1;3259.0000;None;35200.0000
21048;2023-03-09 10:51:59.347000;1;104690;1;1;4800.0000;1;3259.0000;None;35200.0000
21048;2023-03-09 10:51:59.347000;3;101332;1;1;10800.0000;1;3259.0000;None;35200.0000
21048;2023-03-09 10:51:59.347000;7;2011;1;1;0.0000;1;3259.0000;None;35200.0000
21048;2023-03-09 10:51:59.347000;3;102635;1;1;8800.0000;1;3259.0000;None;35200.0000
21048;2023-03-09 10:51:59.347000;7;2011;1;1;0.0000;1;3259.0000;None;35200.0000
21049;2023-03-09 10:54:04.880000;1;102554;1;1;9800.0000;1;4926.0000;None;53200.0000
21049;2023-03-09 10:54:04.880000;7;1213;1;1;0.0000;1;4926.0000;None;53200.0000
21049;2023-03-09 10:54:04.880000;7;1213;1;1;0.0000;1;4926.0000;None;53200.0000
21049;2023-03-09 10:54:04.880000;1;102209;1;1;3800.0000;1;4926.0000;None;53200.0000
21049;2023-03-09 10:54:04.880000;1;102554;1;1;9800.0000;1;4926.0000;None;53200.0000
21049;2023-03-09 10:54:04.880000;7;1213;1;1;0.0000;1;4926.0000;None;53200.0000
21049;2023-03-09 10:54:04.880000;7;1213;1;1;0.0000;1;4926.0000;None;53200.0000
21049;2023-03-09 10:54:04.880000;1;102209;1;1;3800.0000;1;4926.0000;None;53200.0000
21049;2023-03-09 10:54:04.880000;3;102886;1;1;5800.0000;1;4926.0000;None;53200.0000
21049;2023-03-09 10:54:04.880000;3;100614;1;1;5800.0000;1;4926.0000;None;53200.0000
21049;2023-03-09 11:09:41.283000;3;102886;1;1;5800.0000;1;4926.0000;None;53200.0000
21049;2023-03-09 11:09:41.283000;3;100614;1;1;5800.0000;1;4926.0000;None;53200.0000
21049;2023-03-09 11:09:41.283000;7;1207;1;1;0.0000;1;4926.0000;None;53200.0000
21049;2023-03-09 11:14:53.590000;1;102317;1;1;2800.0000;1;4926.0000;None;53200.0000
21051;2023-03-09 10:58:48.617000;3;102635;1;1;8800.0000;1;1556.0000;None;16800.0000
21051;2023-03-09 10:58:48.617000;3;103904;1;1;4800.0000;1;1556.0000;None;16800.0000
21051;2023-03-09 11:07:07.620000;1;100622;1;1;3200.0000;1;1556.0000;None;16800.0000
21052;2023-03-09 11:14:16.053000;1;100848;1;1;28800.0000;1;None;None;39800.0000
21052;2023-03-09 11:19:34.900000;1;100848;1;-1;-28800.0000;1;None;None;39800.0000
21052;2023-03-09 11:19:34.900000;7;1213;1;-1;0.0000;1;None;None;39800.0000
21052;2023-03-09 13:17:45.413000;1;104719;1;1;39800.0000;1;None;None;39800.0000
21052;2023-03-09 13:17:45.413000;7;1213;1;1;0.0000;1;None;None;39800.0000
21052;2023-03-09 13:17:45.413000;1;101433;1;1;0.0000;1;None;None;39800.0000
21052;2023-03-09 13:17:45.413000;7;1213;1;1;0.0000;1;None;None;39800.0000
21053;2023-03-09 11:14:44.663000;1;100995;1;1;10800.0000;1;None;None;15600.0000
21053;2023-03-09 11:14:44.663000;3;102747;1;1;4800.0000;1;None;None;15600.0000
21053;2023-03-09 11:14:44.663000;7;2006;1;1;0.0000;1;None;None;15600.0000
21054;2023-03-09 11:38:50.080000;1;104690;1;1;4800.0000;1;1889.0000;None;20400.0000
21054;2023-03-09 11:38:50.080000;1;102003;1;1;4800.0000;1;1889.0000;None;20400.0000
21054;2023-03-09 11:38:50.080000;3;100607;1;1;6800.0000;1;1889.0000;None;20400.0000
21054;2023-03-09 11:38:50.080000;3;101332;1;1;10800.0000;1;1889.0000;None;20400.0000
21054;2023-03-09 11:38:50.080000;7;1207;1;1;0.0000;1;1889.0000;None;20400.0000
21054;2023-03-09 11:59:54.600000;1;102003;1;-1;-4800.0000;1;1889.0000;None;20400.0000
21054;2023-03-09 11:59:54.600000;1;104690;1;-1;-4800.0000;1;1889.0000;None;20400.0000
21054;2023-03-09 11:59:54.600000;1;102317;1;1;2800.0000;1;1889.0000;None;20400.0000
21055;2023-03-09 11:39:02.643000;3;100614;1;2;11600.0000;1;1074.0000;None;11600.0000
21056;2023-03-09 11:39:56.647000;1;101954;1;1;19800.0000;1;2648.0000;None;28600.0000
21056;2023-03-09 11:39:56.647000;3;102635;1;1;8800.0000;1;2648.0000;None;28600.0000
21057;2023-03-09 11:43:21.337000;1;103040;1;1;17800.0000;1;4833.0000;None;52200.0000
21057;2023-03-09 11:43:21.337000;1;104013;1;1;18800.0000;1;4833.0000;None;52200.0000
21057;2023-03-09 11:43:21.337000;3;100606;1;1;6800.0000;1;4833.0000;None;52200.0000
21057;2023-03-09 11:43:21.337000;7;2009;1;1;0.0000;1;4833.0000;None;52200.0000
21057;2023-03-09 11:43:21.337000;7;2011;1;1;0.0000;1;4833.0000;None;52200.0000
21057;2023-03-09 11:43:21.337000;3;102635;1;1;8800.0000;1;4833.0000;None;52200.0000
21058;2023-03-09 11:46:57.973000;1;100995;1;1;10800.0000;1;2815.0000;None;30400.0000
21058;2023-03-09 11:46:57.973000;1;102554;1;1;9800.0000;1;2815.0000;None;30400.0000
21058;2023-03-09 11:46:57.973000;7;1213;1;1;0.0000;1;2815.0000;None;30400.0000
21058;2023-03-09 11:46:57.973000;3;102637;1;1;9800.0000;1;2815.0000;None;30400.0000
21058;2023-03-09 11:46:57.973000;7;2042;1;1;0.0000;1;2815.0000;None;30400.0000
21059;2023-03-09 11:50:58.080000;1;100856;1;1;14800.0000;1;2000.0000;None;21600.0000
21059;2023-03-09 11:50:58.080000;7;1213;1;1;0.0000;1;2000.0000;None;21600.0000
21059;2023-03-09 11:50:58.080000;3;201146;1;1;6800.0000;1;2000.0000;None;21600.0000
21059;2023-03-09 11:50:58.080000;1;101270;1;1;0.0000;1;2000.0000;None;21600.0000
21060;2023-03-09 12:14:21.010000;1;103171;1;1;28800.0000;1;10556.0000;None;114000.0000
21060;2023-03-09 12:14:21.010000;1;101520;1;1;0.0000;1;10556.0000;None;114000.0000
21060;2023-03-09 12:14:21.010000;7;1038;1;1;0.0000;1;10556.0000;None;114000.0000
21060;2023-03-09 12:14:21.010000;7;1054;1;1;0.0000;1;10556.0000;None;114000.0000
21060;2023-03-09 12:14:21.010000;1;103843;1;1;34800.0000;1;10556.0000;None;114000.0000
21060;2023-03-09 12:14:21.010000;1;102981;1;1;36800.0000;1;10556.0000;None;114000.0000
21060;2023-03-09 12:14:21.010000;6;104684;1;1;0.0000;1;10556.0000;None;114000.0000
21060;2023-03-09 12:14:21.010000;7;1002;1;1;0.0000;1;10556.0000;None;114000.0000
21060;2023-03-09 12:14:21.010000;6;101061;1;1;0.0000;1;10556.0000;None;114000.0000
21060;2023-03-09 12:14:21.010000;3;201609;1;1;6800.0000;1;10556.0000;None;114000.0000
21060;2023-03-09 12:14:21.027000;7;1207;1;1;0.0000;1;10556.0000;None;114000.0000
21060;2023-03-09 12:14:21.027000;3;200644;1;1;6800.0000;1;10556.0000;None;114000.0000
21060;2023-03-09 12:14:21.027000;1;101270;1;1;0.0000;1;10556.0000;None;114000.0000
21061;2023-03-09 12:15:49.757000;1;100851;1;1;23800.0000;1;2833.0000;None;30600.0000
21061;2023-03-09 12:15:49.757000;3;201609;1;1;6800.0000;1;2833.0000;None;30600.0000
21062;2023-03-09 12:24:14.670000;3;201609;1;2;13600.0000;1;11704.0000;None;126400.0000
21062;2023-03-09 12:24:14.670000;1;104293;1;1;44800.0000;1;11704.0000;None;126400.0000
21062;2023-03-09 12:24:14.670000;7;1006;1;1;0.0000;1;11704.0000;None;126400.0000
21062;2023-03-09 12:24:14.670000;1;101520;1;1;0.0000;1;11704.0000;None;126400.0000
21062;2023-03-09 12:24:14.670000;1;104293;1;1;44800.0000;1;11704.0000;None;126400.0000
21062;2023-03-09 12:24:14.670000;7;1006;1;1;0.0000;1;11704.0000;None;126400.0000
21062;2023-03-09 12:24:14.670000;1;101520;1;1;0.0000;1;11704.0000;None;126400.0000
21062;2023-03-09 12:24:14.670000;1;102172;1;2;9600.0000;1;11704.0000;None;126400.0000
21062;2023-03-09 12:24:14.670000;7;1213;1;1;0.0000;1;11704.0000;None;126400.0000
21062;2023-03-09 12:24:14.670000;1;102132;1;2;13600.0000;1;11704.0000;None;126400.0000
21062;2023-03-09 12:24:14.670000;6;101061;1;1;0.0000;1;11704.0000;None;126400.0000
21062;2023-03-09 12:42:22.843000;6;101610;1;1;0.0000;1;11704.0000;None;126400.0000
21062;2023-03-09 12:42:22.843000;7;1131;1;1;0.0000;1;11704.0000;None;126400.0000
21062;2023-03-09 12:42:22.843000;7;1213;1;1;0.0000;1;11704.0000;None;126400.0000
21063;2023-03-09 12:24:50.870000;1;103750;1;2;27600.0000;1;10630.0000;None;114800.0000
21063;2023-03-09 12:24:50.870000;7;1001;1;1;0.0000;1;10630.0000;None;114800.0000
21063;2023-03-09 12:24:50.870000;7;1001;1;1;0.0000;1;10630.0000;None;114800.0000
21063;2023-03-09 12:24:50.870000;1;102981;1;1;36800.0000;1;10630.0000;None;114800.0000
21063;2023-03-09 12:24:50.870000;7;1006;1;1;0.0000;1;10630.0000;None;114800.0000
21063;2023-03-09 12:24:50.870000;1;101433;1;1;0.0000;1;10630.0000;None;114800.0000
21063;2023-03-09 12:24:50.870000;1;102981;1;1;36800.0000;1;10630.0000;None;114800.0000
21063;2023-03-09 12:24:50.870000;7;1205;1;1;0.0000;1;10630.0000;None;114800.0000
21063;2023-03-09 12:24:50.870000;6;104684;1;1;0.0000;1;10630.0000;None;114800.0000
21063;2023-03-09 12:24:50.870000;6;101061;1;1;0.0000;1;10630.0000;None;114800.0000
21063;2023-03-09 12:24:50.870000;3;201609;1;2;13600.0000;1;10630.0000;None;114800.0000
21064;2023-03-09 12:26:07.637000;1;100861;1;1;14800.0000;1;8574.0000;None;92600.0000
21064;2023-03-09 12:26:07.637000;7;1213;1;1;0.0000;1;8574.0000;None;92600.0000
21064;2023-03-09 12:26:07.637000;1;105511;1;1;43800.0000;1;8574.0000;None;92600.0000
21064;2023-03-09 12:26:07.637000;6;101061;1;1;0.0000;1;8574.0000;None;92600.0000
21064;2023-03-09 12:26:07.637000;1;102228;1;1;8800.0000;1;8574.0000;None;92600.0000
21064;2023-03-09 12:26:07.637000;3;200644;1;1;6800.0000;1;8574.0000;None;92600.0000
21064;2023-03-09 12:26:07.637000;1;101270;1;1;0.0000;1;8574.0000;None;92600.0000
21064;2023-03-09 12:26:07.637000;3;201609;1;1;6800.0000;1;8574.0000;None;92600.0000
21064;2023-03-09 13:04:21.437000;3;100614;1;1;5800.0000;1;8574.0000;None;92600.0000
21064;2023-03-09 13:04:21.437000;3;100614;1;1;5800.0000;1;8574.0000;None;92600.0000
21065;2023-03-09 12:28:28.930000;3;201237;1;1;6800.0000;1;7796.0000;None;84200.0000
21065;2023-03-09 12:28:28.930000;3;201609;1;1;6800.0000;1;7796.0000;None;84200.0000
21065;2023-03-09 12:28:28.930000;1;103842;1;1;26800.0000;1;7796.0000;None;84200.0000
21065;2023-03-09 12:28:28.930000;1;103624;1;1;43800.0000;1;7796.0000;None;84200.0000
21065;2023-03-09 12:28:28.930000;6;101061;1;1;0.0000;1;7796.0000;None;84200.0000
21066;2023-03-09 12:37:42.807000;1;103750;1;1;13800.0000;1;5815.0000;None;62800.0000
21066;2023-03-09 12:37:42.807000;1;102141;1;1;3800.0000;1;5815.0000;None;62800.0000
21066;2023-03-09 12:38:42.297000;3;201207;1;1;6800.0000;1;5815.0000;None;62800.0000
21066;2023-03-09 12:43:06.367000;1;109458;1;1;26800.0000;1;5815.0000;None;62800.0000
21066;2023-03-09 12:55:30.957000;3;201207;1;1;6800.0000;1;5815.0000;None;62800.0000
21066;2023-03-09 13:04:03.090000;3;103904;1;1;4800.0000;1;5815.0000;None;62800.0000
21067;2023-03-09 12:45:11.287000;1;102676;1;1;30800.0000;1;3296.0000;None;35600.0000
21067;2023-03-09 12:45:11.287000;7;1213;1;1;0.0000;1;3296.0000;None;35600.0000
21067;2023-03-09 12:45:11.287000;6;101061;1;1;0.0000;1;3296.0000;None;35600.0000
21067;2023-03-09 12:45:11.287000;3;102747;1;1;4800.0000;1;3296.0000;None;35600.0000
21067;2023-03-09 12:45:11.287000;7;2042;1;1;0.0000;1;3296.0000;None;35600.0000
21068;2023-03-09 12:57:54.117000;1;103773;1;2;19600.0000;1;14667.0000;None;158400.0000
21068;2023-03-09 12:57:54.117000;7;1001;1;1;0.0000;1;14667.0000;None;158400.0000
21068;2023-03-09 12:57:54.117000;7;1001;1;1;0.0000;1;14667.0000;None;158400.0000
21068;2023-03-09 12:57:54.117000;7;1001;1;1;0.0000;1;14667.0000;None;158400.0000
21068;2023-03-09 12:57:54.117000;1;102687;1;1;34800.0000;1;14667.0000;None;158400.0000
21068;2023-03-09 12:57:54.117000;7;1213;1;1;0.0000;1;14667.0000;None;158400.0000
21068;2023-03-09 12:57:54.117000;1;100848;1;1;28800.0000;1;14667.0000;None;158400.0000
21068;2023-03-09 12:57:54.117000;7;1213;1;1;0.0000;1;14667.0000;None;158400.0000
21068;2023-03-09 12:57:54.117000;1;101127;1;1;36800.0000;1;14667.0000;None;158400.0000
21068;2023-03-09 12:57:54.117000;6;101061;1;1;0.0000;1;14667.0000;None;158400.0000
21068;2023-03-09 12:57:54.117000;3;201207;1;1;6800.0000;1;14667.0000;None;158400.0000
21068;2023-03-09 12:57:54.117000;3;102747;1;1;4800.0000;1;14667.0000;None;158400.0000
21068;2023-03-09 12:57:54.117000;7;2077;1;1;0.0000;1;14667.0000;None;158400.0000
21068;2023-03-09 12:59:30.400000;1;109458;1;1;26800.0000;1;14667.0000;None;158400.0000
21068;2023-03-09 12:59:30.400000;7;1213;1;1;0.0000;1;14667.0000;None;158400.0000
21069;2023-03-09 13:11:25.317000;2;200140;1;1;64800.0000;1;20259.0000;None;218800.0000
21069;2023-03-09 13:11:25.317000;3;201237;1;1;6800.0000;1;20259.0000;None;218800.0000
21069;2023-03-09 13:11:25.317000;1;100846;1;1;30800.0000;1;20259.0000;None;218800.0000
21069;2023-03-09 13:11:25.317000;1;103955;1;1;41800.0000;1;20259.0000;None;218800.0000
21069;2023-03-09 13:11:25.317000;6;104684;1;1;0.0000;1;20259.0000;None;218800.0000
21069;2023-03-09 13:11:25.317000;1;105647;1;1;69800.0000;1;20259.0000;None;218800.0000
21069;2023-03-09 13:11:25.317000;1;101433;1;1;0.0000;1;20259.0000;None;218800.0000
21069;2023-03-09 13:11:25.317000;6;101061;1;1;0.0000;1;20259.0000;None;218800.0000
21069;2023-03-09 14:04:57.213000;3;103904;1;1;4800.0000;1;20259.0000;None;218800.0000
21070;2023-03-09 13:13:33.150000;1;103955;1;1;41800.0000;1;None;None;41800.0000
21070;2023-03-09 13:13:33.150000;6;104684;1;1;0.0000;1;None;None;41800.0000
21070;2023-03-09 13:13:33.150000;7;1213;1;1;0.0000;1;None;None;41800.0000
21071;2023-03-09 13:19:55.237000;1;100862;1;1;27800.0000;1;6500.0000;None;70200.0000
21071;2023-03-09 13:19:55.237000;7;1213;1;1;0.0000;1;6500.0000;None;70200.0000
21071;2023-03-09 13:19:55.237000;1;100855;1;1;28800.0000;1;6500.0000;None;70200.0000
21071;2023-03-09 13:19:55.237000;7;1213;1;1;0.0000;1;6500.0000;None;70200.0000
21071;2023-03-09 13:19:55.237000;6;101061;1;1;0.0000;1;6500.0000;None;70200.0000
21071;2023-03-09 13:19:55.237000;3;201269;1;1;6800.0000;1;6500.0000;None;70200.0000
21071;2023-03-09 13:19:55.237000;1;101270;1;1;0.0000;1;6500.0000;None;70200.0000
21071;2023-03-09 13:19:55.237000;3;201269;1;1;6800.0000;1;6500.0000;None;70200.0000
21071;2023-03-09 13:19:55.237000;1;101270;1;1;0.0000;1;6500.0000;None;70200.0000
21072;2023-03-09 13:23:10.613000;1;103773;1;1;9800.0000;1;4204.0000;None;45400.0000
21072;2023-03-09 13:23:10.613000;1;103171;1;1;28800.0000;1;4204.0000;None;45400.0000
21072;2023-03-09 13:23:10.613000;1;101636;1;1;0.0000;1;4204.0000;None;45400.0000
21072;2023-03-09 13:23:10.613000;7;1213;1;1;0.0000;1;4204.0000;None;45400.0000
21072;2023-03-09 13:23:10.613000;3;201146;1;1;6800.0000;1;4204.0000;None;45400.0000
21072;2023-03-09 13:23:10.613000;7;2050;1;1;0.0000;1;4204.0000;None;45400.0000
21072;2023-03-09 13:23:10.613000;7;1207;1;1;0.0000;1;4204.0000;None;45400.0000
21072;2023-03-09 13:23:10.613000;6;101061;1;1;0.0000;1;4204.0000;None;45400.0000
21073;2023-03-09 13:24:45.493000;3;102635;1;3;26400.0000;1;22222.0000;None;240000.0000
21073;2023-03-09 13:24:45.493000;1;103773;1;1;9800.0000;1;22222.0000;None;240000.0000
21073;2023-03-09 13:24:45.493000;1;103773;1;1;9800.0000;1;22222.0000;None;240000.0000
21073;2023-03-09 13:24:45.493000;1;103772;1;1;17800.0000;1;22222.0000;None;240000.0000
21073;2023-03-09 13:24:45.493000;7;1001;1;1;0.0000;1;22222.0000;None;240000.0000
21073;2023-03-09 13:24:45.493000;7;1001;1;1;0.0000;1;22222.0000;None;240000.0000
21073;2023-03-09 13:24:45.493000;1;103342;1;1;46800.0000;1;22222.0000;None;240000.0000
21073;2023-03-09 13:24:45.493000;1;101552;1;1;0.0000;1;22222.0000;None;240000.0000
21073;2023-03-09 13:24:45.493000;1;102172;1;1;4800.0000;1;22222.0000;None;240000.0000
21073;2023-03-09 13:24:45.493000;7;1213;1;1;0.0000;1;22222.0000;None;240000.0000
21073;2023-03-09 13:24:45.493000;1;102132;1;1;6800.0000;1;22222.0000;None;240000.0000
21073;2023-03-09 13:24:45.493000;1;103790;1;1;39800.0000;1;22222.0000;None;240000.0000
21073;2023-03-09 13:24:45.493000;1;104293;1;1;44800.0000;1;22222.0000;None;240000.0000
21073;2023-03-09 13:24:45.493000;7;1006;1;1;0.0000;1;22222.0000;None;240000.0000
21073;2023-03-09 13:24:45.493000;1;101433;1;1;0.0000;1;22222.0000;None;240000.0000
21073;2023-03-09 13:24:45.493000;7;1213;1;1;0.0000;1;22222.0000;None;240000.0000
21073;2023-03-09 13:24:45.493000;1;102132;1;1;6800.0000;1;22222.0000;None;240000.0000
21073;2023-03-09 13:24:45.493000;1;102228;1;1;8800.0000;1;22222.0000;None;240000.0000
21073;2023-03-09 13:24:45.493000;6;101061;1;1;0.0000;1;22222.0000;None;240000.0000
21073;2023-03-09 13:32:43.517000;3;102635;1;1;8800.0000;1;22222.0000;None;240000.0000
21073;2023-03-09 13:33:07.327000;3;102635;1;1;8800.0000;1;22222.0000;None;240000.0000
21074;2023-03-09 13:41:37.290000;1;103843;1;2;69600.0000;1;19093.0000;None;206200.0000
21074;2023-03-09 13:41:37.290000;1;102479;1;1;51800.0000;1;19093.0000;None;206200.0000
21074;2023-03-09 13:41:37.290000;7;1006;1;1;0.0000;1;19093.0000;None;206200.0000
21074;2023-03-09 13:41:37.290000;1;101522;2;1;0.0000;1;19093.0000;None;206200.0000
21074;2023-03-09 13:41:37.290000;1;103551;1;1;49800.0000;1;19093.0000;None;206200.0000
21074;2023-03-09 13:41:37.290000;3;102635;1;2;17600.0000;1;19093.0000;None;206200.0000
21074;2023-03-09 13:41:37.303000;3;200644;1;1;6800.0000;1;19093.0000;None;206200.0000
21074;2023-03-09 13:41:37.303000;1;101270;2;1;0.0000;1;19093.0000;None;206200.0000
21074;2023-03-09 13:41:37.303000;3;102747;1;1;4800.0000;1;19093.0000;None;206200.0000
21074;2023-03-09 13:41:37.303000;6;101061;1;1;0.0000;1;19093.0000;None;206200.0000
21074;2023-03-09 13:41:37.303000;6;101061;1;1;0.0000;1;19093.0000;None;206200.0000
21074;2023-03-09 14:10:14.957000;1;105302;1;1;5800.0000;1;19093.0000;None;206200.0000
21075;2023-03-09 14:01:31.860000;1;103773;1;2;19600.0000;1;12204.0000;None;131800.0000
21075;2023-03-09 14:01:31.860000;7;1001;1;1;0.0000;1;12204.0000;None;131800.0000
21075;2023-03-09 14:01:31.860000;7;1001;1;1;0.0000;1;12204.0000;None;131800.0000
21075;2023-03-09 14:01:31.860000;7;1001;1;1;0.0000;1;12204.0000;None;131800.0000
21075;2023-03-09 14:01:31.860000;1;104294;1;1;65800.0000;1;12204.0000;None;131800.0000
21075;2023-03-09 14:01:31.860000;6;104684;1;1;0.0000;1;12204.0000;None;131800.0000
21075;2023-03-09 14:01:31.860000;7;1006;1;1;0.0000;1;12204.0000;None;131800.0000
21075;2023-03-09 14:01:31.860000;1;103340;1;1;30800.0000;1;12204.0000;None;131800.0000
21075;2023-03-09 14:01:31.860000;1;101522;1;1;0.0000;1;12204.0000;None;131800.0000
21075;2023-03-09 14:01:31.860000;6;101061;1;1;0.0000;1;12204.0000;None;131800.0000
21075;2023-03-09 14:01:31.860000;3;102635;1;1;8800.0000;1;12204.0000;None;131800.0000
21075;2023-03-09 14:01:31.860000;7;2042;1;1;0.0000;1;12204.0000;None;131800.0000
21075;2023-03-09 14:01:31.860000;3;200644;1;1;6800.0000;1;12204.0000;None;131800.0000
21075;2023-03-09 14:01:31.860000;1;101270;1;1;0.0000;1;12204.0000;None;131800.0000
21076;2023-03-09 14:08:40.620000;1;100853;1;1;28800.0000;1;7148.0000;None;77200.0000
21076;2023-03-09 14:08:40.620000;1;103843;1;1;34800.0000;1;7148.0000;None;77200.0000
21076;2023-03-09 14:08:40.620000;3;201609;1;1;6800.0000;1;7148.0000;None;77200.0000
21076;2023-03-09 14:08:40.620000;3;201207;1;1;6800.0000;1;7148.0000;None;77200.0000
21076;2023-03-09 14:08:40.620000;6;101061;1;1;0.0000;1;7148.0000;None;77200.0000
21077;2023-03-09 14:11:35.227000;3;201146;1;1;6800.0000;1;18463.0000;None;199400.0000
21077;2023-03-09 14:11:35.227000;1;101270;1;1;0.0000;1;18463.0000;None;199400.0000
21077;2023-03-09 14:11:35.227000;2;201187;1;2;21600.0000;1;18463.0000;None;199400.0000
21077;2023-03-09 14:20:08.477000;1;102679;1;1;33800.0000;1;18463.0000;None;199400.0000
21077;2023-03-09 14:20:08.477000;1;102680;1;1;36800.0000;1;18463.0000;None;199400.0000
21077;2023-03-09 14:20:08.477000;1;104727;1;1;69800.0000;1;18463.0000;None;199400.0000
21077;2023-03-09 14:20:08.477000;7;1002;1;1;0.0000;1;18463.0000;None;199400.0000
21077;2023-03-09 14:20:08.477000;1;101522;1;1;0.0000;1;18463.0000;None;199400.0000
21077;2023-03-09 14:20:08.477000;6;101589;1;1;0.0000;1;18463.0000;None;199400.0000
21077;2023-03-09 14:20:08.477000;7;1213;1;1;0.0000;1;18463.0000;None;199400.0000
21077;2023-03-09 15:06:42.900000;3;100596;1;1;5800.0000;1;18463.0000;None;199400.0000
21077;2023-03-09 15:06:42.900000;1;103995;1;1;24800.0000;1;18463.0000;None;199400.0000
21078;2023-03-09 14:28:09.137000;1;103771;1;1;12800.0000;1;9926.0000;None;107200.0000
21078;2023-03-09 14:28:09.137000;7;1001;1;1;0.0000;1;9926.0000;None;107200.0000
21078;2023-03-09 14:28:09.137000;7;1001;1;1;0.0000;1;9926.0000;None;107200.0000
21078;2023-03-09 14:28:09.137000;7;1001;1;1;0.0000;1;9926.0000;None;107200.0000
21078;2023-03-09 14:28:09.137000;1;103515;1;1;44800.0000;1;9926.0000;None;107200.0000
21078;2023-03-09 14:28:09.137000;1;104719;1;1;39800.0000;1;9926.0000;None;107200.0000
21078;2023-03-09 14:28:09.137000;7;1213;1;1;0.0000;1;9926.0000;None;107200.0000
21078;2023-03-09 14:28:09.137000;1;101522;1;1;0.0000;1;9926.0000;None;107200.0000
21078;2023-03-09 15:01:17.087000;3;102637;1;1;9800.0000;1;9926.0000;None;107200.0000
21079;2023-03-09 14:43:18.897000;3;201207;1;1;6800.0000;1;6778.0000;None;73200.0000
21079;2023-03-09 14:43:18.897000;3;100607;1;1;6800.0000;1;6778.0000;None;73200.0000
21079;2023-03-09 14:43:18.897000;7;1207;1;1;0.0000;1;6778.0000;None;73200.0000
21079;2023-03-09 14:43:18.897000;1;100846;1;1;30800.0000;1;6778.0000;None;73200.0000
21079;2023-03-09 14:43:18.897000;1;100853;1;1;28800.0000;1;6778.0000;None;73200.0000
21079;2023-03-09 14:44:48.260000;6;101061;1;1;0.0000;1;6778.0000;None;73200.0000
21080;2023-03-09 14:56:10.670000;3;102639;1;1;9800.0000;1;6130.0000;None;66200.0000
21080;2023-03-09 14:56:10.670000;3;102639;1;1;9800.0000;1;6130.0000;None;66200.0000
21080;2023-03-09 14:56:10.670000;1;100852;1;1;26800.0000;1;6130.0000;None;66200.0000
21080;2023-03-09 14:56:10.670000;1;106735;1;1;19800.0000;1;6130.0000;None;66200.0000
21080;2023-03-09 14:56:33.953000;6;101061;1;1;0.0000;1;6130.0000;None;66200.0000
21081;2023-03-09 15:00:55.247000;6;101061;1;1;0.0000;1;5000.0000;None;54000.0000
21081;2023-03-09 15:00:55.247000;3;201207;1;1;6800.0000;1;5000.0000;None;54000.0000
21081;2023-03-09 15:00:55.247000;7;2050;1;1;0.0000;1;5000.0000;None;54000.0000
21081;2023-03-09 15:00:55.247000;3;201146;1;1;6800.0000;1;5000.0000;None;54000.0000
21081;2023-03-09 15:00:55.247000;7;2050;1;1;0.0000;1;5000.0000;None;54000.0000
21081;2023-03-09 15:02:32.557000;1;102228;1;1;8800.0000;1;5000.0000;None;54000.0000
21081;2023-03-09 15:03:42.877000;1;102684;1;1;17800.0000;1;5000.0000;None;54000.0000
21081;2023-03-09 15:03:42.877000;1;100858;1;1;13800.0000;1;5000.0000;None;54000.0000
21082;2023-03-09 15:08:09.540000;3;100614;1;1;5800.0000;1;1074.0000;None;11600.0000
21082;2023-03-09 15:08:09.540000;3;100999;1;1;5800.0000;1;1074.0000;None;11600.0000
21083;2023-03-09 15:10:52.883000;3;102635;1;1;8800.0000;1;1611.0000;None;17400.0000
21083;2023-03-09 15:10:52.883000;1;104690;1;1;4800.0000;1;1611.0000;None;17400.0000
21083;2023-03-09 15:10:52.883000;1;104690;1;1;4800.0000;1;1611.0000;None;17400.0000
21083;2023-03-09 15:11:36.853000;3;102645;1;1;7800.0000;1;1611.0000;None;17400.0000
21083;2023-03-09 15:11:57.260000;3;102635;1;-1;-8800.0000;1;1611.0000;None;17400.0000
21084;2023-03-09 15:13:00.783000;1;105421;1;1;19800.0000;1;1833.0000;None;19800.0000
21085;2023-03-09 15:32:57.040000;1;101244;1;2;59600.0000;1;15028.0000;None;162300.0000
21085;2023-03-09 15:32:57.040000;3;201269;1;1;6800.0000;1;15028.0000;None;162300.0000
21085;2023-03-09 15:32:57.040000;3;201269;1;1;6800.0000;1;15028.0000;None;162300.0000
21085;2023-03-09 15:32:57.040000;7;1207;1;1;0.0000;1;15028.0000;None;162300.0000
21085;2023-03-09 15:32:57.040000;6;101061;1;1;0.0000;1;15028.0000;None;162300.0000
21085;2023-03-09 15:37:22.130000;1;102501;1;1;39800.0000;1;15028.0000;None;162300.0000
21085;2023-03-09 15:37:22.130000;6;103488;1;1;0.0000;1;15028.0000;None;162300.0000
21085;2023-03-09 15:37:22.130000;7;1002;1;1;0.0000;1;15028.0000;None;162300.0000
21085;2023-03-09 15:37:22.130000;1;101522;2;1;0.0000;1;15028.0000;None;162300.0000
21085;2023-03-09 15:37:22.130000;7;1213;1;1;0.0000;1;15028.0000;None;162300.0000
21085;2023-03-09 15:37:22.130000;1;102286;1;1;1500.0000;1;15028.0000;None;162300.0000
21085;2023-03-09 15:37:22.130000;7;1213;1;1;0.0000;1;15028.0000;None;162300.0000
21085;2023-03-09 15:37:22.130000;7;1213;1;1;0.0000;1;15028.0000;None;162300.0000
21085;2023-03-09 15:37:22.130000;1;102502;1;1;47800.0000;1;15028.0000;None;162300.0000
21085;2023-03-09 15:37:22.130000;6;103488;1;1;0.0000;1;15028.0000;None;162300.0000
21085;2023-03-09 15:37:22.130000;7;1002;1;1;0.0000;1;15028.0000;None;162300.0000
21085;2023-03-09 15:37:22.130000;1;101522;2;1;0.0000;1;15028.0000;None;162300.0000
21085;2023-03-09 15:37:22.130000;7;1213;1;1;0.0000;1;15028.0000;None;162300.0000
21085;2023-03-09 15:37:22.130000;6;101061;1;1;0.0000;1;15028.0000;None;162300.0000
21086;2023-03-09 15:40:14.583000;1;104698;1;1;1600.0000;1;11963.0000;None;129200.0000
21086;2023-03-09 15:45:58.690000;3;100614;1;1;5800.0000;1;11963.0000;None;129200.0000
21086;2023-03-09 15:45:58.690000;7;1207;1;1;0.0000;1;11963.0000;None;129200.0000
21086;2023-03-09 16:00:38.660000;1;103365;1;1;9800.0000;1;11963.0000;None;129200.0000
21086;2023-03-09 16:00:38.660000;1;102960;1;1;5800.0000;1;11963.0000;None;129200.0000
21086;2023-03-09 16:01:09.777000;3;100999;1;1;5800.0000;1;11963.0000;None;129200.0000
21086;2023-03-09 17:02:56.547000;1;103342;1;1;46800.0000;1;11963.0000;None;129200.0000
21086;2023-03-09 17:02:56.547000;6;104684;1;1;0.0000;1;11963.0000;None;129200.0000
21086;2023-03-09 17:02:56.547000;1;103342;1;1;46800.0000;1;11963.0000;None;129200.0000
21086;2023-03-09 17:02:56.547000;1;105065;1;1;0.0000;1;11963.0000;None;129200.0000
21086;2023-03-09 17:02:56.547000;6;101061;1;1;0.0000;1;11963.0000;None;129200.0000
21086;2023-03-09 17:29:04.447000;3;201146;1;1;6800.0000;1;11963.0000;None;129200.0000
21086;2023-03-09 17:29:04.447000;7;2050;1;1;0.0000;1;11963.0000;None;129200.0000
21086;2023-03-09 17:29:04.447000;7;1207;1;1;0.0000;1;11963.0000;None;129200.0000
21086;2023-03-09 17:29:04.447000;1;101270;2;1;0.0000;1;11963.0000;None;129200.0000
21087;2023-03-09 15:43:49.687000;1;104690;1;4;19200.0000;1;3037.0000;None;32800.0000
21087;2023-03-09 15:43:49.687000;3;100606;1;2;13600.0000;1;3037.0000;None;32800.0000
21087;2023-03-09 15:43:49.687000;7;2011;1;1;0.0000;1;3037.0000;None;32800.0000
21087;2023-03-09 15:43:49.687000;7;2011;1;1;0.0000;1;3037.0000;None;32800.0000
21087;2023-03-09 15:43:49.687000;7;2009;1;1;0.0000;1;3037.0000;None;32800.0000
21088;2023-03-09 15:44:51.453000;3;200644;1;1;6800.0000;1;7796.0000;None;84200.0000
21088;2023-03-09 15:44:51.453000;3;102747;1;1;4800.0000;1;7796.0000;None;84200.0000
21088;2023-03-09 15:48:00.930000;1;103171;1;1;28800.0000;1;7796.0000;None;84200.0000
21088;2023-03-09 15:48:00.930000;1;101433;1;1;0.0000;1;7796.0000;None;84200.0000
21088;2023-03-09 15:48:00.930000;7;1213;1;1;0.0000;1;7796.0000;None;84200.0000
21088;2023-03-09 15:48:00.930000;1;103651;1;1;43800.0000;1;7796.0000;None;84200.0000
21088;2023-03-09 15:48:00.930000;6;101061;1;1;0.0000;1;7796.0000;None;84200.0000
21089;2023-03-09 15:50:31.343000;6;101061;1;1;0.0000;1;9630.0000;None;104000.0000
21089;2023-03-09 15:50:31.343000;1;103750;1;1;13800.0000;1;9630.0000;None;104000.0000
21089;2023-03-09 15:51:11.520000;2;101728;1;1;31800.0000;1;9630.0000;None;104000.0000
21089;2023-03-09 15:52:25.350000;1;104293;1;1;44800.0000;1;9630.0000;None;104000.0000
21089;2023-03-09 15:52:25.350000;7;1002;1;1;0.0000;1;9630.0000;None;104000.0000
21089;2023-03-09 15:52:25.350000;1;101433;1;1;0.0000;1;9630.0000;None;104000.0000
21089;2023-03-09 15:52:25.350000;1;102132;1;1;6800.0000;1;9630.0000;None;104000.0000
21089;2023-03-09 15:52:25.350000;7;1213;1;1;0.0000;1;9630.0000;None;104000.0000
21089;2023-03-09 15:53:53.100000;3;201146;1;1;6800.0000;1;9630.0000;None;104000.0000
21090;2023-03-09 16:02:33.637000;1;102903;1;1;36800.0000;1;8074.0000;None;87200.0000
21090;2023-03-09 16:02:33.637000;6;104683;1;1;0.0000;1;8074.0000;None;87200.0000
21090;2023-03-09 16:02:33.637000;7;1006;1;1;0.0000;1;8074.0000;None;87200.0000
21090;2023-03-09 16:02:33.637000;1;101522;2;1;0.0000;1;8074.0000;None;87200.0000
21090;2023-03-09 16:02:33.637000;7;1213;1;1;0.0000;1;8074.0000;None;87200.0000
21090;2023-03-09 16:02:33.637000;1;102671;1;1;38800.0000;1;8074.0000;None;87200.0000
21090;2023-03-09 16:02:33.637000;6;101061;1;1;0.0000;1;8074.0000;None;87200.0000
21090;2023-03-09 16:02:33.637000;3;102747;1;1;4800.0000;1;8074.0000;None;87200.0000
21090;2023-03-09 16:02:33.637000;7;2072;1;1;0.0000;1;8074.0000;None;87200.0000
21090;2023-03-09 16:02:33.637000;3;201609;1;1;6800.0000;1;8074.0000;None;87200.0000
21091;2023-03-09 16:03:51.967000;1;102981;1;1;36800.0000;1;4130.0000;None;44600.0000
21091;2023-03-09 16:03:51.967000;1;101552;1;1;0.0000;1;4130.0000;None;44600.0000
21091;2023-03-09 16:03:51.967000;7;1002;1;1;0.0000;1;4130.0000;None;44600.0000
21091;2023-03-09 16:03:51.967000;6;101061;1;1;0.0000;1;4130.0000;None;44600.0000
21091;2023-03-09 16:03:51.967000;3;102631;1;1;7800.0000;1;4130.0000;None;44600.0000
21093;2023-03-09 16:04:46.020000;3;100606;1;1;6800.0000;1;1074.0000;None;11600.0000
21093;2023-03-09 16:04:46.020000;1;104690;1;1;4800.0000;1;1074.0000;None;11600.0000
21094;2023-03-09 16:18:44.953000;3;102886;1;1;5800.0000;1;1426.0000;None;15400.0000
21094;2023-03-09 16:18:44.953000;7;2011;1;1;0.0000;1;1426.0000;None;15400.0000
21094;2023-03-09 16:18:44.953000;1;104690;1;1;4800.0000;1;1426.0000;None;15400.0000
21094;2023-03-09 16:18:44.953000;1;104690;1;1;4800.0000;1;1426.0000;None;15400.0000
21094;2023-03-09 16:18:44.953000;7;1213;1;1;0.0000;1;1426.0000;None;15400.0000
21095;2023-03-09 16:37:56.307000;3;200644;1;1;6800.0000;1;2944.0000;None;31800.0000
21095;2023-03-09 16:37:56.307000;1;101270;1;1;0.0000;1;2944.0000;None;31800.0000
21095;2023-03-09 16:37:56.307000;3;100614;1;1;5800.0000;1;2944.0000;None;31800.0000
21095;2023-03-09 16:37:56.307000;7;1207;1;1;0.0000;1;2944.0000;None;31800.0000
21095;2023-03-09 16:37:56.307000;1;104690;1;1;4800.0000;1;2944.0000;None;31800.0000
21095;2023-03-09 16:37:56.307000;1;104690;1;1;4800.0000;1;2944.0000;None;31800.0000
21095;2023-03-09 16:56:10.080000;1;104690;1;2;9600.0000;1;2944.0000;None;31800.0000
21096;2023-03-09 16:39:53.220000;1;102003;1;2;9600.0000;1;1519.0000;None;16400.0000
21096;2023-03-09 16:45:27.510000;3;100606;1;1;6800.0000;1;1519.0000;None;16400.0000
21097;2023-03-09 16:48:15.873000;3;100999;1;1;5800.0000;1;None;None;12600.0000
21097;2023-03-09 16:48:15.873000;3;201609;1;1;6800.0000;1;None;None;12600.0000
21098;2023-03-09 16:52:24.767000;1;102982;1;1;59800.0000;1;15426.0000;None;166600.0000
21098;2023-03-09 16:52:24.767000;1;101522;1;1;0.0000;1;15426.0000;None;166600.0000
21098;2023-03-09 16:52:24.767000;7;1006;1;1;0.0000;1;15426.0000;None;166600.0000
21098;2023-03-09 16:52:24.767000;1;103171;1;1;28800.0000;1;15426.0000;None;166600.0000
21098;2023-03-09 16:52:24.767000;1;101522;1;1;0.0000;1;15426.0000;None;166600.0000
21098;2023-03-09 16:52:24.767000;3;201269;1;2;13600.0000;1;15426.0000;None;166600.0000
21098;2023-03-09 16:52:24.767000;1;101270;1;1;0.0000;1;15426.0000;None;166600.0000
21098;2023-03-09 16:52:24.767000;1;101270;1;1;0.0000;1;15426.0000;None;166600.0000
21098;2023-03-09 16:52:24.767000;3;201146;1;1;6800.0000;1;15426.0000;None;166600.0000
21098;2023-03-09 16:52:24.767000;1;101270;1;1;0.0000;1;15426.0000;None;166600.0000
21098;2023-03-09 16:52:24.767000;6;101061;1;1;0.0000;1;15426.0000;None;166600.0000
21098;2023-03-09 17:33:46.303000;2;101709;1;1;28800.0000;1;15426.0000;None;166600.0000
21098;2023-03-09 17:33:46.303000;3;105735;1;1;0.0000;1;15426.0000;None;166600.0000
21098;2023-03-09 17:36:42.660000;2;101709;1;1;28800.0000;1;15426.0000;None;166600.0000
21098;2023-03-09 17:36:42.660000;3;105735;1;1;0.0000;1;15426.0000;None;166600.0000
21099;2023-03-09 17:00:07.453000;1;102003;1;2;9600.0000;1;8556.0000;None;92400.0000
21099;2023-03-09 17:00:07.453000;7;1001;1;1;0.0000;1;8556.0000;None;92400.0000
21099;2023-03-09 17:00:07.453000;7;1001;1;1;0.0000;1;8556.0000;None;92400.0000
21099;2023-03-09 17:00:07.453000;1;108424;1;1;41800.0000;1;8556.0000;None;92400.0000
21099;2023-03-09 17:00:07.453000;6;103488;1;1;0.0000;1;8556.0000;None;92400.0000
21099;2023-03-09 17:00:07.453000;7;1205;1;1;0.0000;1;8556.0000;None;92400.0000
21099;2023-03-09 17:00:07.453000;1;101522;2;1;0.0000;1;8556.0000;None;92400.0000
21099;2023-03-09 17:00:07.453000;1;100995;1;1;10800.0000;1;8556.0000;None;92400.0000
21099;2023-03-09 17:00:07.453000;3;202112;1;1;9800.0000;1;8556.0000;None;92400.0000
21099;2023-03-09 17:00:07.453000;3;201609;1;1;6800.0000;1;8556.0000;None;92400.0000
21099;2023-03-09 17:00:07.453000;3;100606;1;1;6800.0000;1;8556.0000;None;92400.0000
21099;2023-03-09 17:20:09.957000;3;201609;1;1;6800.0000;1;8556.0000;None;92400.0000
21100;2023-03-09 17:15:27.827000;1;104690;1;1;4800.0000;1;1167.0000;None;12600.0000
21100;2023-03-09 17:16:39.520000;3;102624;1;1;7800.0000;1;1167.0000;None;12600.0000
21101;2023-03-09 17:29:48.803000;3;100614;1;2;11600.0000;1;1074.0000;None;11600.0000
21102;2023-03-09 17:38:53.717000;1;104690;1;5;24000.0000;1;4111.0000;None;44400.0000
21102;2023-03-09 17:38:53.717000;3;100607;1;3;20400.0000;1;4111.0000;None;44400.0000
21102;2023-03-09 17:38:53.717000;7;2009;1;1;0.0000;1;4111.0000;None;44400.0000
21102;2023-03-09 17:38:53.717000;7;2011;1;1;0.0000;1;4111.0000;None;44400.0000
21103;2023-03-09 17:54:20.783000;1;100995;1;1;10800.0000;1;4093.0000;None;44200.0000
21103;2023-03-09 18:03:15.017000;3;100606;1;1;6800.0000;1;4093.0000;None;44200.0000
21103;2023-03-09 18:21:56.370000;3;100606;1;1;6800.0000;1;4093.0000;None;44200.0000
21103;2023-03-09 18:43:45.467000;1;103166;1;1;19800.0000;1;4093.0000;None;44200.0000
21104;2023-03-09 18:11:45.047000;1;101244;1;1;29800.0000;1;3389.0000;None;36600.0000
21104;2023-03-09 18:20:36.447000;3;201146;1;1;6800.0000;1;3389.0000;None;36600.0000
21105;2023-03-09 18:21:47.673000;2;201182;1;1;9800.0000;1;3556.0000;None;38400.0000
21105;2023-03-09 18:21:47.673000;2;201182;1;1;9800.0000;1;3556.0000;None;38400.0000
21105;2023-03-09 18:21:47.673000;3;108191;1;2;0.0000;1;3556.0000;None;38400.0000
21105;2023-03-09 18:21:47.673000;2;101878;1;1;18800.0000;1;3556.0000;None;38400.0000
21106;2023-03-09 18:26:14.020000;1;101244;1;1;29800.0000;1;3296.0000;None;35600.0000
21106;2023-03-09 18:26:14.020000;7;1001;1;1;0.0000;1;3296.0000;None;35600.0000
21106;2023-03-09 18:26:14.020000;7;1001;1;1;0.0000;1;3296.0000;None;35600.0000
21106;2023-03-09 18:26:14.020000;3;104446;1;1;5800.0000;1;3296.0000;None;35600.0000
21107;2023-03-09 18:26:30.850000;3;102637;1;1;9800.0000;1;1537.0000;None;16600.0000
21107;2023-03-09 18:26:30.850000;3;100607;1;1;6800.0000;1;1537.0000;None;16600.0000
21108;2023-03-09 18:30:49.733000;1;102879;1;1;15800.0000;1;10759.0000;None;116200.0000
21108;2023-03-09 18:30:49.733000;7;1054;1;1;0.0000;1;10759.0000;None;116200.0000
21108;2023-03-09 18:30:49.733000;7;1213;1;1;0.0000;1;10759.0000;None;116200.0000
21108;2023-03-09 18:30:49.733000;1;102161;1;1;5800.0000;1;10759.0000;None;116200.0000
21108;2023-03-09 18:30:49.733000;1;102239;1;1;5800.0000;1;10759.0000;None;116200.0000
21108;2023-03-09 18:30:49.733000;7;1001;1;1;0.0000;1;10759.0000;None;116200.0000
21108;2023-03-09 18:30:49.733000;7;1001;1;1;0.0000;1;10759.0000;None;116200.0000
21108;2023-03-09 18:32:28.983000;1;102879;1;1;15800.0000;1;10759.0000;None;116200.0000
21108;2023-03-09 18:32:28.983000;1;102161;1;1;5800.0000;1;10759.0000;None;116200.0000
21108;2023-03-09 18:32:28.983000;1;102239;1;1;5800.0000;1;10759.0000;None;116200.0000
21108;2023-03-09 18:34:13.263000;1;102879;1;-1;-15800.0000;1;10759.0000;None;116200.0000
21108;2023-03-09 18:34:13.263000;7;1054;1;-1;0.0000;1;10759.0000;None;116200.0000
21108;2023-03-09 18:34:13.263000;7;1213;1;-1;0.0000;1;10759.0000;None;116200.0000
21108;2023-03-09 18:34:13.263000;1;102161;1;-1;-5800.0000;1;10759.0000;None;116200.0000
21108;2023-03-09 18:34:13.263000;1;102239;1;-1;-5800.0000;1;10759.0000;None;116200.0000
21108;2023-03-09 18:36:23.343000;3;102748;1;1;15800.0000;1;10759.0000;None;116200.0000
21108;2023-03-09 18:36:23.343000;2;201187;1;1;10800.0000;1;10759.0000;None;116200.0000
21108;2023-03-09 18:36:23.343000;3;102631;1;1;7800.0000;1;10759.0000;None;116200.0000
21108;2023-03-09 18:36:23.343000;1;103842;1;1;26800.0000;1;10759.0000;None;116200.0000
21108;2023-03-09 18:36:23.343000;1;104012;1;1;19800.0000;1;10759.0000;None;116200.0000
21108;2023-03-09 18:56:02.400000;3;102631;1;1;7800.0000;1;10759.0000;None;116200.0000
21109;2023-03-09 18:39:30.470000;2;101878;1;2;37600.0000;1;3481.0000;None;37600.0000
21111;2023-03-09 18:44:50.670000;1;103759;1;1;10800.0000;1;3815.0000;None;41200.0000
21111;2023-03-09 18:44:50.670000;1;100995;1;1;10800.0000;1;3815.0000;None;41200.0000
21111;2023-03-09 18:44:50.670000;1;102228;1;1;8800.0000;1;3815.0000;None;41200.0000
21111;2023-03-09 18:44:50.670000;3;102641;1;1;10800.0000;1;3815.0000;None;41200.0000
21111;2023-03-09 18:44:50.670000;7;2042;1;1;0.0000;1;3815.0000;None;41200.0000
21112;2023-03-09 19:13:05.463000;3;103911;1;1;6800.0000;1;4000.0000;None;43200.0000
21112;2023-03-09 19:13:05.463000;3;102886;1;1;5800.0000;1;4000.0000;None;43200.0000
21112;2023-03-09 19:13:05.463000;1;102228;1;1;8800.0000;1;4000.0000;None;43200.0000
21112;2023-03-09 19:13:05.463000;7;1213;1;1;0.0000;1;4000.0000;None;43200.0000
21112;2023-03-09 19:15:07.087000;1;102912;1;1;21800.0000;1;4000.0000;None;43200.0000
21113;2023-03-09 19:19:28.840000;1;105188;1;2;63600.0000;1;None;None;63600.0000
21113;2023-03-09 19:19:28.840000;7;1213;1;1;0.0000;1;None;None;63600.0000
21114;2023-03-09 19:25:15.253000;1;104690;1;6;28800.0000;1;3833.0000;None;41400.0000
21114;2023-03-09 19:35:31.990000;3;103911;1;1;6800.0000;1;3833.0000;None;41400.0000
21114;2023-03-09 19:35:31.990000;3;100614;1;1;5800.0000;1;3833.0000;None;41400.0000
