9539;2023-03-10 11:51:58.200000;1;102003;1;2;9600.0000;1;2241.0000;None;24200.0000
9539;2023-03-10 11:51:58.200000;3;102619;1;1;7800.0000;1;2241.0000;None;24200.0000
9539;2023-03-10 11:51:58.200000;7;2042;1;1;0.0000;1;2241.0000;None;24200.0000
9539;2023-03-10 11:51:58.200000;7;2072;1;1;0.0000;1;2241.0000;None;24200.0000
9539;2023-03-10 11:51:58.200000;3;102623;1;1;6800.0000;1;2241.0000;None;24200.0000
9539;2023-03-10 11:51:58.200000;7;2042;1;1;0.0000;1;2241.0000;None;24200.0000
9539;2023-03-10 11:51:58.200000;7;2072;1;1;0.0000;1;2241.0000;None;24200.0000
9540;2023-03-10 12:09:11.157000;1;102670;1;1;35800.0000;1;3315.0000;None;35800.0000
9541;2023-03-10 12:10:14.100000;1;103759;1;1;10800.0000;1;1907.0000;None;20600.0000
9541;2023-03-10 12:10:14.100000;3;102637;1;1;9800.0000;1;1907.0000;None;20600.0000
9541;2023-03-10 12:10:14.100000;7;2095;1;1;0.0000;1;1907.0000;None;20600.0000
9541;2023-03-10 12:10:14.100000;7;2072;1;1;0.0000;1;1907.0000;None;20600.0000
9542;2023-03-10 12:18:59.577000;3;102635;1;2;17600.0000;1;9519.0000;None;102800.0000
9542;2023-03-10 12:18:59.577000;7;2042;1;1;0.0000;1;9519.0000;None;102800.0000
9542;2023-03-10 12:18:59.577000;7;2042;1;1;0.0000;1;9519.0000;None;102800.0000
9542;2023-03-10 12:24:36.253000;1;103773;1;2;19600.0000;1;9519.0000;None;102800.0000
9542;2023-03-10 12:24:36.253000;7;1001;1;1;0.0000;1;9519.0000;None;102800.0000
9542;2023-03-10 12:24:36.253000;7;1001;1;1;0.0000;1;9519.0000;None;102800.0000
9542;2023-03-10 12:24:36.253000;1;102035;1;1;35800.0000;1;9519.0000;None;102800.0000
9542;2023-03-10 12:24:36.253000;1;101262;1;1;29800.0000;1;9519.0000;None;102800.0000
9542;2023-03-10 12:24:36.253000;6;101061;1;1;0.0000;1;9519.0000;None;102800.0000
9542;2023-03-10 12:24:36.253000;6;101061;1;1;0.0000;1;9519.0000;None;102800.0000
9543;2023-03-10 12:25:11.757000;1;109458;1;1;26800.0000;1;12463.0000;None;134600.0000
9543;2023-03-10 12:25:11.757000;7;1001;1;1;0.0000;1;12463.0000;None;134600.0000
9543;2023-03-10 12:25:11.757000;7;1001;1;1;0.0000;1;12463.0000;None;134600.0000
9543;2023-03-10 12:25:11.757000;1;100855;1;1;28800.0000;1;12463.0000;None;134600.0000
9543;2023-03-10 12:25:11.757000;1;102671;1;1;38800.0000;1;12463.0000;None;134600.0000
9543;2023-03-10 12:25:11.757000;6;101061;1;1;0.0000;1;12463.0000;None;134600.0000
9543;2023-03-10 12:25:11.757000;3;201146;1;1;6800.0000;1;12463.0000;None;134600.0000
9543;2023-03-10 13:00:27.523000;3;201146;1;1;6800.0000;1;12463.0000;None;134600.0000
9543;2023-03-10 13:13:40.947000;3;100607;1;1;6800.0000;1;12463.0000;None;134600.0000
9543;2023-03-10 13:13:40.947000;1;105421;1;1;19800.0000;1;12463.0000;None;134600.0000
9544;2023-03-10 12:26:21.373000;1;102003;1;2;9600.0000;1;11982.0000;None;129400.0000
9544;2023-03-10 12:26:21.373000;1;104690;1;2;9600.0000;1;11982.0000;None;129400.0000
9544;2023-03-10 12:35:52.563000;3;102639;1;1;9800.0000;1;11982.0000;None;129400.0000
9544;2023-03-10 12:35:52.563000;3;102649;1;1;5800.0000;1;11982.0000;None;129400.0000
9544;2023-03-10 12:35:52.563000;7;2072;1;1;0.0000;1;11982.0000;None;129400.0000
9544;2023-03-10 12:50:07.360000;1;100845;1;1;28800.0000;1;11982.0000;None;129400.0000
9544;2023-03-10 12:50:07.360000;1;104294;1;1;65800.0000;1;11982.0000;None;129400.0000
9544;2023-03-10 12:50:07.360000;7;1006;1;1;0.0000;1;11982.0000;None;129400.0000
9544;2023-03-10 12:50:07.360000;1;108236;1;1;0.0000;1;11982.0000;None;129400.0000
9544;2023-03-10 12:50:07.360000;7;1213;1;1;0.0000;1;11982.0000;None;129400.0000
9544;2023-03-10 12:50:07.360000;6;101061;1;1;0.0000;1;11982.0000;None;129400.0000
9546;2023-03-10 12:30:29.060000;1;105511;1;1;43800.0000;1;6222.0000;None;67200.0000
9546;2023-03-10 12:30:29.060000;6;101487;2;1;0.0000;1;6222.0000;None;67200.0000
9546;2023-03-10 12:30:29.060000;6;101495;2;1;0.0000;1;6222.0000;None;67200.0000
9546;2023-03-10 12:30:29.060000;7;1213;1;1;0.0000;1;6222.0000;None;67200.0000
9546;2023-03-10 12:30:29.060000;1;102249;1;1;5800.0000;1;6222.0000;None;67200.0000
9546;2023-03-10 12:30:29.060000;6;101061;1;1;0.0000;1;6222.0000;None;67200.0000
9546;2023-03-10 12:30:29.060000;3;102635;1;1;8800.0000;1;6222.0000;None;67200.0000
9546;2023-03-10 12:30:29.060000;7;2036;1;1;0.0000;1;6222.0000;None;67200.0000
9546;2023-03-10 12:31:01.640000;1;102228;1;1;8800.0000;1;6222.0000;None;67200.0000
9546;2023-03-10 12:31:01.640000;7;1020;1;1;0.0000;1;6222.0000;None;67200.0000
9546;2023-03-10 12:31:01.640000;7;1020;1;1;0.0000;1;6222.0000;None;67200.0000
9546;2023-03-10 12:31:01.640000;7;1020;1;1;0.0000;1;6222.0000;None;67200.0000
9547;2023-03-10 12:33:45.813000;1;100853;1;1;28800.0000;1;5500.0000;None;59400.0000
9547;2023-03-10 12:33:45.813000;1;100851;1;1;23800.0000;1;5500.0000;None;59400.0000
9547;2023-03-10 12:33:45.813000;6;101061;1;1;0.0000;1;5500.0000;None;59400.0000
9547;2023-03-10 12:33:45.813000;3;201609;1;1;6800.0000;1;5500.0000;None;59400.0000
9547;2023-03-10 12:33:45.813000;7;2042;1;1;0.0000;1;5500.0000;None;59400.0000
9547;2023-03-10 12:33:45.813000;7;2042;1;1;0.0000;1;5500.0000;None;59400.0000
9547;2023-03-10 12:33:45.813000;7;1207;1;1;0.0000;1;5500.0000;None;59400.0000
9548;2023-03-10 12:44:30.023000;2;108132;1;3;47400.0000;1;31704.0000;None;342400.0000
9548;2023-03-10 13:18:51.500000;2;108132;1;1;15800.0000;1;31704.0000;None;342400.0000
9548;2023-03-10 13:19:47.713000;1;105647;1;1;69800.0000;1;31704.0000;None;342400.0000
9548;2023-03-10 13:19:47.713000;1;108236;1;1;0.0000;1;31704.0000;None;342400.0000
9548;2023-03-10 13:19:47.713000;1;105647;1;1;69800.0000;1;31704.0000;None;342400.0000
9548;2023-03-10 13:19:47.713000;1;101552;1;1;0.0000;1;31704.0000;None;342400.0000
9548;2023-03-10 13:19:47.713000;1;105647;1;1;69800.0000;1;31704.0000;None;342400.0000
9548;2023-03-10 13:19:47.713000;1;108236;1;1;0.0000;1;31704.0000;None;342400.0000
9548;2023-03-10 13:19:47.713000;1;105647;1;1;69800.0000;1;31704.0000;None;342400.0000
9548;2023-03-10 13:19:47.713000;1;101520;1;1;0.0000;1;31704.0000;None;342400.0000
9548;2023-03-10 13:19:47.713000;6;101061;1;1;0.0000;1;31704.0000;None;342400.0000
9548;2023-03-10 13:19:47.713000;6;101061;1;1;0.0000;1;31704.0000;None;342400.0000
9549;2023-03-10 12:46:12.783000;1;103773;1;1;9800.0000;1;1722.0000;None;18600.0000
9549;2023-03-10 12:46:12.783000;7;1001;1;1;0.0000;1;1722.0000;None;18600.0000
9549;2023-03-10 12:46:12.783000;7;1001;1;1;0.0000;1;1722.0000;None;18600.0000
9549;2023-03-10 12:46:12.783000;3;102635;1;1;8800.0000;1;1722.0000;None;18600.0000
9549;2023-03-10 12:46:12.783000;7;2036;1;1;0.0000;1;1722.0000;None;18600.0000
9550;2023-03-10 12:53:30.010000;3;102635;1;1;8800.0000;1;6778.0000;None;73200.0000
9550;2023-03-10 12:53:30.010000;3;200644;1;1;6800.0000;1;6778.0000;None;73200.0000
9550;2023-03-10 12:53:30.010000;1;101270;2;1;0.0000;1;6778.0000;None;73200.0000
9550;2023-03-10 12:53:30.010000;1;100855;1;2;57600.0000;1;6778.0000;None;73200.0000
9550;2023-03-10 12:53:30.010000;6;101061;1;1;0.0000;1;6778.0000;None;73200.0000
9551;2023-03-10 12:58:24.860000;3;102635;1;3;26400.0000;1;16056.0000;None;173400.0000
9551;2023-03-10 13:04:57.050000;1;102725;1;1;36800.0000;1;16056.0000;None;173400.0000
9551;2023-03-10 13:04:57.050000;1;103515;1;1;44800.0000;1;16056.0000;None;173400.0000
9551;2023-03-10 13:04:57.050000;1;103515;1;1;44800.0000;1;16056.0000;None;173400.0000
9551;2023-03-10 13:04:57.050000;6;101061;1;1;0.0000;1;16056.0000;None;173400.0000
9551;2023-03-10 13:39:17.810000;1;104698;1;1;1600.0000;1;16056.0000;None;173400.0000
9551;2023-03-10 13:39:17.810000;1;104698;1;1;1600.0000;1;16056.0000;None;173400.0000
9551;2023-03-10 13:56:01.263000;3;100614;1;2;11600.0000;1;16056.0000;None;173400.0000
9551;2023-03-10 13:56:01.263000;3;100999;1;1;5800.0000;1;16056.0000;None;173400.0000
9552;2023-03-10 13:03:12.947000;1;101244;1;1;29800.0000;1;9074.0000;None;98000.0000
9552;2023-03-10 13:03:12.947000;1;108424;1;1;41800.0000;1;9074.0000;None;98000.0000
9552;2023-03-10 13:03:12.947000;6;104683;1;1;0.0000;1;9074.0000;None;98000.0000
9552;2023-03-10 13:03:12.947000;7;1205;1;1;0.0000;1;9074.0000;None;98000.0000
9552;2023-03-10 13:03:12.947000;1;101522;2;1;0.0000;1;9074.0000;None;98000.0000
9552;2023-03-10 13:03:12.947000;3;201237;1;1;6800.0000;1;9074.0000;None;98000.0000
9552;2023-03-10 13:03:12.947000;1;101270;1;1;0.0000;1;9074.0000;None;98000.0000
9552;2023-03-10 13:03:12.947000;3;102639;1;1;9800.0000;1;9074.0000;None;98000.0000
9552;2023-03-10 13:03:12.947000;6;101061;1;1;0.0000;1;9074.0000;None;98000.0000
9552;2023-03-10 13:03:12.947000;6;101061;1;1;0.0000;1;9074.0000;None;98000.0000
9552;2023-03-10 13:24:44.613000;3;102639;1;1;9800.0000;1;9074.0000;None;98000.0000
9553;2023-03-10 13:09:00.093000;1;100968;1;1;29800.0000;1;10278.0000;None;111000.0000
9553;2023-03-10 13:09:00.093000;7;1001;1;1;0.0000;1;10278.0000;None;111000.0000
9553;2023-03-10 13:09:00.093000;7;1001;1;1;0.0000;1;10278.0000;None;111000.0000
9553;2023-03-10 13:09:00.093000;1;101244;1;1;29800.0000;1;10278.0000;None;111000.0000
9553;2023-03-10 13:09:00.093000;1;103955;1;1;41800.0000;1;10278.0000;None;111000.0000
9553;2023-03-10 13:09:00.093000;1;101433;1;1;0.0000;1;10278.0000;None;111000.0000
9553;2023-03-10 13:09:00.093000;6;101061;1;1;0.0000;1;10278.0000;None;111000.0000
9553;2023-03-10 13:09:00.093000;3;102747;1;1;4800.0000;1;10278.0000;None;111000.0000
9553;2023-03-10 13:09:00.093000;7;2045;1;1;0.0000;1;10278.0000;None;111000.0000
9553;2023-03-10 13:53:46.830000;3;102747;1;1;4800.0000;1;10278.0000;None;111000.0000
9554;2023-03-10 13:15:58.637000;1;102725;1;1;36800.0000;1;8074.0000;None;87200.0000
9554;2023-03-10 13:15:58.637000;1;103340;1;1;30800.0000;1;8074.0000;None;87200.0000
9554;2023-03-10 13:15:58.637000;1;101522;1;1;0.0000;1;8074.0000;None;87200.0000
9554;2023-03-10 13:15:58.637000;7;1213;1;1;0.0000;1;8074.0000;None;87200.0000
9554;2023-03-10 13:15:58.637000;6;101583;1;1;0.0000;1;8074.0000;None;87200.0000
9554;2023-03-10 13:15:58.637000;6;101061;1;1;0.0000;1;8074.0000;None;87200.0000
9554;2023-03-10 13:15:58.637000;3;102637;1;1;9800.0000;1;8074.0000;None;87200.0000
9554;2023-03-10 13:15:58.637000;7;2072;1;1;0.0000;1;8074.0000;None;87200.0000
9554;2023-03-10 13:15:58.637000;7;2042;1;1;0.0000;1;8074.0000;None;87200.0000
9554;2023-03-10 13:15:58.637000;3;102637;1;1;9800.0000;1;8074.0000;None;87200.0000
9554;2023-03-10 13:15:58.637000;7;2072;1;1;0.0000;1;8074.0000;None;87200.0000
9555;2023-03-10 13:20:28.167000;3;100999;1;1;5800.0000;1;8074.0000;None;87200.0000
9555;2023-03-10 13:20:28.167000;1;105647;1;1;69800.0000;1;8074.0000;None;87200.0000
9555;2023-03-10 13:20:28.167000;1;101522;1;1;0.0000;1;8074.0000;None;87200.0000
9555;2023-03-10 13:20:28.167000;1;102172;1;1;4800.0000;1;8074.0000;None;87200.0000
9555;2023-03-10 13:20:28.167000;7;1213;1;1;0.0000;1;8074.0000;None;87200.0000
9555;2023-03-10 13:20:28.167000;1;102132;1;1;6800.0000;1;8074.0000;None;87200.0000
9555;2023-03-10 13:20:28.167000;6;101061;1;1;0.0000;1;8074.0000;None;87200.0000
9556;2023-03-10 13:23:10.767000;1;100851;1;2;47600.0000;1;8593.0000;None;92800.0000
9556;2023-03-10 13:23:10.767000;6;101061;1;1;0.0000;1;8593.0000;None;92800.0000
9556;2023-03-10 13:23:10.767000;6;101061;1;1;0.0000;1;8593.0000;None;92800.0000
9556;2023-03-10 13:23:10.767000;3;102748;1;2;31600.0000;1;8593.0000;None;92800.0000
9556;2023-03-10 13:36:04.833000;3;201609;1;1;6800.0000;1;8593.0000;None;92800.0000
9556;2023-03-10 13:50:31.267000;3;201146;1;1;6800.0000;1;8593.0000;None;92800.0000
9557;2023-03-10 13:24:34.393000;1;103955;1;1;41800.0000;1;14870.0000;None;160600.0000
9557;2023-03-10 13:24:34.393000;1;108236;1;1;0.0000;1;14870.0000;None;160600.0000
9557;2023-03-10 13:24:34.393000;1;102982;1;1;59800.0000;1;14870.0000;None;160600.0000
9557;2023-03-10 13:24:34.393000;7;1006;1;1;0.0000;1;14870.0000;None;160600.0000
9557;2023-03-10 13:24:34.393000;7;1213;1;1;0.0000;1;14870.0000;None;160600.0000
9557;2023-03-10 13:24:34.393000;1;101520;1;1;0.0000;1;14870.0000;None;160600.0000
9557;2023-03-10 13:24:34.427000;6;101061;1;1;0.0000;1;14870.0000;None;160600.0000
9557;2023-03-10 13:24:34.427000;2;201187;1;1;10800.0000;1;14870.0000;None;160600.0000
9557;2023-03-10 13:24:34.427000;3;102635;1;1;8800.0000;1;14870.0000;None;160600.0000
9557;2023-03-10 13:44:24.707000;2;201187;1;1;10800.0000;1;14870.0000;None;160600.0000
9557;2023-03-10 14:15:22.650000;1;101114;1;1;12800.0000;1;14870.0000;None;160600.0000
9557;2023-03-10 14:15:22.650000;1;103372;1;1;15800.0000;1;14870.0000;None;160600.0000
9558;2023-03-10 13:34:22.287000;1;102951;1;1;39800.0000;1;5056.0000;None;54600.0000
9558;2023-03-10 13:34:22.287000;6;101061;1;1;0.0000;1;5056.0000;None;54600.0000
9558;2023-03-10 13:34:22.287000;2;201615;1;1;14800.0000;1;5056.0000;None;54600.0000
9559;2023-03-10 13:35:31.477000;1;104293;1;1;44800.0000;1;11778.0000;None;127200.0000
9559;2023-03-10 13:35:31.477000;7;1205;1;1;0.0000;1;11778.0000;None;127200.0000
9559;2023-03-10 13:35:31.477000;6;104684;1;1;0.0000;1;11778.0000;None;127200.0000
9559;2023-03-10 13:35:31.477000;1;105647;1;1;69800.0000;1;11778.0000;None;127200.0000
9559;2023-03-10 13:35:31.477000;1;101433;1;1;0.0000;1;11778.0000;None;127200.0000
9559;2023-03-10 13:35:31.477000;6;101061;1;1;0.0000;1;11778.0000;None;127200.0000
9559;2023-03-10 13:35:31.477000;3;104446;1;1;5800.0000;1;11778.0000;None;127200.0000
9559;2023-03-10 13:35:31.477000;3;201609;1;1;6800.0000;1;11778.0000;None;127200.0000
9560;2023-03-10 13:43:53.783000;1;104293;1;1;44800.0000;1;9463.0000;None;102200.0000
9560;2023-03-10 13:43:53.783000;1;101522;1;1;0.0000;1;9463.0000;None;102200.0000
9560;2023-03-10 13:43:53.783000;7;1002;1;1;0.0000;1;9463.0000;None;102200.0000
9560;2023-03-10 13:43:53.783000;1;103340;1;1;30800.0000;1;9463.0000;None;102200.0000
9560;2023-03-10 13:43:53.783000;1;101522;1;1;0.0000;1;9463.0000;None;102200.0000
9560;2023-03-10 13:43:53.783000;6;101061;1;1;0.0000;1;9463.0000;None;102200.0000
9560;2023-03-10 13:43:53.783000;3;102748;1;1;15800.0000;1;9463.0000;None;102200.0000
9560;2023-03-10 13:43:53.783000;2;201187;1;1;10800.0000;1;9463.0000;None;102200.0000
9561;2023-03-10 13:46:34.657000;1;104690;1;3;14400.0000;1;5426.0000;None;58600.0000
9561;2023-03-10 13:46:34.657000;1;100842;1;1;25800.0000;1;5426.0000;None;58600.0000
9561;2023-03-10 13:46:34.657000;6;101061;1;1;0.0000;1;5426.0000;None;58600.0000
9561;2023-03-10 13:46:34.657000;3;201207;1;2;13600.0000;1;5426.0000;None;58600.0000
9561;2023-03-10 14:28:22.677000;1;104690;1;1;4800.0000;1;5426.0000;None;58600.0000
9561;2023-03-10 14:28:22.677000;7;1213;1;1;0.0000;1;5426.0000;None;58600.0000
9562;2023-03-10 13:56:32.497000;1;100853;1;2;57600.0000;1;9722.0000;None;105000.0000
9562;2023-03-10 13:56:32.497000;1;100862;1;1;27800.0000;1;9722.0000;None;105000.0000
9562;2023-03-10 13:56:32.497000;6;101061;1;1;0.0000;1;9722.0000;None;105000.0000
9562;2023-03-10 13:56:32.497000;3;202133;1;1;9800.0000;1;9722.0000;None;105000.0000
9562;2023-03-10 13:56:32.497000;3;201609;1;1;6800.0000;1;9722.0000;None;105000.0000
9562;2023-03-10 14:12:48.817000;1;102286;1;1;1500.0000;1;9722.0000;None;105000.0000
9562;2023-03-10 14:12:48.817000;1;102286;1;1;1500.0000;1;9722.0000;None;105000.0000
9563;2023-03-10 14:01:02.283000;1;103771;1;2;25600.0000;1;17815.0000;None;192400.0000
9563;2023-03-10 14:01:02.283000;1;102132;1;1;6800.0000;1;17815.0000;None;192400.0000
9563;2023-03-10 14:01:02.283000;7;1001;1;1;0.0000;1;17815.0000;None;192400.0000
9563;2023-03-10 14:01:02.283000;7;1001;1;1;0.0000;1;17815.0000;None;192400.0000
9563;2023-03-10 14:01:02.283000;1;105647;1;1;69800.0000;1;17815.0000;None;192400.0000
9563;2023-03-10 14:01:02.283000;1;101520;1;1;0.0000;1;17815.0000;None;192400.0000
9563;2023-03-10 14:01:02.283000;7;1213;1;1;0.0000;1;17815.0000;None;192400.0000
9563;2023-03-10 14:01:02.283000;1;105647;1;1;69800.0000;1;17815.0000;None;192400.0000
9563;2023-03-10 14:01:02.283000;1;101433;1;1;0.0000;1;17815.0000;None;192400.0000
9563;2023-03-10 14:01:02.283000;7;1213;1;1;0.0000;1;17815.0000;None;192400.0000
9563;2023-03-10 14:01:02.283000;7;1213;1;1;0.0000;1;17815.0000;None;192400.0000
9563;2023-03-10 14:01:02.283000;1;102132;1;1;6800.0000;1;17815.0000;None;192400.0000
9563;2023-03-10 14:01:02.283000;6;101061;1;1;0.0000;1;17815.0000;None;192400.0000
9563;2023-03-10 14:01:02.283000;3;201146;1;1;6800.0000;1;17815.0000;None;192400.0000
9563;2023-03-10 14:01:02.283000;7;2042;1;1;0.0000;1;17815.0000;None;192400.0000
9563;2023-03-10 14:01:02.283000;1;101270;2;1;0.0000;1;17815.0000;None;192400.0000
9563;2023-03-10 14:01:02.283000;3;201237;1;1;6800.0000;1;17815.0000;None;192400.0000
9563;2023-03-10 14:04:36.127000;1;101270;2;1;0.0000;1;17815.0000;None;192400.0000
9564;2023-03-10 14:09:19.280000;1;103955;1;1;41800.0000;1;5333.0000;None;57600.0000
9564;2023-03-10 14:09:19.280000;1;108236;1;1;0.0000;1;5333.0000;None;57600.0000
9564;2023-03-10 14:09:19.280000;6;101061;1;1;0.0000;1;5333.0000;None;57600.0000
9564;2023-03-10 14:09:19.280000;3;102748;1;1;15800.0000;1;5333.0000;None;57600.0000
9565;2023-03-10 14:18:59.653000;1;100846;1;1;30800.0000;1;7519.0000;None;81200.0000
9565;2023-03-10 14:18:59.653000;6;101061;1;1;0.0000;1;7519.0000;None;81200.0000
9565;2023-03-10 14:18:59.653000;3;200644;1;1;6800.0000;1;7519.0000;None;81200.0000
9565;2023-03-10 14:18:59.653000;1;101270;1;1;0.0000;1;7519.0000;None;81200.0000
9565;2023-03-10 14:19:55.037000;1;102680;1;1;36800.0000;1;7519.0000;None;81200.0000
9565;2023-03-10 14:19:55.037000;6;101061;1;1;0.0000;1;7519.0000;None;81200.0000
9565;2023-03-10 14:19:55.037000;3;201269;1;1;6800.0000;1;7519.0000;None;81200.0000
9565;2023-03-10 14:19:55.037000;1;101270;1;1;0.0000;1;7519.0000;None;81200.0000
9566;2023-03-10 14:27:56.233000;3;201146;1;1;6800.0000;1;7870.0000;None;85000.0000
9566;2023-03-10 14:27:56.233000;3;200644;1;1;6800.0000;1;7870.0000;None;85000.0000
9566;2023-03-10 14:27:56.233000;1;101270;2;1;0.0000;1;7870.0000;None;85000.0000
9566;2023-03-10 14:27:56.233000;1;101270;2;1;0.0000;1;7870.0000;None;85000.0000
9566;2023-03-10 14:27:56.233000;1;100855;1;1;28800.0000;1;7870.0000;None;85000.0000
9566;2023-03-10 14:27:56.233000;1;102981;1;1;36800.0000;1;7870.0000;None;85000.0000
9566;2023-03-10 14:27:56.233000;1;101433;1;1;0.0000;1;7870.0000;None;85000.0000
9566;2023-03-10 14:27:56.233000;7;1006;1;1;0.0000;1;7870.0000;None;85000.0000
9566;2023-03-10 14:27:56.233000;6;101061;1;1;0.0000;1;7870.0000;None;85000.0000
9566;2023-03-10 15:23:38.680000;3;100613;1;1;5800.0000;1;7870.0000;None;85000.0000
9567;2023-03-10 14:29:07.693000;1;101244;1;1;29800.0000;1;19704.0000;None;212800.0000
9567;2023-03-10 14:29:07.693000;7;1213;1;1;0.0000;1;19704.0000;None;212800.0000
9567;2023-03-10 14:29:07.693000;1;102163;1;1;4800.0000;1;19704.0000;None;212800.0000
9567;2023-03-10 14:29:07.693000;7;1001;1;1;0.0000;1;19704.0000;None;212800.0000
9567;2023-03-10 14:29:07.693000;7;1001;1;1;0.0000;1;19704.0000;None;212800.0000
9567;2023-03-10 14:29:07.693000;3;102635;1;1;8800.0000;1;19704.0000;None;212800.0000
9567;2023-03-10 14:45:35.767000;1;108424;1;1;41800.0000;1;19704.0000;None;212800.0000
9567;2023-03-10 14:45:35.767000;6;101561;1;1;0.0000;1;19704.0000;None;212800.0000
9567;2023-03-10 14:45:35.767000;7;1205;1;1;0.0000;1;19704.0000;None;212800.0000
9567;2023-03-10 14:45:35.767000;1;101522;2;1;0.0000;1;19704.0000;None;212800.0000
9567;2023-03-10 14:45:35.767000;1;104294;1;1;65800.0000;1;19704.0000;None;212800.0000
9567;2023-03-10 14:45:35.767000;1;101522;1;1;0.0000;1;19704.0000;None;212800.0000
9567;2023-03-10 14:45:35.767000;7;1002;1;1;0.0000;1;19704.0000;None;212800.0000
9567;2023-03-10 14:45:35.767000;7;1003;2;1;0.0000;1;19704.0000;None;212800.0000
9567;2023-03-10 14:45:35.767000;6;101061;1;1;0.0000;1;19704.0000;None;212800.0000
9567;2023-03-10 14:45:35.767000;3;102635;1;1;8800.0000;1;19704.0000;None;212800.0000
9567;2023-03-10 14:45:35.767000;7;2042;1;1;0.0000;1;19704.0000;None;212800.0000
9567;2023-03-10 15:03:57.007000;3;102635;1;1;8800.0000;1;19704.0000;None;212800.0000
9567;2023-03-10 15:18:11.920000;3;100614;1;1;5800.0000;1;19704.0000;None;212800.0000
9567;2023-03-10 15:18:11.920000;3;100614;1;1;5800.0000;1;19704.0000;None;212800.0000
9567;2023-03-10 15:18:11.920000;7;2070;1;1;0.0000;1;19704.0000;None;212800.0000
9567;2023-03-10 15:18:11.920000;1;101114;1;1;12800.0000;1;19704.0000;None;212800.0000
9567;2023-03-10 15:18:11.920000;1;105421;1;1;19800.0000;1;19704.0000;None;212800.0000
9568;2023-03-10 14:50:46.147000;1;103207;1;1;35800.0000;1;8759.0000;None;94600.0000
9568;2023-03-10 14:50:46.147000;1;102172;1;1;4800.0000;1;8759.0000;None;94600.0000
9568;2023-03-10 14:50:46.147000;1;100846;1;1;30800.0000;1;8759.0000;None;94600.0000
9568;2023-03-10 14:50:46.147000;6;101061;1;1;0.0000;1;8759.0000;None;94600.0000
9568;2023-03-10 14:50:46.147000;3;201146;1;1;6800.0000;1;8759.0000;None;94600.0000
9568;2023-03-10 14:50:46.147000;3;102747;1;1;4800.0000;1;8759.0000;None;94600.0000
9568;2023-03-10 14:50:46.147000;7;2006;1;1;0.0000;1;8759.0000;None;94600.0000
9568;2023-03-10 15:19:57.547000;3;102747;1;1;4800.0000;1;8759.0000;None;94600.0000
9568;2023-03-10 15:19:57.547000;7;2006;1;1;0.0000;1;8759.0000;None;94600.0000
9568;2023-03-10 15:39:35.687000;3;100606;1;1;6800.0000;1;8759.0000;None;94600.0000
9569;2023-03-10 14:57:33.743000;1;102981;1;1;36800.0000;1;7611.0000;None;82200.0000
9569;2023-03-10 14:57:33.743000;6;104684;1;1;0.0000;1;7611.0000;None;82200.0000
9569;2023-03-10 14:57:33.743000;7;1138;1;1;0.0000;1;7611.0000;None;82200.0000
9569;2023-03-10 14:57:33.743000;1;102902;1;1;31800.0000;1;7611.0000;None;82200.0000
9569;2023-03-10 14:57:33.743000;7;1205;1;1;0.0000;1;7611.0000;None;82200.0000
9569;2023-03-10 14:57:33.743000;1;101522;2;1;0.0000;1;7611.0000;None;82200.0000
9569;2023-03-10 14:57:33.743000;6;101061;1;1;0.0000;1;7611.0000;None;82200.0000
9569;2023-03-10 14:57:33.743000;3;201207;1;2;13600.0000;1;7611.0000;None;82200.0000
9569;2023-03-10 14:57:33.743000;7;2042;1;1;0.0000;1;7611.0000;None;82200.0000
9569;2023-03-10 14:57:33.743000;7;2042;1;1;0.0000;1;7611.0000;None;82200.0000
9570;2023-03-10 14:58:25.650000;1;100845;1;1;28800.0000;1;4370.0000;None;47200.0000
9570;2023-03-10 14:58:25.650000;3;102624;1;1;7800.0000;1;4370.0000;None;47200.0000
9570;2023-03-10 14:58:25.650000;3;102747;1;1;4800.0000;1;4370.0000;None;47200.0000
9570;2023-03-10 14:58:25.650000;7;2072;1;1;0.0000;1;4370.0000;None;47200.0000
9570;2023-03-10 15:25:33.223000;3;100614;1;1;5800.0000;1;4370.0000;None;47200.0000
9572;2023-03-10 15:11:33.570000;1;100853;1;1;28800.0000;1;5204.0000;None;56200.0000
9572;2023-03-10 15:11:33.570000;1;100858;1;1;13800.0000;1;5204.0000;None;56200.0000
9572;2023-03-10 15:11:33.570000;6;101061;1;1;0.0000;1;5204.0000;None;56200.0000
9572;2023-03-10 15:11:33.570000;3;102747;1;1;4800.0000;1;5204.0000;None;56200.0000
9572;2023-03-10 15:11:33.570000;7;2072;1;1;0.0000;1;5204.0000;None;56200.0000
9572;2023-03-10 15:11:33.570000;7;1207;1;1;0.0000;1;5204.0000;None;56200.0000
9572;2023-03-10 15:11:33.570000;1;102228;1;1;8800.0000;1;5204.0000;None;56200.0000
9573;2023-03-10 15:22:51.813000;1;100853;1;1;28800.0000;1;3926.0000;None;42400.0000
9573;2023-03-10 15:22:51.813000;6;101061;1;1;0.0000;1;3926.0000;None;42400.0000
9573;2023-03-10 15:22:51.813000;3;201207;1;1;6800.0000;1;3926.0000;None;42400.0000
9573;2023-03-10 15:41:00.027000;3;201207;1;1;6800.0000;1;3926.0000;None;42400.0000
9574;2023-03-10 15:24:38.770000;1;103171;1;1;28800.0000;1;9019.0000;None;97400.0000
9574;2023-03-10 15:24:38.770000;7;1213;1;1;0.0000;1;9019.0000;None;97400.0000
9574;2023-03-10 15:24:38.770000;1;101552;1;1;0.0000;1;9019.0000;None;97400.0000
9574;2023-03-10 15:24:38.770000;1;102981;1;1;36800.0000;1;9019.0000;None;97400.0000
9574;2023-03-10 15:24:38.770000;7;1002;1;1;0.0000;1;9019.0000;None;97400.0000
9574;2023-03-10 15:24:38.770000;1;101520;1;1;0.0000;1;9019.0000;None;97400.0000
9574;2023-03-10 15:24:38.770000;6;101061;1;1;0.0000;1;9019.0000;None;97400.0000
9574;2023-03-10 15:26:07.843000;2;101728;1;1;31800.0000;1;9019.0000;None;97400.0000
9574;2023-03-10 15:26:07.843000;7;2011;1;1;0.0000;1;9019.0000;None;97400.0000
9574;2023-03-10 15:26:07.843000;7;2011;1;1;0.0000;1;9019.0000;None;97400.0000
9575;2023-03-10 16:09:53.923000;3;201146;1;1;6800.0000;1;1259.0000;None;13600.0000
9575;2023-03-10 16:09:53.923000;3;100607;1;1;6800.0000;1;1259.0000;None;13600.0000
9575;2023-03-10 16:09:53.923000;7;1207;1;1;0.0000;1;1259.0000;None;13600.0000
9576;2023-03-10 16:10:40.557000;1;102903;1;1;36800.0000;1;7519.0000;None;81200.0000
9576;2023-03-10 16:10:40.557000;6;104683;1;1;0.0000;1;7519.0000;None;81200.0000
9576;2023-03-10 16:10:40.557000;7;1002;1;1;0.0000;1;7519.0000;None;81200.0000
9576;2023-03-10 16:10:40.557000;7;1003;2;1;0.0000;1;7519.0000;None;81200.0000
9576;2023-03-10 16:10:40.557000;1;101522;2;1;0.0000;1;7519.0000;None;81200.0000
9576;2023-03-10 16:10:40.557000;1;103171;1;1;28800.0000;1;7519.0000;None;81200.0000
9576;2023-03-10 16:10:40.557000;1;105065;1;1;0.0000;1;7519.0000;None;81200.0000
9576;2023-03-10 16:10:40.557000;7;1054;1;1;0.0000;1;7519.0000;None;81200.0000
9576;2023-03-10 16:10:40.557000;3;201146;1;1;6800.0000;1;7519.0000;None;81200.0000
9576;2023-03-10 16:10:40.557000;3;102635;1;1;8800.0000;1;7519.0000;None;81200.0000
9576;2023-03-10 16:10:40.557000;6;101061;1;1;0.0000;1;7519.0000;None;81200.0000
18561;2023-03-10 08:37:02.553000;7;1000;1;1;0.0000;1;3444.0000;None;37200.0000
18561;2023-03-10 09:34:33.443000;1;102568;1;1;14800.0000;1;3444.0000;None;37200.0000
18561;2023-03-10 09:34:33.443000;1;100995;1;1;10800.0000;1;3444.0000;None;37200.0000
18561;2023-03-10 09:34:33.443000;3;100614;1;1;5800.0000;1;3444.0000;None;37200.0000
18561;2023-03-10 09:53:53.667000;3;100614;1;1;5800.0000;1;3444.0000;None;37200.0000
18562;2023-03-10 12:18:14.207000;6;101061;1;1;0.0000;1;40630.0000;None;438800.0000
18562;2023-03-10 12:18:14.207000;6;101061;1;1;0.0000;1;40630.0000;None;438800.0000
18562;2023-03-10 12:42:52.163000;1;103750;1;3;41400.0000;1;40630.0000;None;438800.0000
18562;2023-03-10 12:42:52.163000;1;103772;1;1;17800.0000;1;40630.0000;None;438800.0000
18562;2023-03-10 12:42:52.163000;7;1001;1;1;0.0000;1;40630.0000;None;438800.0000
18562;2023-03-10 12:42:52.163000;7;1001;1;1;0.0000;1;40630.0000;None;438800.0000
18562;2023-03-10 12:42:52.163000;1;101073;1;1;69800.0000;1;40630.0000;None;438800.0000
18562;2023-03-10 12:42:52.163000;1;101520;1;1;0.0000;1;40630.0000;None;438800.0000
18562;2023-03-10 12:42:52.163000;7;1002;1;1;0.0000;1;40630.0000;None;438800.0000
18562;2023-03-10 12:42:52.163000;7;1003;2;1;0.0000;1;40630.0000;None;438800.0000
18562;2023-03-10 12:42:52.163000;7;1213;1;1;0.0000;1;40630.0000;None;438800.0000
18562;2023-03-10 12:42:52.163000;1;102982;1;1;59800.0000;1;40630.0000;None;438800.0000
18562;2023-03-10 12:42:52.163000;1;101522;1;1;0.0000;1;40630.0000;None;438800.0000
18562;2023-03-10 12:42:52.163000;7;1205;1;1;0.0000;1;40630.0000;None;438800.0000
18562;2023-03-10 12:42:52.163000;1;102982;1;1;59800.0000;1;40630.0000;None;438800.0000
18562;2023-03-10 12:42:52.163000;1;101552;1;1;0.0000;1;40630.0000;None;438800.0000
18562;2023-03-10 12:42:52.163000;7;1205;1;1;0.0000;1;40630.0000;None;438800.0000
18562;2023-03-10 12:42:52.163000;1;105647;1;1;69800.0000;1;40630.0000;None;438800.0000
18562;2023-03-10 12:42:52.163000;1;101433;1;1;0.0000;1;40630.0000;None;438800.0000
18562;2023-03-10 12:42:52.163000;1;102982;1;1;59800.0000;1;40630.0000;None;438800.0000
18562;2023-03-10 12:42:52.163000;1;101433;1;1;0.0000;1;40630.0000;None;438800.0000
18562;2023-03-10 12:42:52.163000;7;1007;1;1;0.0000;1;40630.0000;None;438800.0000
18562;2023-03-10 12:42:52.163000;3;201146;1;1;6800.0000;1;40630.0000;None;438800.0000
18562;2023-03-10 12:42:52.163000;7;2050;1;1;0.0000;1;40630.0000;None;438800.0000
18562;2023-03-10 12:42:52.163000;1;101270;1;1;0.0000;1;40630.0000;None;438800.0000
18562;2023-03-10 12:42:52.163000;3;200644;1;1;6800.0000;1;40630.0000;None;438800.0000
18562;2023-03-10 12:42:52.163000;1;101270;1;1;0.0000;1;40630.0000;None;438800.0000
18562;2023-03-10 12:42:52.163000;3;200644;1;1;6800.0000;1;40630.0000;None;438800.0000
18562;2023-03-10 12:42:52.163000;1;101270;1;1;0.0000;1;40630.0000;None;438800.0000
18562;2023-03-10 12:42:52.163000;3;102623;1;1;6800.0000;1;40630.0000;None;438800.0000
18562;2023-03-10 12:42:52.163000;3;201237;1;1;6800.0000;1;40630.0000;None;438800.0000
18562;2023-03-10 12:42:52.163000;7;2050;1;1;0.0000;1;40630.0000;None;438800.0000
18562;2023-03-10 12:42:52.163000;1;101270;1;1;0.0000;1;40630.0000;None;438800.0000
18562;2023-03-10 12:42:52.163000;6;101061;1;1;0.0000;1;40630.0000;None;438800.0000
18562;2023-03-10 12:42:52.163000;6;101061;1;1;0.0000;1;40630.0000;None;438800.0000
18562;2023-03-10 13:10:22.680000;1;102132;1;1;6800.0000;1;40630.0000;None;438800.0000
18562;2023-03-10 13:26:56.150000;1;105421;1;1;19800.0000;1;40630.0000;None;438800.0000
18563;2023-03-10 16:31:01.083000;1;102239;1;1;5800.0000;1;None;None;12600.0000
18563;2023-03-10 16:31:01.083000;3;201207;1;1;6800.0000;1;None;None;12600.0000
18564;2023-03-10 17:20:33.303000;1;104690;1;4;19200.0000;1;10028.0000;None;108300.0000
18564;2023-03-10 17:20:33.303000;3;100614;1;1;5800.0000;1;10028.0000;None;108300.0000
18564;2023-03-10 17:26:19.040000;1;100853;1;1;28800.0000;1;10028.0000;None;108300.0000
18564;2023-03-10 17:26:19.040000;7;1213;1;1;0.0000;1;10028.0000;None;108300.0000
18564;2023-03-10 17:26:19.040000;1;100847;1;1;26800.0000;1;10028.0000;None;108300.0000
18564;2023-03-10 17:26:19.040000;1;102238;1;1;2500.0000;1;10028.0000;None;108300.0000
18564;2023-03-10 17:26:19.040000;7;1213;1;1;0.0000;1;10028.0000;None;108300.0000
18564;2023-03-10 17:26:19.040000;6;101061;1;1;0.0000;1;10028.0000;None;108300.0000
18564;2023-03-10 17:38:21.837000;3;102632;1;1;8800.0000;1;10028.0000;None;108300.0000
18564;2023-03-10 17:38:46.927000;3;201269;1;1;6800.0000;1;10028.0000;None;108300.0000
18564;2023-03-10 17:39:34.230000;1;104690;1;1;4800.0000;1;10028.0000;None;108300.0000
18564;2023-03-10 17:39:34.230000;1;104690;1;1;4800.0000;1;10028.0000;None;108300.0000
18565;2023-03-10 18:10:20.843000;1;104690;1;8;38400.0000;1;None;None;38400.0000
18565;2023-03-10 18:10:20.843000;7;1157;1;1;0.0000;1;None;None;38400.0000
18565;2023-03-10 18:10:20.843000;7;1157;1;1;0.0000;1;None;None;38400.0000
18566;2023-03-10 18:31:30.387000;1;101114;1;1;12800.0000;1;None;None;12800.0000
18567;2023-03-10 18:39:28.137000;1;102675;1;1;28800.0000;1;None;None;30300.0000
18567;2023-03-10 18:39:28.137000;1;102286;1;1;1500.0000;1;None;None;30300.0000
21115;2023-03-10 09:09:45.307000;1;102561;1;2;19600.0000;1;6963.0000;None;75200.0000
21115;2023-03-10 09:09:45.307000;7;1213;1;1;0.0000;1;6963.0000;None;75200.0000
21115;2023-03-10 09:09:45.307000;1;109562;1;2;15600.0000;1;6963.0000;None;75200.0000
21115;2023-03-10 09:09:45.307000;3;101332;1;2;21600.0000;1;6963.0000;None;75200.0000
21115;2023-03-10 09:09:45.307000;7;2011;1;1;0.0000;1;6963.0000;None;75200.0000
21115;2023-03-10 09:09:45.307000;7;2011;1;1;0.0000;1;6963.0000;None;75200.0000
21115;2023-03-10 09:09:45.307000;7;1207;1;1;0.0000;1;6963.0000;None;75200.0000
21115;2023-03-10 09:09:45.307000;3;102635;1;1;8800.0000;1;6963.0000;None;75200.0000
21115;2023-03-10 09:09:45.307000;7;2042;1;1;0.0000;1;6963.0000;None;75200.0000
21115;2023-03-10 09:39:43.060000;3;104554;1;2;9600.0000;1;6963.0000;None;75200.0000
21116;2023-03-10 09:22:35.763000;1;101181;1;1;27800.0000;1;4111.0000;None;44400.0000
21116;2023-03-10 09:22:35.763000;1;100995;1;1;10800.0000;1;4111.0000;None;44400.0000
21116;2023-03-10 09:22:35.763000;3;100614;1;1;5800.0000;1;4111.0000;None;44400.0000
21117;2023-03-10 09:33:04.813000;1;102571;1;1;19800.0000;1;3278.0000;None;35400.0000
21117;2023-03-10 09:33:04.813000;3;102886;1;1;5800.0000;1;3278.0000;None;35400.0000
21117;2023-03-10 09:33:04.813000;7;2011;1;1;0.0000;1;3278.0000;None;35400.0000
21117;2023-03-10 09:48:03.733000;1;101029;1;1;9800.0000;1;3278.0000;None;35400.0000
21119;2023-03-10 09:40:34.690000;1;102561;1;1;9800.0000;1;6796.0000;None;73400.0000
21119;2023-03-10 09:40:34.690000;1;103040;1;1;17800.0000;1;6796.0000;None;73400.0000
21119;2023-03-10 09:40:34.690000;1;100995;1;1;10800.0000;1;6796.0000;None;73400.0000
21119;2023-03-10 09:40:34.690000;1;109562;1;1;7800.0000;1;6796.0000;None;73400.0000
21119;2023-03-10 09:40:34.690000;3;100607;1;1;6800.0000;1;6796.0000;None;73400.0000
21119;2023-03-10 09:40:34.690000;7;2011;1;1;0.0000;1;6796.0000;None;73400.0000
21119;2023-03-10 09:40:34.690000;3;100614;1;1;5800.0000;1;6796.0000;None;73400.0000
21119;2023-03-10 09:40:34.690000;1;100578;1;1;5800.0000;1;6796.0000;None;73400.0000
21119;2023-03-10 10:14:58.807000;3;102635;1;1;8800.0000;1;6796.0000;None;73400.0000
21119;2023-03-10 10:14:58.807000;7;2042;1;1;0.0000;1;6796.0000;None;73400.0000
21120;2023-03-10 09:44:07.690000;1;102561;1;1;9800.0000;1;3519.0000;None;38000.0000
21120;2023-03-10 09:44:07.690000;7;1213;1;1;0.0000;1;3519.0000;None;38000.0000
21120;2023-03-10 09:44:07.690000;1;102561;1;1;9800.0000;1;3519.0000;None;38000.0000
21120;2023-03-10 09:44:07.690000;7;1213;1;1;0.0000;1;3519.0000;None;38000.0000
21120;2023-03-10 09:44:07.690000;3;100614;1;1;5800.0000;1;3519.0000;None;38000.0000
21120;2023-03-10 09:45:51.127000;3;100607;1;1;6800.0000;1;3519.0000;None;38000.0000
21120;2023-03-10 10:12:56.337000;3;100614;1;1;5800.0000;1;3519.0000;None;38000.0000
21121;2023-03-10 09:54:25.907000;1;103034;1;1;16800.0000;1;8037.0000;None;86800.0000
21121;2023-03-10 09:54:25.907000;1;103034;1;1;16800.0000;1;8037.0000;None;86800.0000
21121;2023-03-10 09:54:25.907000;7;1213;1;1;0.0000;1;8037.0000;None;86800.0000
21121;2023-03-10 09:54:25.907000;3;102635;1;3;26400.0000;1;8037.0000;None;86800.0000
21121;2023-03-10 09:54:25.907000;7;2011;1;1;0.0000;1;8037.0000;None;86800.0000
21121;2023-03-10 09:54:25.907000;7;2011;1;1;0.0000;1;8037.0000;None;86800.0000
21121;2023-03-10 09:54:25.907000;3;100607;1;2;13600.0000;1;8037.0000;None;86800.0000
21121;2023-03-10 09:54:25.907000;7;2011;1;1;0.0000;1;8037.0000;None;86800.0000
21121;2023-03-10 09:54:25.907000;3;103904;1;1;4800.0000;1;8037.0000;None;86800.0000
21121;2023-03-10 09:54:25.907000;7;2011;1;1;0.0000;1;8037.0000;None;86800.0000
21121;2023-03-10 10:08:24.733000;1;102317;1;1;2800.0000;1;8037.0000;None;86800.0000
21121;2023-03-10 10:09:21.160000;1;102317;1;1;2800.0000;1;8037.0000;None;86800.0000
21121;2023-03-10 10:10:59.613000;1;102317;1;1;2800.0000;1;8037.0000;None;86800.0000
21122;2023-03-10 09:59:42.257000;1;102567;1;1;14800.0000;1;4648.0000;None;50200.0000
21122;2023-03-10 09:59:42.257000;7;1213;1;1;0.0000;1;4648.0000;None;50200.0000
21122;2023-03-10 09:59:42.257000;1;104698;1;2;3200.0000;1;4648.0000;None;50200.0000
21122;2023-03-10 09:59:42.257000;1;102554;1;1;9800.0000;1;4648.0000;None;50200.0000
21122;2023-03-10 09:59:42.257000;7;1213;1;1;0.0000;1;4648.0000;None;50200.0000
21122;2023-03-10 09:59:42.257000;3;100607;1;1;6800.0000;1;4648.0000;None;50200.0000
21122;2023-03-10 09:59:42.257000;7;2011;1;1;0.0000;1;4648.0000;None;50200.0000
21122;2023-03-10 09:59:42.257000;3;102635;1;1;8800.0000;1;4648.0000;None;50200.0000
21122;2023-03-10 09:59:42.257000;7;2042;1;1;0.0000;1;4648.0000;None;50200.0000
21122;2023-03-10 10:13:47.583000;3;100607;1;1;6800.0000;1;4648.0000;None;50200.0000
21123;2023-03-10 10:04:32.707000;1;102554;1;1;9800.0000;1;4611.0000;None;49800.0000
21123;2023-03-10 10:04:32.707000;7;1213;1;1;0.0000;1;4611.0000;None;49800.0000
21123;2023-03-10 10:04:32.707000;1;109562;1;1;7800.0000;1;4611.0000;None;49800.0000
21123;2023-03-10 10:04:32.707000;1;109562;1;1;7800.0000;1;4611.0000;None;49800.0000
21123;2023-03-10 10:04:32.707000;1;102561;1;1;9800.0000;1;4611.0000;None;49800.0000
21123;2023-03-10 10:04:32.707000;3;100614;1;2;11600.0000;1;4611.0000;None;49800.0000
21123;2023-03-10 10:04:32.707000;3;102635;1;1;8800.0000;1;4611.0000;None;49800.0000
21123;2023-03-10 10:04:32.707000;7;2011;1;1;0.0000;1;4611.0000;None;49800.0000
21123;2023-03-10 10:25:58.390000;3;100614;1;-2;-11600.0000;1;4611.0000;None;49800.0000
21123;2023-03-10 10:25:58.390000;3;100614;1;1;5800.0000;1;4611.0000;None;49800.0000
21124;2023-03-10 10:12:22.243000;1;102522;1;1;9800.0000;1;7370.0000;None;79600.0000
21124;2023-03-10 10:12:22.243000;1;102561;1;1;9800.0000;1;7370.0000;None;79600.0000
21124;2023-03-10 10:12:22.243000;7;1213;1;1;0.0000;1;7370.0000;None;79600.0000
21124;2023-03-10 10:12:22.243000;1;102191;1;1;5800.0000;1;7370.0000;None;79600.0000
21124;2023-03-10 10:12:22.243000;1;102317;1;1;2800.0000;1;7370.0000;None;79600.0000
21124;2023-03-10 10:12:22.243000;1;100622;1;1;3200.0000;1;7370.0000;None;79600.0000
21124;2023-03-10 10:12:22.243000;1;100862;1;1;27800.0000;1;7370.0000;None;79600.0000
21124;2023-03-10 10:12:22.243000;7;1213;1;1;0.0000;1;7370.0000;None;79600.0000
21124;2023-03-10 10:12:22.243000;3;100607;1;1;6800.0000;1;7370.0000;None;79600.0000
21124;2023-03-10 10:12:22.243000;3;100606;1;1;6800.0000;1;7370.0000;None;79600.0000
21124;2023-03-10 10:33:08.953000;3;201207;1;1;6800.0000;1;7370.0000;None;79600.0000
21125;2023-03-10 10:13:50.403000;1;102561;1;1;9800.0000;1;2259.0000;None;24400.0000
21125;2023-03-10 10:13:50.403000;3;102635;1;1;8800.0000;1;2259.0000;None;24400.0000
21125;2023-03-10 10:13:50.403000;3;100614;1;1;5800.0000;1;2259.0000;None;24400.0000
21125;2023-03-10 10:13:50.403000;7;1207;1;1;0.0000;1;2259.0000;None;24400.0000
21126;2023-03-10 10:22:27.240000;1;103032;1;1;9800.0000;1;4444.0000;None;48000.0000
21126;2023-03-10 10:22:27.240000;1;100995;1;1;10800.0000;1;4444.0000;None;48000.0000
21126;2023-03-10 10:22:27.240000;1;102561;1;1;9800.0000;1;4444.0000;None;48000.0000
21126;2023-03-10 10:22:27.240000;7;1213;1;1;0.0000;1;4444.0000;None;48000.0000
21126;2023-03-10 10:22:27.240000;3;102640;1;1;10800.0000;1;4444.0000;None;48000.0000
21126;2023-03-10 10:22:27.240000;3;100607;1;1;6800.0000;1;4444.0000;None;48000.0000
21127;2023-03-10 10:33:46.190000;1;103043;1;1;12800.0000;1;7111.0000;None;76800.0000
21127;2023-03-10 10:33:46.190000;1;100995;1;1;10800.0000;1;7111.0000;None;76800.0000
21127;2023-03-10 10:33:46.190000;3;102748;1;2;31600.0000;1;7111.0000;None;76800.0000
21127;2023-03-10 10:45:39.387000;1;100995;1;2;21600.0000;1;7111.0000;None;76800.0000
21127;2023-03-10 10:45:39.387000;7;1213;1;1;0.0000;1;7111.0000;None;76800.0000
21128;2023-03-10 10:38:07.920000;1;102561;1;1;9800.0000;1;2426.0000;None;26200.0000
21128;2023-03-10 10:38:07.920000;7;1213;1;1;0.0000;1;2426.0000;None;26200.0000
21128;2023-03-10 10:38:07.920000;7;1213;1;1;0.0000;1;2426.0000;None;26200.0000
21128;2023-03-10 10:38:07.920000;3;100607;1;2;13600.0000;1;2426.0000;None;26200.0000
21128;2023-03-10 10:38:07.920000;7;1207;1;1;0.0000;1;2426.0000;None;26200.0000
21128;2023-03-10 10:38:07.920000;7;1207;1;1;0.0000;1;2426.0000;None;26200.0000
21128;2023-03-10 10:38:07.920000;7;1207;1;1;0.0000;1;2426.0000;None;26200.0000
21128;2023-03-10 10:38:07.920000;7;2011;1;1;0.0000;1;2426.0000;None;26200.0000
21128;2023-03-10 10:50:50.457000;3;102737;1;1;2800.0000;1;2426.0000;None;26200.0000
21129;2023-03-10 10:46:50.853000;3;100606;1;2;13600.0000;1;1259.0000;None;13600.0000
21130;2023-03-10 10:50:16.813000;3;103911;1;1;6800.0000;1;2259.0000;None;24400.0000
21130;2023-03-10 10:50:16.813000;7;1207;1;1;0.0000;1;2259.0000;None;24400.0000
21130;2023-03-10 10:50:16.813000;7;2011;1;1;0.0000;1;2259.0000;None;24400.0000
21130;2023-03-10 10:50:16.813000;3;100606;1;1;6800.0000;1;2259.0000;None;24400.0000
21130;2023-03-10 10:50:16.813000;7;2011;1;1;0.0000;1;2259.0000;None;24400.0000
21130;2023-03-10 10:50:16.813000;1;100995;1;1;10800.0000;1;2259.0000;None;24400.0000
21131;2023-03-10 10:56:00.870000;3;100614;1;1;5800.0000;1;537.0000;None;5800.0000
21132;2023-03-10 11:02:41.517000;1;104690;1;3;14400.0000;1;2407.0000;None;26000.0000
21132;2023-03-10 11:02:41.517000;3;102747;1;1;4800.0000;1;2407.0000;None;26000.0000
21132;2023-03-10 11:02:41.517000;3;201207;1;1;6800.0000;1;2407.0000;None;26000.0000
21132;2023-03-10 11:02:41.517000;7;2042;1;1;0.0000;1;2407.0000;None;26000.0000
21133;2023-03-10 11:04:52.260000;1;100995;1;1;10800.0000;1;4796.0000;None;51800.0000
21133;2023-03-10 11:04:52.260000;3;100606;1;2;13600.0000;1;4796.0000;None;51800.0000
21133;2023-03-10 11:04:52.260000;7;2011;1;1;0.0000;1;4796.0000;None;51800.0000
21133;2023-03-10 11:04:52.260000;7;2011;1;1;0.0000;1;4796.0000;None;51800.0000
21133;2023-03-10 11:23:32.710000;3;102651;1;1;9800.0000;1;4796.0000;None;51800.0000
21133;2023-03-10 11:23:32.710000;3;100606;1;1;6800.0000;1;4796.0000;None;51800.0000
21133;2023-03-10 11:23:32.710000;1;100995;1;1;10800.0000;1;4796.0000;None;51800.0000
21134;2023-03-10 11:11:12.797000;1;104690;1;1;4800.0000;1;4167.0000;None;45000.0000
21134;2023-03-10 11:11:12.797000;3;100607;1;1;6800.0000;1;4167.0000;None;45000.0000
21134;2023-03-10 11:11:12.797000;7;2011;1;1;0.0000;1;4167.0000;None;45000.0000
21134;2023-03-10 12:10:26.383000;1;100974;1;1;17800.0000;1;4167.0000;None;45000.0000
21134;2023-03-10 12:10:26.383000;1;102228;1;1;8800.0000;1;4167.0000;None;45000.0000
21134;2023-03-10 13:16:05.803000;3;100607;1;1;6800.0000;1;4167.0000;None;45000.0000
21135;2023-03-10 11:16:03.713000;1;103641;1;1;13800.0000;1;3093.0000;None;33400.0000
21135;2023-03-10 11:16:03.713000;1;100995;1;1;10800.0000;1;3093.0000;None;33400.0000
21135;2023-03-10 11:16:03.713000;3;102635;1;1;8800.0000;1;3093.0000;None;33400.0000
21135;2023-03-10 11:16:03.713000;7;2042;1;1;0.0000;1;3093.0000;None;33400.0000
21136;2023-03-10 11:24:39.207000;1;100846;1;1;30800.0000;1;7944.0000;None;85800.0000
21136;2023-03-10 11:24:39.207000;7;1213;1;1;0.0000;1;7944.0000;None;85800.0000
21136;2023-03-10 11:24:39.207000;1;100851;1;1;23800.0000;1;7944.0000;None;85800.0000
21136;2023-03-10 11:24:39.207000;7;1213;1;1;0.0000;1;7944.0000;None;85800.0000
21136;2023-03-10 11:24:39.207000;3;100606;1;2;13600.0000;1;7944.0000;None;85800.0000
21136;2023-03-10 11:24:39.207000;7;2009;1;1;0.0000;1;7944.0000;None;85800.0000
21136;2023-03-10 11:24:39.207000;3;102635;1;2;17600.0000;1;7944.0000;None;85800.0000
21136;2023-03-10 11:24:39.207000;7;2011;1;1;0.0000;1;7944.0000;None;85800.0000
21136;2023-03-10 11:24:39.207000;7;2011;1;1;0.0000;1;7944.0000;None;85800.0000
21137;2023-03-10 11:26:33.040000;3;100606;1;1;6800.0000;1;4204.0000;None;45400.0000
21137;2023-03-10 11:26:33.040000;3;102637;1;1;9800.0000;1;4204.0000;None;45400.0000
21137;2023-03-10 11:26:33.040000;7;2072;1;1;0.0000;1;4204.0000;None;45400.0000
21137;2023-03-10 11:26:33.040000;1;104690;1;3;14400.0000;1;4204.0000;None;45400.0000
21137;2023-03-10 11:26:33.040000;1;102003;1;3;14400.0000;1;4204.0000;None;45400.0000
21138;2023-03-10 11:43:30.123000;3;201237;1;1;6800.0000;1;630.0000;None;6800.0000
21138;2023-03-10 11:43:30.123000;1;101270;1;1;0.0000;1;630.0000;None;6800.0000
21138;2023-03-10 11:43:30.123000;7;2042;1;1;0.0000;1;630.0000;None;6800.0000
21139;2023-03-10 11:48:46.380000;1;102903;1;1;36800.0000;1;4037.0000;None;43600.0000
21139;2023-03-10 11:48:46.380000;6;103488;1;1;0.0000;1;4037.0000;None;43600.0000
21139;2023-03-10 11:48:46.380000;7;1006;1;1;0.0000;1;4037.0000;None;43600.0000
21139;2023-03-10 11:48:46.380000;1;101522;2;1;0.0000;1;4037.0000;None;43600.0000
21139;2023-03-10 11:48:46.380000;3;200644;1;1;6800.0000;1;4037.0000;None;43600.0000
21139;2023-03-10 11:48:46.380000;1;101270;1;1;0.0000;1;4037.0000;None;43600.0000
21139;2023-03-10 12:12:54.277000;6;101061;1;1;0.0000;1;4037.0000;None;43600.0000
21139;2023-03-10 12:12:54.277000;7;1213;1;1;0.0000;1;4037.0000;None;43600.0000
21141;2023-03-10 11:52:13.403000;3;100606;1;1;6800.0000;1;6093.0000;None;65800.0000
21141;2023-03-10 11:52:13.403000;3;102637;1;1;9800.0000;1;6093.0000;None;65800.0000
21141;2023-03-10 11:52:13.403000;1;102555;1;1;20800.0000;1;6093.0000;None;65800.0000
21141;2023-03-10 11:52:13.403000;1;103116;1;1;14800.0000;1;6093.0000;None;65800.0000
21141;2023-03-10 12:01:13.227000;3;201146;1;1;6800.0000;1;6093.0000;None;65800.0000
21141;2023-03-10 12:23:01.537000;3;100607;1;1;6800.0000;1;6093.0000;None;65800.0000
21142;2023-03-10 11:54:48.653000;3;201207;1;1;6800.0000;1;4176.0000;None;45100.0000
21142;2023-03-10 11:54:48.653000;1;102673;1;1;36800.0000;1;4176.0000;None;45100.0000
21142;2023-03-10 12:16:20.697000;1;102286;1;1;1500.0000;1;4176.0000;None;45100.0000
21143;2023-03-10 11:55:17.687000;1;100846;1;1;30800.0000;1;7778.0000;None;84000.0000
21143;2023-03-10 11:55:17.687000;1;100852;1;1;26800.0000;1;7778.0000;None;84000.0000
21143;2023-03-10 11:55:17.687000;6;101061;1;1;0.0000;1;7778.0000;None;84000.0000
21143;2023-03-10 11:55:17.687000;3;102616;1;1;6800.0000;1;7778.0000;None;84000.0000
21143;2023-03-10 11:55:17.687000;7;2042;1;1;0.0000;1;7778.0000;None;84000.0000
21143;2023-03-10 11:55:17.687000;2;200480;1;1;12800.0000;1;7778.0000;None;84000.0000
21143;2023-03-10 12:27:45.987000;3;201146;1;1;6800.0000;1;7778.0000;None;84000.0000
21144;2023-03-10 11:56:08.213000;1;100855;1;1;28800.0000;1;None;None;106800.0000
21144;2023-03-10 11:56:08.213000;1;100853;1;1;28800.0000;1;None;None;106800.0000
21144;2023-03-10 11:56:08.213000;1;100853;1;1;28800.0000;1;None;None;106800.0000
21144;2023-03-10 11:56:08.213000;7;1213;1;1;0.0000;1;None;None;106800.0000
21144;2023-03-10 11:57:44.440000;3;201146;1;1;6800.0000;1;None;None;106800.0000
21144;2023-03-10 11:57:44.440000;3;200644;1;1;6800.0000;1;None;None;106800.0000
21144;2023-03-10 11:57:44.440000;3;201207;1;1;6800.0000;1;None;None;106800.0000
21144;2023-03-10 11:57:44.440000;7;1207;1;1;0.0000;1;None;None;106800.0000
21146;2023-03-10 12:17:01.987000;3;201269;1;1;6800.0000;1;7296.0000;None;78800.0000
21146;2023-03-10 12:17:01.987000;1;101270;1;1;0.0000;1;7296.0000;None;78800.0000
21146;2023-03-10 12:17:01.987000;3;100607;1;1;6800.0000;1;7296.0000;None;78800.0000
21146;2023-03-10 12:17:01.987000;1;102003;1;2;9600.0000;1;7296.0000;None;78800.0000
21146;2023-03-10 12:17:01.987000;7;1001;1;1;0.0000;1;7296.0000;None;78800.0000
21146;2023-03-10 12:17:01.987000;7;1001;1;1;0.0000;1;7296.0000;None;78800.0000
21146;2023-03-10 12:17:01.987000;1;100843;1;1;26800.0000;1;7296.0000;None;78800.0000
21146;2023-03-10 12:17:01.987000;1;100848;1;1;28800.0000;1;7296.0000;None;78800.0000
21146;2023-03-10 12:24:26.227000;1;101270;2;1;0.0000;1;7296.0000;None;78800.0000
21147;2023-03-10 12:20:27.030000;3;201277;1;1;6800.0000;1;3204.0000;None;34600.0000
21147;2023-03-10 12:20:27.030000;1;100862;1;1;27800.0000;1;3204.0000;None;34600.0000
21147;2023-03-10 12:20:27.030000;6;101061;1;1;0.0000;1;3204.0000;None;34600.0000
21148;2023-03-10 12:31:20.537000;3;100614;1;1;5800.0000;1;8352.0000;None;90200.0000
21148;2023-03-10 12:31:20.537000;7;1207;1;1;0.0000;1;8352.0000;None;90200.0000
21148;2023-03-10 12:57:31.923000;3;100999;1;1;5800.0000;1;8352.0000;None;90200.0000
21148;2023-03-10 13:43:43.493000;3;102623;1;1;6800.0000;1;8352.0000;None;90200.0000
21148;2023-03-10 13:43:43.493000;3;102747;1;1;4800.0000;1;8352.0000;None;90200.0000
21148;2023-03-10 13:43:43.493000;1;104690;1;2;9600.0000;1;8352.0000;None;90200.0000
21148;2023-03-10 13:43:43.493000;1;102003;1;2;9600.0000;1;8352.0000;None;90200.0000
21148;2023-03-10 13:56:02.727000;3;201269;1;1;6800.0000;1;8352.0000;None;90200.0000
21148;2023-03-10 13:56:02.727000;3;108191;1;1;0.0000;1;8352.0000;None;90200.0000
21148;2023-03-10 14:09:42.100000;1;104690;1;2;9600.0000;1;8352.0000;None;90200.0000
21148;2023-03-10 14:09:42.100000;7;1157;1;1;0.0000;1;8352.0000;None;90200.0000
21148;2023-03-10 14:09:42.100000;7;1157;1;1;0.0000;1;8352.0000;None;90200.0000
21148;2023-03-10 14:09:42.100000;7;1157;1;1;0.0000;1;8352.0000;None;90200.0000
21148;2023-03-10 14:38:19.360000;1;105421;1;1;19800.0000;1;8352.0000;None;90200.0000
21148;2023-03-10 15:11:21.527000;3;100614;1;1;5800.0000;1;8352.0000;None;90200.0000
21148;2023-03-10 15:11:21.527000;7;1207;1;1;0.0000;1;8352.0000;None;90200.0000
21148;2023-03-10 16:39:53.140000;3;100614;1;1;5800.0000;1;8352.0000;None;90200.0000
21149;2023-03-10 12:35:36.057000;1;103955;1;1;41800.0000;1;None;None;76400.0000
21149;2023-03-10 12:35:36.057000;1;101552;1;1;0.0000;1;None;None;76400.0000
21149;2023-03-10 12:35:36.057000;1;102684;1;1;17800.0000;1;None;None;76400.0000
21149;2023-03-10 12:35:36.057000;1;102682;1;1;16800.0000;1;None;None;76400.0000
21150;2023-03-10 12:36:43.897000;3;102635;1;1;8800.0000;1;1815.0000;None;19600.0000
21150;2023-03-10 12:36:43.897000;7;2042;1;1;0.0000;1;1815.0000;None;19600.0000
21150;2023-03-10 12:36:43.897000;3;102640;1;1;10800.0000;1;1815.0000;None;19600.0000
21151;2023-03-10 12:43:30.967000;1;105188;1;1;31800.0000;1;3389.0000;None;36600.0000
21151;2023-03-10 13:08:55.387000;3;102747;1;1;4800.0000;1;3389.0000;None;36600.0000
21152;2023-03-10 12:44:19.183000;1;103955;1;1;41800.0000;1;8815.0000;None;95200.0000
21152;2023-03-10 12:44:19.183000;1;101522;1;1;0.0000;1;8815.0000;None;95200.0000
21152;2023-03-10 12:44:19.183000;7;1026;1;1;0.0000;1;8815.0000;None;95200.0000
21152;2023-03-10 12:44:19.183000;1;103955;1;1;41800.0000;1;8815.0000;None;95200.0000
21152;2023-03-10 12:44:19.183000;1;101552;1;1;0.0000;1;8815.0000;None;95200.0000
21152;2023-03-10 12:44:19.183000;7;1026;1;1;0.0000;1;8815.0000;None;95200.0000
21152;2023-03-10 12:44:19.183000;6;101061;1;1;0.0000;1;8815.0000;None;95200.0000
21152;2023-03-10 12:44:59.470000;3;102749;1;1;5800.0000;1;8815.0000;None;95200.0000
21152;2023-03-10 12:44:59.470000;3;104446;1;1;5800.0000;1;8815.0000;None;95200.0000
21153;2023-03-10 12:48:14.980000;1;100974;1;1;17800.0000;1;12315.0000;None;133000.0000
21153;2023-03-10 12:48:14.980000;7;1054;1;1;0.0000;1;12315.0000;None;133000.0000
21153;2023-03-10 12:48:14.980000;7;1054;1;1;0.0000;1;12315.0000;None;133000.0000
21153;2023-03-10 12:48:14.980000;1;108796;1;1;49800.0000;1;12315.0000;None;133000.0000
21153;2023-03-10 12:48:14.980000;7;1002;1;1;0.0000;1;12315.0000;None;133000.0000
21153;2023-03-10 12:48:14.980000;3;201269;1;2;13600.0000;1;12315.0000;None;133000.0000
21153;2023-03-10 12:48:14.980000;1;101270;1;1;0.0000;1;12315.0000;None;133000.0000
21153;2023-03-10 12:48:14.980000;1;101270;1;1;0.0000;1;12315.0000;None;133000.0000
21153;2023-03-10 12:48:14.980000;6;101061;1;1;0.0000;1;12315.0000;None;133000.0000
21153;2023-03-10 12:48:48.517000;1;104690;1;2;9600.0000;1;12315.0000;None;133000.0000
21153;2023-03-10 12:48:48.517000;7;1001;1;1;0.0000;1;12315.0000;None;133000.0000
21153;2023-03-10 12:48:48.517000;7;1001;1;1;0.0000;1;12315.0000;None;133000.0000
21153;2023-03-10 12:48:48.517000;7;1001;1;1;0.0000;1;12315.0000;None;133000.0000
21153;2023-03-10 13:10:53.470000;1;103750;1;1;13800.0000;1;12315.0000;None;133000.0000
21153;2023-03-10 13:10:53.470000;7;1001;1;1;0.0000;1;12315.0000;None;133000.0000
21153;2023-03-10 13:10:53.470000;7;1001;1;1;0.0000;1;12315.0000;None;133000.0000
21153;2023-03-10 13:10:53.470000;1;100858;1;1;13800.0000;1;12315.0000;None;133000.0000
21153;2023-03-10 13:22:00.837000;1;102228;1;1;8800.0000;1;12315.0000;None;133000.0000
21153;2023-03-10 13:33:23.150000;3;100614;1;1;5800.0000;1;12315.0000;None;133000.0000
21154;2023-03-10 12:49:10.630000;1;102673;1;1;36800.0000;1;3407.0000;None;36800.0000
21154;2023-03-10 12:49:24.803000;6;101061;1;1;0.0000;1;3407.0000;None;36800.0000
21155;2023-03-10 12:50:28.577000;1;103773;1;1;9800.0000;1;None;None;50400.0000
21155;2023-03-10 12:50:28.577000;1;105188;1;1;31800.0000;1;None;None;50400.0000
21155;2023-03-10 12:50:28.577000;1;103132;1;1;8800.0000;1;None;None;50400.0000
21155;2023-03-10 12:50:28.577000;7;1213;1;1;0.0000;1;None;None;50400.0000
21156;2023-03-10 12:53:54.433000;1;103773;1;1;9800.0000;1;4435.0000;None;47900.0000
21156;2023-03-10 12:53:54.433000;7;1001;1;1;0.0000;1;4435.0000;None;47900.0000
21156;2023-03-10 12:53:54.433000;1;100846;1;1;30800.0000;1;4435.0000;None;47900.0000
21156;2023-03-10 12:53:54.433000;3;102747;1;1;4800.0000;1;4435.0000;None;47900.0000
21156;2023-03-10 13:21:15.600000;1;102238;1;1;2500.0000;1;4435.0000;None;47900.0000
21156;2023-03-10 13:21:15.600000;7;1131;1;1;0.0000;1;4435.0000;None;47900.0000
21156;2023-03-10 13:21:15.600000;7;1131;1;1;0.0000;1;4435.0000;None;47900.0000
21157;2023-03-10 13:10:30.383000;1;103750;1;1;13800.0000;1;11093.0000;None;119800.0000
21157;2023-03-10 13:10:30.383000;1;103759;1;1;10800.0000;1;11093.0000;None;119800.0000
21157;2023-03-10 13:10:30.383000;7;1001;1;1;0.0000;1;11093.0000;None;119800.0000
21157;2023-03-10 13:10:30.383000;7;1001;1;1;0.0000;1;11093.0000;None;119800.0000
21157;2023-03-10 13:10:30.383000;7;1001;1;1;0.0000;1;11093.0000;None;119800.0000
21157;2023-03-10 13:10:30.383000;3;102635;1;1;8800.0000;1;11093.0000;None;119800.0000
21157;2023-03-10 13:10:30.383000;7;2042;1;1;0.0000;1;11093.0000;None;119800.0000
21157;2023-03-10 13:10:30.383000;3;102619;1;1;7800.0000;1;11093.0000;None;119800.0000
21157;2023-03-10 13:10:30.383000;7;2042;1;1;0.0000;1;11093.0000;None;119800.0000
21157;2023-03-10 13:13:15.947000;1;102981;1;1;36800.0000;1;11093.0000;None;119800.0000
21157;2023-03-10 13:13:15.947000;1;101520;1;1;0.0000;1;11093.0000;None;119800.0000
21157;2023-03-10 13:13:15.947000;7;1006;1;1;0.0000;1;11093.0000;None;119800.0000
21157;2023-03-10 13:13:15.947000;1;103955;1;1;41800.0000;1;11093.0000;None;119800.0000
21157;2023-03-10 13:13:15.947000;6;104684;1;1;0.0000;1;11093.0000;None;119800.0000
21157;2023-03-10 13:13:15.947000;7;1026;1;1;0.0000;1;11093.0000;None;119800.0000
21157;2023-03-10 13:13:15.947000;6;101061;1;1;0.0000;1;11093.0000;None;119800.0000
21158;2023-03-10 13:15:15.813000;1;103773;1;1;9800.0000;1;9074.0000;None;98000.0000
21158;2023-03-10 13:15:15.813000;1;101127;1;1;36800.0000;1;9074.0000;None;98000.0000
21158;2023-03-10 13:15:15.813000;1;102668;1;1;36800.0000;1;9074.0000;None;98000.0000
21158;2023-03-10 13:15:15.813000;7;1213;1;1;0.0000;1;9074.0000;None;98000.0000
21158;2023-03-10 13:15:15.813000;3;102637;1;1;9800.0000;1;9074.0000;None;98000.0000
21158;2023-03-10 13:15:15.813000;7;2042;1;1;0.0000;1;9074.0000;None;98000.0000
21158;2023-03-10 13:15:15.813000;3;102747;1;1;4800.0000;1;9074.0000;None;98000.0000
21158;2023-03-10 13:15:15.813000;6;101061;1;1;0.0000;1;9074.0000;None;98000.0000
21159;2023-03-10 13:24:33.227000;3;102644;1;1;6800.0000;1;16778.0000;None;181200.0000
21159;2023-03-10 13:24:33.227000;3;102635;1;1;8800.0000;1;16778.0000;None;181200.0000
21159;2023-03-10 13:24:33.227000;1;101073;1;1;69800.0000;1;16778.0000;None;181200.0000
21159;2023-03-10 13:24:33.227000;7;1006;1;1;0.0000;1;16778.0000;None;181200.0000
21159;2023-03-10 13:24:33.227000;1;101433;1;1;0.0000;1;16778.0000;None;181200.0000
21159;2023-03-10 13:24:33.227000;1;102132;1;1;6800.0000;1;16778.0000;None;181200.0000
21159;2023-03-10 13:24:33.227000;1;108794;1;1;48800.0000;1;16778.0000;None;181200.0000
21159;2023-03-10 13:24:33.227000;7;1002;1;1;0.0000;1;16778.0000;None;181200.0000
21159;2023-03-10 13:24:33.227000;6;101061;1;1;0.0000;1;16778.0000;None;181200.0000
21159;2023-03-10 14:16:48.857000;1;103372;1;1;15800.0000;1;16778.0000;None;181200.0000
21159;2023-03-10 14:16:48.857000;1;101114;1;1;12800.0000;1;16778.0000;None;181200.0000
21159;2023-03-10 14:16:48.857000;3;100614;1;2;11600.0000;1;16778.0000;None;181200.0000
21159;2023-03-10 14:16:48.857000;7;2070;1;1;0.0000;1;16778.0000;None;181200.0000
21159;2023-03-10 14:16:48.857000;7;2070;1;1;0.0000;1;16778.0000;None;181200.0000
21160;2023-03-10 13:28:14.273000;1;100846;1;2;61600.0000;1;10694.0000;None;115500.0000
21160;2023-03-10 13:28:14.273000;7;1213;1;1;0.0000;1;10694.0000;None;115500.0000
21160;2023-03-10 13:28:14.273000;1;102671;1;1;38800.0000;1;10694.0000;None;115500.0000
21160;2023-03-10 13:28:14.273000;7;1213;1;1;0.0000;1;10694.0000;None;115500.0000
21160;2023-03-10 13:28:14.273000;6;101061;1;1;0.0000;1;10694.0000;None;115500.0000
21160;2023-03-10 13:28:14.273000;3;200644;1;1;6800.0000;1;10694.0000;None;115500.0000
21160;2023-03-10 13:28:14.273000;1;101270;1;1;0.0000;1;10694.0000;None;115500.0000
21160;2023-03-10 13:28:14.273000;3;201207;1;1;6800.0000;1;10694.0000;None;115500.0000
21160;2023-03-10 13:28:14.273000;7;2042;1;1;0.0000;1;10694.0000;None;115500.0000
21160;2023-03-10 15:01:04.383000;1;102286;1;1;1500.0000;1;10694.0000;None;115500.0000
21161;2023-03-10 13:29:54.227000;1;100853;1;1;28800.0000;1;None;None;38600.0000
21161;2023-03-10 13:29:54.227000;6;101061;1;1;0.0000;1;None;None;38600.0000
21161;2023-03-10 13:29:54.227000;3;102639;1;1;9800.0000;1;None;None;38600.0000
21162;2023-03-10 13:40:28.927000;1;100842;1;1;25800.0000;1;6361.0000;None;68700.0000
21162;2023-03-10 13:40:28.927000;7;1213;1;1;0.0000;1;6361.0000;None;68700.0000
21162;2023-03-10 13:40:28.927000;1;102238;1;1;2500.0000;1;6361.0000;None;68700.0000
21162;2023-03-10 13:40:28.927000;1;100850;1;1;22800.0000;1;6361.0000;None;68700.0000
21162;2023-03-10 13:40:28.927000;3;201609;1;1;6800.0000;1;6361.0000;None;68700.0000
21162;2023-03-10 13:40:28.927000;2;201615;1;1;14800.0000;1;6361.0000;None;68700.0000
21162;2023-03-10 13:40:28.927000;6;101061;1;1;0.0000;1;6361.0000;None;68700.0000
21162;2023-03-10 13:41:11.563000;2;201615;1;-1;-14800.0000;1;6361.0000;None;68700.0000
21162;2023-03-10 13:41:19.587000;2;201187;1;1;10800.0000;1;6361.0000;None;68700.0000
21163;2023-03-10 13:51:56.813000;1;102672;1;1;33800.0000;1;None;None;72600.0000
21163;2023-03-10 13:51:56.813000;7;1213;1;1;0.0000;1;None;None;72600.0000
21163;2023-03-10 13:51:56.813000;1;102238;1;1;2500.0000;1;None;None;72600.0000
21163;2023-03-10 13:51:56.813000;1;102679;1;1;33800.0000;1;None;None;72600.0000
21163;2023-03-10 13:51:56.813000;7;1213;1;1;0.0000;1;None;None;72600.0000
21163;2023-03-10 13:51:56.813000;1;102238;1;1;2500.0000;1;None;None;72600.0000
21163;2023-03-10 13:51:56.813000;7;1157;1;1;0.0000;1;None;None;72600.0000
21163;2023-03-10 13:51:56.813000;7;1157;1;1;0.0000;1;None;None;72600.0000
21163;2023-03-10 13:51:56.813000;7;1157;1;1;0.0000;1;None;None;72600.0000
21164;2023-03-10 13:55:14.247000;3;201237;1;1;6800.0000;1;5111.0000;None;55200.0000
21164;2023-03-10 13:55:14.247000;7;2042;1;1;0.0000;1;5111.0000;None;55200.0000
21164;2023-03-10 13:55:14.247000;3;201207;1;1;6800.0000;1;5111.0000;None;55200.0000
21164;2023-03-10 13:55:14.247000;1;103771;1;1;12800.0000;1;5111.0000;None;55200.0000
21164;2023-03-10 13:55:14.247000;1;100848;1;1;28800.0000;1;5111.0000;None;55200.0000
21164;2023-03-10 13:55:14.247000;6;101061;1;1;0.0000;1;5111.0000;None;55200.0000
21165;2023-03-10 14:06:18.887000;3;103904;1;1;4800.0000;1;16907.0000;None;182600.0000
21165;2023-03-10 14:06:18.887000;3;200644;1;1;6800.0000;1;16907.0000;None;182600.0000
21165;2023-03-10 14:06:18.887000;1;101270;1;1;0.0000;1;16907.0000;None;182600.0000
21165;2023-03-10 14:06:18.887000;3;201146;1;1;6800.0000;1;16907.0000;None;182600.0000
21165;2023-03-10 14:06:18.887000;1;101270;1;1;0.0000;1;16907.0000;None;182600.0000
21165;2023-03-10 14:06:49.747000;1;101270;2;1;0.0000;1;16907.0000;None;182600.0000
21165;2023-03-10 14:11:22.590000;1;102671;1;1;38800.0000;1;16907.0000;None;182600.0000
21165;2023-03-10 14:11:22.590000;1;102670;1;1;35800.0000;1;16907.0000;None;182600.0000
21165;2023-03-10 14:11:22.590000;1;105647;1;1;69800.0000;1;16907.0000;None;182600.0000
21165;2023-03-10 14:11:22.590000;1;101552;1;1;0.0000;1;16907.0000;None;182600.0000
21165;2023-03-10 14:11:22.590000;7;1205;1;1;0.0000;1;16907.0000;None;182600.0000
21165;2023-03-10 14:11:22.590000;6;101061;1;1;0.0000;1;16907.0000;None;182600.0000
21165;2023-03-10 14:11:54.393000;3;103904;1;-1;-4800.0000;1;16907.0000;None;182600.0000
21165;2023-03-10 14:54:14.143000;1;105421;1;1;19800.0000;1;16907.0000;None;182600.0000
21165;2023-03-10 15:07:12.010000;3;103904;1;1;4800.0000;1;16907.0000;None;182600.0000
21165;2023-03-10 15:10:47.653000;1;101270;2;1;0.0000;1;16907.0000;None;182600.0000
21166;2023-03-10 14:21:12.007000;1;103207;1;1;35800.0000;1;3315.0000;None;35800.0000
21166;2023-03-10 14:21:12.007000;6;101061;1;1;0.0000;1;3315.0000;None;35800.0000
21167;2023-03-10 14:21:46.573000;3;201269;1;1;6800.0000;1;9667.0000;None;104400.0000
21167;2023-03-10 14:21:46.573000;3;201269;1;1;6800.0000;1;9667.0000;None;104400.0000
21167;2023-03-10 14:21:46.573000;7;1207;1;1;0.0000;1;9667.0000;None;104400.0000
21167;2023-03-10 14:36:04.493000;1;101244;1;1;29800.0000;1;9667.0000;None;104400.0000
21167;2023-03-10 14:36:04.493000;1;101262;1;1;29800.0000;1;9667.0000;None;104400.0000
21167;2023-03-10 15:07:31.617000;3;201269;1;1;6800.0000;1;9667.0000;None;104400.0000
21167;2023-03-10 15:07:31.617000;7;2050;1;1;0.0000;1;9667.0000;None;104400.0000
21167;2023-03-10 15:07:31.617000;3;201269;1;1;6800.0000;1;9667.0000;None;104400.0000
21167;2023-03-10 15:07:31.617000;7;2050;1;1;0.0000;1;9667.0000;None;104400.0000
21167;2023-03-10 16:06:02.983000;1;102003;1;1;4800.0000;1;9667.0000;None;104400.0000
21167;2023-03-10 16:06:02.983000;1;109248;1;1;12800.0000;1;9667.0000;None;104400.0000
21167;2023-03-10 16:06:02.983000;7;1001;1;1;0.0000;1;9667.0000;None;104400.0000
21167;2023-03-10 16:06:02.983000;7;1001;1;1;0.0000;1;9667.0000;None;104400.0000
21168;2023-03-10 14:44:51.137000;1;100862;1;1;27800.0000;1;None;None;27800.0000
21168;2023-03-10 14:44:51.137000;7;1157;1;1;0.0000;1;None;None;27800.0000
21168;2023-03-10 14:44:51.137000;7;1157;1;1;0.0000;1;None;None;27800.0000
21169;2023-03-10 14:46:24.927000;3;102635;1;1;8800.0000;1;None;None;178800.0000
21169;2023-03-10 14:46:24.927000;3;102624;1;1;7800.0000;1;None;None;178800.0000
21169;2023-03-10 14:46:24.927000;7;1207;1;1;0.0000;1;None;None;178800.0000
21169;2023-03-10 14:47:25.767000;1;101176;1;1;41800.0000;1;None;None;178800.0000
21169;2023-03-10 14:53:30.127000;1;105647;1;1;69800.0000;1;None;None;178800.0000
21169;2023-03-10 14:53:30.127000;1;101552;1;1;0.0000;1;None;None;178800.0000
21169;2023-03-10 14:53:30.127000;1;103955;1;1;41800.0000;1;None;None;178800.0000
21169;2023-03-10 14:53:30.127000;1;101522;1;1;0.0000;1;None;None;178800.0000
21169;2023-03-10 14:53:30.127000;7;1213;1;1;0.0000;1;None;None;178800.0000
21169;2023-03-10 15:15:39.660000;3;102635;1;1;8800.0000;1;None;None;178800.0000
21169;2023-03-10 15:21:25.430000;6;101611;1;2;0.0000;1;None;None;178800.0000
21170;2023-03-10 14:49:59.330000;1;102680;1;1;36800.0000;1;8306.0000;None;89700.0000
21170;2023-03-10 14:49:59.330000;1;102042;1;1;37800.0000;1;8306.0000;None;89700.0000
21170;2023-03-10 14:49:59.330000;3;201609;1;1;6800.0000;1;8306.0000;None;89700.0000
21170;2023-03-10 14:49:59.330000;3;201146;1;1;6800.0000;1;8306.0000;None;89700.0000
21170;2023-03-10 14:49:59.330000;1;101270;1;1;0.0000;1;8306.0000;None;89700.0000
21170;2023-03-10 14:49:59.330000;6;101061;1;1;0.0000;1;8306.0000;None;89700.0000
21170;2023-03-10 15:03:05.070000;1;102286;1;1;1500.0000;1;8306.0000;None;89700.0000
21171;2023-03-10 14:52:19.490000;1;103771;1;1;12800.0000;1;5407.0000;None;58400.0000
21171;2023-03-10 14:52:19.490000;7;1001;1;1;0.0000;1;5407.0000;None;58400.0000
21171;2023-03-10 14:52:19.490000;1;102042;1;1;37800.0000;1;5407.0000;None;58400.0000
21171;2023-03-10 14:52:19.490000;3;102631;1;1;7800.0000;1;5407.0000;None;58400.0000
21171;2023-03-10 14:52:19.490000;7;2077;1;1;0.0000;1;5407.0000;None;58400.0000
21172;2023-03-10 14:56:06.137000;1;102902;1;1;31800.0000;1;6519.0000;None;70400.0000
21172;2023-03-10 14:56:06.137000;7;1205;1;1;0.0000;1;6519.0000;None;70400.0000
21172;2023-03-10 14:56:06.137000;1;101522;2;1;0.0000;1;6519.0000;None;70400.0000
21172;2023-03-10 14:56:06.137000;1;102902;1;1;31800.0000;1;6519.0000;None;70400.0000
21172;2023-03-10 14:56:06.137000;7;1205;1;1;0.0000;1;6519.0000;None;70400.0000
21172;2023-03-10 14:56:06.137000;1;101522;2;1;0.0000;1;6519.0000;None;70400.0000
21172;2023-03-10 14:56:06.137000;6;101061;1;1;0.0000;1;6519.0000;None;70400.0000
21172;2023-03-10 14:56:06.137000;3;201609;1;1;6800.0000;1;6519.0000;None;70400.0000
21174;2023-03-10 15:19:30.567000;1;105188;1;1;31800.0000;1;12019.0000;None;129800.0000
21174;2023-03-10 15:19:30.567000;1;103955;1;1;41800.0000;1;12019.0000;None;129800.0000
21174;2023-03-10 15:19:30.567000;1;101552;1;1;0.0000;1;12019.0000;None;129800.0000
21174;2023-03-10 15:19:30.567000;6;101061;1;1;0.0000;1;12019.0000;None;129800.0000
21174;2023-03-10 15:19:30.567000;3;100999;1;1;5800.0000;1;12019.0000;None;129800.0000
21174;2023-03-10 15:19:30.567000;7;2011;1;1;0.0000;1;12019.0000;None;129800.0000
21174;2023-03-10 15:19:30.567000;3;201146;1;1;6800.0000;1;12019.0000;None;129800.0000
21174;2023-03-10 15:20:45.397000;1;102286;1;1;1500.0000;1;12019.0000;None;129800.0000
21174;2023-03-10 15:29:12.843000;6;101061;1;1;0.0000;1;12019.0000;None;129800.0000
21174;2023-03-10 15:29:12.843000;1;102286;1;1;1500.0000;1;12019.0000;None;129800.0000
21174;2023-03-10 15:29:12.843000;3;100999;1;1;5800.0000;1;12019.0000;None;129800.0000
21174;2023-03-10 15:36:04.867000;3;201146;1;-1;-6800.0000;1;12019.0000;None;129800.0000
21174;2023-03-10 15:36:04.867000;1;101270;1;-1;0.0000;1;12019.0000;None;129800.0000
21174;2023-03-10 15:38:06.420000;3;100999;1;-1;-5800.0000;1;12019.0000;None;129800.0000
21174;2023-03-10 15:38:06.420000;3;201237;1;1;6800.0000;1;12019.0000;None;129800.0000
21174;2023-03-10 15:38:06.420000;7;2049;1;1;0.0000;1;12019.0000;None;129800.0000
21174;2023-03-10 15:42:15.917000;6;101611;1;1;0.0000;1;12019.0000;None;129800.0000
21174;2023-03-10 15:46:14.237000;1;103955;1;1;41800.0000;1;12019.0000;None;129800.0000
21174;2023-03-10 15:46:14.237000;6;104684;1;1;0.0000;1;12019.0000;None;129800.0000
21174;2023-03-10 15:46:14.237000;7;1213;1;1;0.0000;1;12019.0000;None;129800.0000
21174;2023-03-10 15:46:14.237000;1;105188;1;-1;-31800.0000;1;12019.0000;None;129800.0000
21174;2023-03-10 16:11:18.470000;1;103995;1;1;24800.0000;1;12019.0000;None;129800.0000
21174;2023-03-10 16:11:18.470000;3;100614;1;1;5800.0000;1;12019.0000;None;129800.0000
21174;2023-03-10 16:11:18.470000;7;2011;1;1;0.0000;1;12019.0000;None;129800.0000
21175;2023-03-10 15:31:51.967000;1;103750;1;1;13800.0000;1;6370.0000;None;68800.0000
21175;2023-03-10 15:31:51.967000;1;103772;1;1;17800.0000;1;6370.0000;None;68800.0000
21175;2023-03-10 15:31:51.967000;7;1001;1;1;0.0000;1;6370.0000;None;68800.0000
21175;2023-03-10 15:31:51.967000;7;1001;1;1;0.0000;1;6370.0000;None;68800.0000
21175;2023-03-10 15:31:51.967000;1;100995;1;2;21600.0000;1;6370.0000;None;68800.0000
21175;2023-03-10 15:31:51.967000;3;102631;1;1;7800.0000;1;6370.0000;None;68800.0000
21175;2023-03-10 15:31:51.967000;7;2072;1;1;0.0000;1;6370.0000;None;68800.0000
21175;2023-03-10 15:31:51.967000;3;102619;1;1;7800.0000;1;6370.0000;None;68800.0000
21175;2023-03-10 15:31:51.967000;7;2072;1;1;0.0000;1;6370.0000;None;68800.0000
21175;2023-03-10 15:31:51.967000;6;101061;1;1;0.0000;1;6370.0000;None;68800.0000
21177;2023-03-10 15:49:52.060000;2;201187;1;2;21600.0000;1;5815.0000;None;62800.0000
21177;2023-03-10 15:49:52.060000;3;102639;1;1;9800.0000;1;5815.0000;None;62800.0000
21177;2023-03-10 15:49:52.060000;7;2077;1;1;0.0000;1;5815.0000;None;62800.0000
21177;2023-03-10 15:49:52.060000;7;2077;1;1;0.0000;1;5815.0000;None;62800.0000
21177;2023-03-10 15:49:52.060000;7;2042;1;1;0.0000;1;5815.0000;None;62800.0000
21177;2023-03-10 17:05:59.857000;2;201187;1;2;21600.0000;1;5815.0000;None;62800.0000
21177;2023-03-10 17:05:59.857000;3;102639;1;1;9800.0000;1;5815.0000;None;62800.0000
21177;2023-03-10 17:05:59.857000;7;2042;1;1;0.0000;1;5815.0000;None;62800.0000
21177;2023-03-10 17:05:59.857000;7;2077;1;1;0.0000;1;5815.0000;None;62800.0000
21178;2023-03-10 15:50:15.900000;3;102747;1;1;4800.0000;1;3519.0000;None;38000.0000
21178;2023-03-10 15:50:15.900000;7;1207;1;1;0.0000;1;3519.0000;None;38000.0000
21178;2023-03-10 15:50:15.900000;3;102886;1;1;5800.0000;1;3519.0000;None;38000.0000
21178;2023-03-10 15:50:15.900000;7;2011;1;1;0.0000;1;3519.0000;None;38000.0000
21178;2023-03-10 15:50:15.900000;1;100995;1;2;21600.0000;1;3519.0000;None;38000.0000
21178;2023-03-10 16:06:52.947000;1;102249;1;1;5800.0000;1;3519.0000;None;38000.0000
21178;2023-03-10 16:06:52.947000;7;1001;1;1;0.0000;1;3519.0000;None;38000.0000
21178;2023-03-10 16:06:52.947000;7;1001;1;1;0.0000;1;3519.0000;None;38000.0000
21179;2023-03-10 15:56:36.543000;1;104690;1;2;9600.0000;1;12074.0000;None;130400.0000
21179;2023-03-10 15:56:36.543000;7;1001;1;1;0.0000;1;12074.0000;None;130400.0000
21179;2023-03-10 15:56:36.543000;7;1001;1;1;0.0000;1;12074.0000;None;130400.0000
21179;2023-03-10 15:56:36.543000;7;1001;1;1;0.0000;1;12074.0000;None;130400.0000
21179;2023-03-10 15:56:36.543000;1;102678;1;1;36800.0000;1;12074.0000;None;130400.0000
21179;2023-03-10 15:56:36.543000;7;1213;1;1;0.0000;1;12074.0000;None;130400.0000
21179;2023-03-10 15:56:36.543000;1;102981;1;1;36800.0000;1;12074.0000;None;130400.0000
21179;2023-03-10 15:56:36.543000;7;1138;1;1;0.0000;1;12074.0000;None;130400.0000
21179;2023-03-10 15:56:36.543000;1;105065;1;1;0.0000;1;12074.0000;None;130400.0000
21179;2023-03-10 15:56:36.543000;1;104207;1;1;7800.0000;1;12074.0000;None;130400.0000
21179;2023-03-10 15:56:36.543000;7;1213;1;1;0.0000;1;12074.0000;None;130400.0000
21179;2023-03-10 15:56:36.543000;6;101061;1;1;0.0000;1;12074.0000;None;130400.0000
21179;2023-03-10 15:56:36.543000;2;109052;1;1;22800.0000;1;12074.0000;None;130400.0000
21179;2023-03-10 15:56:36.543000;2;201187;1;1;10800.0000;1;12074.0000;None;130400.0000
21179;2023-03-10 15:57:34.433000;3;100614;1;1;5800.0000;1;12074.0000;None;130400.0000
21179;2023-03-10 15:57:34.433000;7;1207;1;1;0.0000;1;12074.0000;None;130400.0000
21180;2023-03-10 16:01:16.513000;1;103773;1;1;9800.0000;1;None;None;9800.0000
21180;2023-03-10 16:01:16.513000;7;1157;1;1;0.0000;1;None;None;9800.0000
21180;2023-03-10 16:01:16.513000;7;1157;1;1;0.0000;1;None;None;9800.0000
21181;2023-03-10 16:05:11.987000;1;101954;1;1;19800.0000;1;7796.0000;None;84200.0000
21181;2023-03-10 16:05:11.987000;7;1001;1;1;0.0000;1;7796.0000;None;84200.0000
21181;2023-03-10 16:05:11.987000;7;1001;1;1;0.0000;1;7796.0000;None;84200.0000
21181;2023-03-10 16:05:11.987000;7;1001;1;1;0.0000;1;7796.0000;None;84200.0000
21181;2023-03-10 16:05:11.987000;7;1001;1;1;0.0000;1;7796.0000;None;84200.0000
21181;2023-03-10 16:05:11.987000;1;102673;1;1;36800.0000;1;7796.0000;None;84200.0000
21181;2023-03-10 16:05:11.987000;7;1213;1;1;0.0000;1;7796.0000;None;84200.0000
21181;2023-03-10 16:05:11.987000;1;102685;1;1;20800.0000;1;7796.0000;None;84200.0000
21181;2023-03-10 16:05:11.987000;7;1213;1;1;0.0000;1;7796.0000;None;84200.0000
21181;2023-03-10 16:05:11.987000;6;101061;1;1;0.0000;1;7796.0000;None;84200.0000
21181;2023-03-10 16:05:11.987000;3;201146;1;1;6800.0000;1;7796.0000;None;84200.0000
21181;2023-03-10 16:05:11.987000;7;1207;1;1;0.0000;1;7796.0000;None;84200.0000
21181;2023-03-10 16:05:11.987000;1;101270;1;1;0.0000;1;7796.0000;None;84200.0000
21182;2023-03-10 16:19:32.283000;1;104690;1;3;14400.0000;1;8148.0000;None;88000.0000
21182;2023-03-10 16:19:32.283000;7;1001;1;1;0.0000;1;8148.0000;None;88000.0000
21182;2023-03-10 16:19:32.283000;1;104294;1;1;65800.0000;1;8148.0000;None;88000.0000
21182;2023-03-10 16:19:32.283000;6;101061;1;1;0.0000;1;8148.0000;None;88000.0000
21182;2023-03-10 16:19:32.283000;3;102619;1;1;7800.0000;1;8148.0000;None;88000.0000
21182;2023-03-10 16:19:32.283000;7;2072;1;1;0.0000;1;8148.0000;None;88000.0000
21182;2023-03-10 16:23:09.800000;1;104294;1;1;65800.0000;1;8148.0000;None;88000.0000
21182;2023-03-10 16:23:09.800000;7;1006;1;1;0.0000;1;8148.0000;None;88000.0000
21182;2023-03-10 16:23:09.800000;1;101522;1;1;0.0000;1;8148.0000;None;88000.0000
21182;2023-03-10 16:23:09.800000;7;1213;1;1;0.0000;1;8148.0000;None;88000.0000
21182;2023-03-10 16:23:09.800000;1;104294;1;-1;-65800.0000;1;8148.0000;None;88000.0000
21182;2023-03-10 16:23:09.800000;7;1006;1;-1;0.0000;1;8148.0000;None;88000.0000
21182;2023-03-10 16:23:09.800000;1;101552;1;-1;0.0000;1;8148.0000;None;88000.0000
21182;2023-03-10 16:42:02.520000;6;101585;1;1;0.0000;1;8148.0000;None;88000.0000
21183;2023-03-10 16:20:53.477000;1;104690;1;4;19200.0000;1;4815.0000;None;52000.0000
21183;2023-03-10 16:20:53.477000;3;201237;1;1;6800.0000;1;4815.0000;None;52000.0000
21183;2023-03-10 16:20:53.477000;1;101270;1;1;0.0000;1;4815.0000;None;52000.0000
21183;2023-03-10 16:20:53.477000;3;201609;1;1;6800.0000;1;4815.0000;None;52000.0000
21183;2023-03-10 16:20:53.477000;1;101270;1;1;0.0000;1;4815.0000;None;52000.0000
21183;2023-03-10 16:40:05.627000;1;104690;1;1;4800.0000;1;4815.0000;None;52000.0000
21183;2023-03-10 16:40:05.627000;1;104690;1;1;4800.0000;1;4815.0000;None;52000.0000
21183;2023-03-10 16:52:14.437000;1;104690;1;1;4800.0000;1;4815.0000;None;52000.0000
21183;2023-03-10 16:52:14.437000;1;104690;1;1;4800.0000;1;4815.0000;None;52000.0000
21184;2023-03-10 16:32:08.270000;1;100995;1;1;10800.0000;1;6722.0000;None;72600.0000
21184;2023-03-10 16:32:08.270000;3;102886;1;1;5800.0000;1;6722.0000;None;72600.0000
21184;2023-03-10 16:32:08.270000;7;2011;1;1;0.0000;1;6722.0000;None;72600.0000
21184;2023-03-10 17:16:37.120000;3;100999;1;1;5800.0000;1;6722.0000;None;72600.0000
21184;2023-03-10 15:48:31.513000;1;104690;1;4;19200.0000;1;6722.0000;None;72600.0000
21184;2023-03-10 15:48:31.513000;3;201609;1;1;6800.0000;1;6722.0000;None;72600.0000
21184;2023-03-10 15:48:31.513000;3;102635;1;1;8800.0000;1;6722.0000;None;72600.0000
21184;2023-03-10 16:11:32.707000;1;104690;1;2;9600.0000;1;6722.0000;None;72600.0000
21184;2023-03-10 17:38:03.160000;3;100999;1;1;5800.0000;1;6722.0000;None;72600.0000
21185;2023-03-10 16:35:41.457000;1;104690;1;2;9600.0000;1;3889.0000;None;42000.0000
21185;2023-03-10 16:35:41.457000;2;200480;1;1;12800.0000;1;3889.0000;None;42000.0000
21185;2023-03-10 16:35:41.457000;3;100607;1;1;6800.0000;1;3889.0000;None;42000.0000
21185;2023-03-10 16:35:41.457000;7;2011;1;1;0.0000;1;3889.0000;None;42000.0000
21185;2023-03-10 17:05:41.483000;2;200480;1;1;12800.0000;1;3889.0000;None;42000.0000
21186;2023-03-10 16:58:27.793000;3;201146;1;1;6800.0000;1;1259.0000;None;13600.0000
21186;2023-03-10 16:58:27.793000;3;201146;1;1;6800.0000;1;1259.0000;None;13600.0000
21186;2023-03-10 16:58:27.793000;7;1207;1;1;0.0000;1;1259.0000;None;13600.0000
21187;2023-03-10 17:05:02.157000;1;104690;1;1;4800.0000;1;3148.0000;None;34000.0000
21187;2023-03-10 17:05:02.157000;1;102003;1;1;4800.0000;1;3148.0000;None;34000.0000
21187;2023-03-10 17:05:02.157000;1;100995;1;1;10800.0000;1;3148.0000;None;34000.0000
21187;2023-03-10 17:05:02.157000;3;100607;1;2;13600.0000;1;3148.0000;None;34000.0000
21187;2023-03-10 17:05:02.157000;7;2011;1;1;0.0000;1;3148.0000;None;34000.0000
21187;2023-03-10 17:05:02.157000;7;1207;1;1;0.0000;1;3148.0000;None;34000.0000
21189;2023-03-10 17:39:34.690000;1;101954;1;1;19800.0000;1;8556.0000;None;92400.0000
21189;2023-03-10 17:39:34.690000;1;104690;1;1;4800.0000;1;8556.0000;None;92400.0000
21189;2023-03-10 17:39:34.690000;7;1001;1;1;0.0000;1;8556.0000;None;92400.0000
21189;2023-03-10 17:39:34.690000;7;1001;1;1;0.0000;1;8556.0000;None;92400.0000
21189;2023-03-10 17:39:34.690000;1;103171;1;1;28800.0000;1;8556.0000;None;92400.0000
21189;2023-03-10 17:39:34.690000;7;1213;1;1;0.0000;1;8556.0000;None;92400.0000
21189;2023-03-10 17:39:34.690000;1;101522;1;1;0.0000;1;8556.0000;None;92400.0000
21189;2023-03-10 17:39:34.690000;3;201146;1;1;6800.0000;1;8556.0000;None;92400.0000
21189;2023-03-10 17:39:34.690000;3;200644;1;1;6800.0000;1;8556.0000;None;92400.0000
21189;2023-03-10 17:39:34.690000;3;102635;1;1;8800.0000;1;8556.0000;None;92400.0000
21189;2023-03-10 17:39:34.690000;7;2042;1;1;0.0000;1;8556.0000;None;92400.0000
21189;2023-03-10 17:39:34.690000;3;100607;1;1;6800.0000;1;8556.0000;None;92400.0000
21189;2023-03-10 17:39:34.690000;7;2011;1;1;0.0000;1;8556.0000;None;92400.0000
21189;2023-03-10 18:07:47.647000;3;102637;1;1;9800.0000;1;8556.0000;None;92400.0000
21189;2023-03-10 18:07:47.647000;7;1207;1;1;0.0000;1;8556.0000;None;92400.0000
21190;2023-03-10 18:12:35.623000;1;100848;1;1;28800.0000;1;None;None;47400.0000
21190;2023-03-10 18:12:35.623000;1;100624;1;1;1000.0000;1;None;None;47400.0000
21190;2023-03-10 18:22:22.737000;1;102228;1;1;8800.0000;1;None;None;47400.0000
21190;2023-03-10 18:36:01.560000;3;102635;1;1;8800.0000;1;None;None;47400.0000
21190;2023-03-10 18:36:01.560000;7;2042;1;1;0.0000;1;None;None;47400.0000
21191;2023-03-10 18:33:06.403000;1;100855;1;1;28800.0000;1;2667.0000;None;28800.0000
21191;2023-03-10 18:33:06.403000;6;101061;1;1;0.0000;1;2667.0000;None;28800.0000
21192;2023-03-10 18:41:42.400000;1;100844;1;1;28800.0000;1;7815.0000;None;84400.0000
21192;2023-03-10 18:41:42.400000;7;1213;1;1;0.0000;1;7815.0000;None;84400.0000
21192;2023-03-10 18:41:42.400000;1;108794;1;1;48800.0000;1;7815.0000;None;84400.0000
21192;2023-03-10 18:41:42.400000;7;1006;1;1;0.0000;1;7815.0000;None;84400.0000
21192;2023-03-10 18:41:42.400000;3;201609;1;1;6800.0000;1;7815.0000;None;84400.0000
21192;2023-03-10 18:41:42.400000;7;1207;1;1;0.0000;1;7815.0000;None;84400.0000
21192;2023-03-10 18:41:42.400000;6;101061;1;1;0.0000;1;7815.0000;None;84400.0000
21193;2023-03-10 18:52:49.980000;1;102003;1;1;4800.0000;1;8889.0000;None;96000.0000
21193;2023-03-10 18:52:49.980000;7;1001;1;1;0.0000;1;8889.0000;None;96000.0000
21193;2023-03-10 18:52:49.980000;7;1001;1;1;0.0000;1;8889.0000;None;96000.0000
21193;2023-03-10 18:52:49.980000;1;102981;1;1;36800.0000;1;8889.0000;None;96000.0000
21193;2023-03-10 18:52:49.980000;1;101522;1;1;0.0000;1;8889.0000;None;96000.0000
21193;2023-03-10 18:52:49.980000;7;1205;1;1;0.0000;1;8889.0000;None;96000.0000
21193;2023-03-10 18:52:49.980000;1;102981;1;1;36800.0000;1;8889.0000;None;96000.0000
21193;2023-03-10 18:52:49.980000;1;101520;1;1;0.0000;1;8889.0000;None;96000.0000
21193;2023-03-10 18:52:49.980000;7;1205;1;1;0.0000;1;8889.0000;None;96000.0000
21193;2023-03-10 18:52:49.980000;3;102635;1;2;17600.0000;1;8889.0000;None;96000.0000
21193;2023-03-10 18:52:49.980000;7;2042;1;1;0.0000;1;8889.0000;None;96000.0000
21193;2023-03-10 18:52:49.980000;7;2042;1;1;0.0000;1;8889.0000;None;96000.0000
21193;2023-03-10 18:52:49.980000;6;101061;1;1;0.0000;1;8889.0000;None;96000.0000
21194;2023-03-10 18:58:00.813000;1;102003;1;2;9600.0000;1;5519.0000;None;59600.0000
21194;2023-03-10 18:58:00.813000;1;104690;1;2;9600.0000;1;5519.0000;None;59600.0000
21194;2023-03-10 18:58:00.813000;1;101319;1;1;26800.0000;1;5519.0000;None;59600.0000
21194;2023-03-10 19:08:27.293000;3;101216;1;2;13600.0000;1;5519.0000;None;59600.0000
21195;2023-03-10 19:01:34.233000;3;201269;1;1;6800.0000;1;5111.0000;None;55200.0000
21195;2023-03-10 19:01:34.233000;7;2050;1;1;0.0000;1;5111.0000;None;55200.0000
21195;2023-03-10 19:01:34.233000;1;101270;1;1;0.0000;1;5111.0000;None;55200.0000
21195;2023-03-10 19:01:34.233000;3;102886;1;1;5800.0000;1;5111.0000;None;55200.0000
21195;2023-03-10 19:01:34.233000;1;100846;1;1;30800.0000;1;5111.0000;None;55200.0000
21195;2023-03-10 19:01:48.850000;6;101061;1;1;0.0000;1;5111.0000;None;55200.0000
21195;2023-03-10 19:02:58.683000;1;103127;1;1;11800.0000;1;5111.0000;None;55200.0000
21195;2023-03-10 19:02:58.683000;7;1213;1;1;0.0000;1;5111.0000;None;55200.0000
21196;2023-03-10 19:14:56.597000;1;108795;1;1;49800.0000;1;5056.0000;None;54600.0000
21196;2023-03-10 19:14:56.597000;7;1006;1;1;0.0000;1;5056.0000;None;54600.0000
21196;2023-03-10 19:14:56.597000;3;102747;1;1;4800.0000;1;5056.0000;None;54600.0000
21196;2023-03-10 19:14:56.597000;6;101061;1;1;0.0000;1;5056.0000;None;54600.0000
21197;2023-03-10 19:18:07.507000;1;100844;1;1;28800.0000;1;6037.0000;None;65200.0000
21197;2023-03-10 19:18:07.507000;1;102952;1;1;22800.0000;1;6037.0000;None;65200.0000
21197;2023-03-10 19:18:07.507000;6;101061;1;1;0.0000;1;6037.0000;None;65200.0000
21197;2023-03-10 19:18:07.507000;3;201269;1;1;6800.0000;1;6037.0000;None;65200.0000
21197;2023-03-10 19:18:07.507000;3;201269;1;1;6800.0000;1;6037.0000;None;65200.0000
21197;2023-03-10 19:18:07.507000;1;101270;2;1;0.0000;1;6037.0000;None;65200.0000
21197;2023-03-10 19:18:07.507000;1;101270;2;1;0.0000;1;6037.0000;None;65200.0000
21198;2023-03-10 19:20:36.970000;1;102003;1;1;4800.0000;1;2333.0000;None;25200.0000
21198;2023-03-10 19:20:36.970000;7;1001;1;1;0.0000;1;2333.0000;None;25200.0000
21198;2023-03-10 19:20:36.970000;7;1001;1;1;0.0000;1;2333.0000;None;25200.0000
21198;2023-03-10 19:20:36.970000;3;102747;1;1;4800.0000;1;2333.0000;None;25200.0000
21198;2023-03-10 19:20:36.970000;3;102631;1;1;7800.0000;1;2333.0000;None;25200.0000
21198;2023-03-10 19:32:27.637000;3;102631;1;1;7800.0000;1;2333.0000;None;25200.0000
21199;2023-03-10 19:22:26.613000;1;101954;1;1;19800.0000;1;7333.0000;None;79200.0000
21199;2023-03-10 19:22:26.613000;1;104293;1;1;44800.0000;1;7333.0000;None;79200.0000
21199;2023-03-10 19:22:26.613000;7;1006;1;1;0.0000;1;7333.0000;None;79200.0000
21199;2023-03-10 19:22:26.613000;1;101520;1;1;0.0000;1;7333.0000;None;79200.0000
21199;2023-03-10 19:22:26.613000;6;101061;1;1;0.0000;1;7333.0000;None;79200.0000
21199;2023-03-10 19:22:26.613000;3;102619;1;1;7800.0000;1;7333.0000;None;79200.0000
21199;2023-03-10 19:22:26.613000;3;201609;1;1;6800.0000;1;7333.0000;None;79200.0000
21199;2023-03-10 19:22:26.613000;3;102635;1;1;8800.0000;1;7333.0000;None;79200.0000
21199;2023-03-10 19:54:28.617000;3;102635;1;-1;-8800.0000;1;7333.0000;None;79200.0000
21200;2023-03-10 19:26:24.837000;1;100845;1;1;28800.0000;1;7685.0000;None;83000.0000
21200;2023-03-10 19:26:24.837000;1;100845;1;1;28800.0000;1;7685.0000;None;83000.0000
21200;2023-03-10 19:26:24.837000;3;102635;1;1;8800.0000;1;7685.0000;None;83000.0000
21200;2023-03-10 19:26:24.837000;7;2042;1;1;0.0000;1;7685.0000;None;83000.0000
21200;2023-03-10 19:26:24.837000;3;102631;1;1;7800.0000;1;7685.0000;None;83000.0000
21200;2023-03-10 19:26:24.837000;6;101061;1;1;0.0000;1;7685.0000;None;83000.0000
21200;2023-03-10 19:47:16.060000;3;102635;1;1;8800.0000;1;7685.0000;None;83000.0000
21200;2023-03-10 19:47:16.060000;7;2042;1;1;0.0000;1;7685.0000;None;83000.0000
21201;2023-03-10 19:31:19.950000;3;102747;1;1;4800.0000;1;9259.0000;None;100000.0000
21201;2023-03-10 19:31:19.950000;3;102637;1;1;9800.0000;1;9259.0000;None;100000.0000
21201;2023-03-10 19:31:19.950000;1;102912;1;1;21800.0000;1;9259.0000;None;100000.0000
21201;2023-03-10 19:31:19.950000;1;101127;1;1;36800.0000;1;9259.0000;None;100000.0000
21201;2023-03-10 19:31:19.950000;6;101061;1;1;0.0000;1;9259.0000;None;100000.0000
21201;2023-03-10 19:32:51.123000;1;100847;1;1;26800.0000;1;9259.0000;None;100000.0000
21201;2023-03-10 19:32:51.123000;7;1208;1;1;0.0000;1;9259.0000;None;100000.0000
21201;2023-03-10 19:32:51.123000;7;1208;1;1;0.0000;1;9259.0000;None;100000.0000
21202;2023-03-10 19:36:13.880000;3;102645;1;1;7800.0000;1;4389.0000;None;47400.0000
21202;2023-03-10 19:36:13.880000;3;102635;1;1;8800.0000;1;4389.0000;None;47400.0000
21202;2023-03-10 19:36:13.880000;1;102902;1;1;31800.0000;1;4389.0000;None;47400.0000
21202;2023-03-10 19:36:13.880000;7;1205;1;1;0.0000;1;4389.0000;None;47400.0000
21202;2023-03-10 19:36:13.880000;1;101522;2;1;0.0000;1;4389.0000;None;47400.0000
21202;2023-03-10 19:36:13.880000;6;101061;1;1;0.0000;1;4389.0000;None;47400.0000
21202;2023-03-10 19:42:12.630000;3;102645;1;-1;-7800.0000;1;4389.0000;None;47400.0000
21202;2023-03-10 19:42:12.630000;3;102644;1;1;6800.0000;1;4389.0000;None;47400.0000
21204;2023-03-10 19:52:13.023000;1;103771;1;1;12800.0000;1;3093.0000;None;33400.0000
21204;2023-03-10 19:52:13.023000;1;102952;1;1;22800.0000;1;3093.0000;None;33400.0000
21204;2023-03-10 19:52:13.023000;3;201146;1;1;6800.0000;1;3093.0000;None;33400.0000
21204;2023-03-10 19:53:46.430000;1;100860;1;1;13800.0000;1;3093.0000;None;33400.0000
21204;2023-03-10 19:53:46.430000;7;1213;1;1;0.0000;1;3093.0000;None;33400.0000
21204;2023-03-10 19:53:46.430000;1;102952;1;-1;-22800.0000;1;3093.0000;None;33400.0000
21205;2023-03-10 19:44:35.593000;1;103771;1;2;25600.0000;1;9407.0000;None;101600.0000
21205;2023-03-10 19:44:35.593000;7;1001;1;1;0.0000;1;9407.0000;None;101600.0000
21205;2023-03-10 19:44:35.593000;1;102668;1;1;36800.0000;1;9407.0000;None;101600.0000
21205;2023-03-10 19:44:35.593000;7;1213;1;1;0.0000;1;9407.0000;None;101600.0000
21205;2023-03-10 19:44:35.593000;7;1001;1;1;0.0000;1;9407.0000;None;101600.0000
21205;2023-03-10 19:44:35.593000;1;101114;1;1;12800.0000;1;9407.0000;None;101600.0000
21205;2023-03-10 19:44:35.593000;7;1213;1;1;0.0000;1;9407.0000;None;101600.0000
21205;2023-03-10 19:44:35.593000;3;102747;1;1;4800.0000;1;9407.0000;None;101600.0000
21205;2023-03-10 19:44:35.593000;7;2042;1;1;0.0000;1;9407.0000;None;101600.0000
21205;2023-03-10 19:44:35.593000;3;102747;1;1;4800.0000;1;9407.0000;None;101600.0000
21205;2023-03-10 19:44:35.593000;3;201207;1;1;6800.0000;1;9407.0000;None;101600.0000
21205;2023-03-10 19:44:35.593000;7;2011;1;1;0.0000;1;9407.0000;None;101600.0000
21205;2023-03-10 19:44:35.593000;7;2011;1;1;0.0000;1;9407.0000;None;101600.0000
21205;2023-03-10 19:57:00.380000;1;103771;1;-2;-25600.0000;1;9407.0000;None;101600.0000
21205;2023-03-10 19:57:00.380000;7;1001;1;-1;0.0000;1;9407.0000;None;101600.0000
21205;2023-03-10 19:57:00.380000;1;103772;1;1;17800.0000;1;9407.0000;None;101600.0000
21205;2023-03-10 19:57:00.380000;1;103772;1;1;17800.0000;1;9407.0000;None;101600.0000
