9704;2023-03-13 12:17:26.663000;3;201146;1;1;6800.0000;1;7982.0000;None;86200.0000
9704;2023-03-13 12:17:26.663000;1;101270;1;1;0.0000;1;7982.0000;None;86200.0000
9704;2023-03-13 12:17:26.663000;3;201269;1;1;6800.0000;1;7982.0000;None;86200.0000
9704;2023-03-13 12:17:26.663000;1;101270;1;1;0.0000;1;7982.0000;None;86200.0000
9704;2023-03-13 13:24:00.597000;1;102671;1;1;38800.0000;1;7982.0000;None;86200.0000
9704;2023-03-13 13:24:00.597000;1;102672;1;1;33800.0000;1;7982.0000;None;86200.0000
9704;2023-03-13 13:24:00.597000;6;101061;1;1;0.0000;1;7982.0000;None;86200.0000
9705;2023-03-13 12:22:59.357000;1;101954;1;1;19800.0000;1;11259.0000;None;121600.0000
9705;2023-03-13 12:22:59.357000;7;1001;1;1;0.0000;1;11259.0000;None;121600.0000
9705;2023-03-13 12:22:59.357000;7;1001;1;1;0.0000;1;11259.0000;None;121600.0000
9705;2023-03-13 12:22:59.357000;1;102498;1;1;34800.0000;1;11259.0000;None;121600.0000
9705;2023-03-13 12:22:59.357000;6;103488;1;1;0.0000;1;11259.0000;None;121600.0000
9705;2023-03-13 12:22:59.357000;7;1205;1;1;0.0000;1;11259.0000;None;121600.0000
9705;2023-03-13 12:22:59.357000;1;101522;2;1;0.0000;1;11259.0000;None;121600.0000
9705;2023-03-13 12:22:59.357000;3;102749;1;1;5800.0000;1;11259.0000;None;121600.0000
9705;2023-03-13 12:22:59.357000;3;201207;1;1;6800.0000;1;11259.0000;None;121600.0000
9705;2023-03-13 12:22:59.357000;1;103955;1;1;41800.0000;1;11259.0000;None;121600.0000
9705;2023-03-13 12:22:59.357000;1;101522;1;1;0.0000;1;11259.0000;None;121600.0000
9705;2023-03-13 12:22:59.357000;7;1026;1;1;0.0000;1;11259.0000;None;121600.0000
9705;2023-03-13 12:22:59.357000;6;101061;1;1;0.0000;1;11259.0000;None;121600.0000
9705;2023-03-13 12:46:43.887000;3;102749;1;1;5800.0000;1;11259.0000;None;121600.0000
9705;2023-03-13 12:46:43.887000;3;201207;1;1;6800.0000;1;11259.0000;None;121600.0000
9706;2023-03-13 12:26:45.723000;1;103750;1;1;13800.0000;1;2556.0000;None;27600.0000
9706;2023-03-13 12:26:45.723000;7;1001;1;1;0.0000;1;2556.0000;None;27600.0000
9706;2023-03-13 12:26:45.723000;7;1001;1;1;0.0000;1;2556.0000;None;27600.0000
9706;2023-03-13 12:52:17.923000;1;103750;1;1;13800.0000;1;2556.0000;None;27600.0000
9706;2023-03-13 12:52:17.923000;7;1001;1;1;0.0000;1;2556.0000;None;27600.0000
9706;2023-03-13 12:52:17.923000;7;1001;1;1;0.0000;1;2556.0000;None;27600.0000
9707;2023-03-13 12:29:03.177000;1;100844;1;1;28800.0000;1;3481.0000;None;37600.0000
9707;2023-03-13 12:29:03.177000;3;102635;1;1;8800.0000;1;3481.0000;None;37600.0000
9707;2023-03-13 12:29:03.177000;6;101061;1;1;0.0000;1;3481.0000;None;37600.0000
9708;2023-03-13 12:44:04.950000;1;104690;1;4;19200.0000;1;11444.0000;None;123600.0000
9708;2023-03-13 12:44:04.950000;3;102637;1;1;9800.0000;1;11444.0000;None;123600.0000
9708;2023-03-13 12:44:04.950000;7;2042;1;1;0.0000;1;11444.0000;None;123600.0000
9708;2023-03-13 12:44:04.950000;3;102644;1;2;13600.0000;1;11444.0000;None;123600.0000
9708;2023-03-13 12:44:04.950000;7;2042;1;1;0.0000;1;11444.0000;None;123600.0000
9708;2023-03-13 12:44:04.950000;7;2042;1;1;0.0000;1;11444.0000;None;123600.0000
9708;2023-03-13 12:44:04.950000;3;102639;1;1;9800.0000;1;11444.0000;None;123600.0000
9708;2023-03-13 12:44:04.950000;7;2036;1;1;0.0000;1;11444.0000;None;123600.0000
9708;2023-03-13 12:44:15.720000;1;104690;1;1;4800.0000;1;11444.0000;None;123600.0000
9708;2023-03-13 12:45:35.567000;1;103551;1;1;49800.0000;1;11444.0000;None;123600.0000
9708;2023-03-13 12:45:35.567000;7;1213;1;1;0.0000;1;11444.0000;None;123600.0000
9708;2023-03-13 13:04:58.977000;1;103773;1;1;9800.0000;1;11444.0000;None;123600.0000
9708;2023-03-13 13:14:11.923000;3;201207;1;1;6800.0000;1;11444.0000;None;123600.0000
9709;2023-03-13 12:47:29.270000;1;102495;1;1;33800.0000;1;6778.0000;None;73200.0000
9709;2023-03-13 12:47:29.270000;7;1002;1;1;0.0000;1;6778.0000;None;73200.0000
9709;2023-03-13 12:47:29.270000;1;101522;2;1;0.0000;1;6778.0000;None;73200.0000
9709;2023-03-13 12:47:29.270000;7;1054;1;1;0.0000;1;6778.0000;None;73200.0000
9709;2023-03-13 12:47:29.270000;7;1054;1;1;0.0000;1;6778.0000;None;73200.0000
9709;2023-03-13 12:47:29.270000;1;100852;1;1;26800.0000;1;6778.0000;None;73200.0000
9709;2023-03-13 12:47:29.270000;3;104446;1;1;5800.0000;1;6778.0000;None;73200.0000
9709;2023-03-13 12:47:29.270000;7;2072;1;1;0.0000;1;6778.0000;None;73200.0000
9709;2023-03-13 12:47:29.270000;3;201207;1;1;6800.0000;1;6778.0000;None;73200.0000
9709;2023-03-13 12:47:29.270000;6;101061;1;1;0.0000;1;6778.0000;None;73200.0000
9710;2023-03-13 12:48:14.157000;1;100854;1;1;26800.0000;1;3648.0000;None;39400.0000
9710;2023-03-13 12:48:14.157000;7;1213;1;1;0.0000;1;3648.0000;None;39400.0000
9710;2023-03-13 12:48:14.157000;1;102161;1;1;5800.0000;1;3648.0000;None;39400.0000
9710;2023-03-13 12:48:14.157000;3;201609;1;1;6800.0000;1;3648.0000;None;39400.0000
9710;2023-03-13 12:48:14.157000;6;101061;1;1;0.0000;1;3648.0000;None;39400.0000
9711;2023-03-13 12:56:42.413000;1;103759;1;1;10800.0000;1;None;None;59400.0000
9711;2023-03-13 12:56:42.413000;1;103515;1;1;44800.0000;1;None;None;59400.0000
9711;2023-03-13 12:56:42.413000;7;1213;1;1;0.0000;1;None;None;59400.0000
9711;2023-03-13 12:57:12.013000;1;102141;1;1;3800.0000;1;None;None;59400.0000
9712;2023-03-13 13:00:25.683000;1;104294;1;1;65800.0000;1;10111.0000;None;109200.0000
9712;2023-03-13 13:00:25.683000;1;101522;1;1;0.0000;1;10111.0000;None;109200.0000
9712;2023-03-13 13:00:25.683000;7;1006;1;1;0.0000;1;10111.0000;None;109200.0000
9712;2023-03-13 13:00:25.683000;1;103171;1;1;28800.0000;1;10111.0000;None;109200.0000
9712;2023-03-13 13:00:25.683000;6;104684;1;1;0.0000;1;10111.0000;None;109200.0000
9712;2023-03-13 13:00:25.683000;7;1008;1;1;0.0000;1;10111.0000;None;109200.0000
9712;2023-03-13 13:00:25.683000;7;1008;1;1;0.0000;1;10111.0000;None;109200.0000
9712;2023-03-13 13:00:25.683000;7;1054;1;1;0.0000;1;10111.0000;None;109200.0000
9712;2023-03-13 13:00:25.683000;7;1054;1;1;0.0000;1;10111.0000;None;109200.0000
9712;2023-03-13 13:00:25.683000;3;102649;1;1;5800.0000;1;10111.0000;None;109200.0000
9712;2023-03-13 13:00:25.683000;7;2042;1;1;0.0000;1;10111.0000;None;109200.0000
9712;2023-03-13 13:00:25.683000;3;102635;1;1;8800.0000;1;10111.0000;None;109200.0000
9712;2023-03-13 13:00:25.683000;7;2042;1;1;0.0000;1;10111.0000;None;109200.0000
9712;2023-03-13 13:00:25.683000;6;101061;1;1;0.0000;1;10111.0000;None;109200.0000
9713;2023-03-13 13:00:54.360000;1;102680;1;1;36800.0000;1;11278.0000;None;121800.0000
9713;2023-03-13 13:00:54.360000;1;102678;1;1;36800.0000;1;11278.0000;None;121800.0000
9713;2023-03-13 13:00:54.360000;1;105406;1;1;27800.0000;1;11278.0000;None;121800.0000
9713;2023-03-13 13:00:54.360000;3;201207;1;1;6800.0000;1;11278.0000;None;121800.0000
9713;2023-03-13 13:00:54.360000;3;201207;1;1;6800.0000;1;11278.0000;None;121800.0000
9713;2023-03-13 13:00:54.360000;3;201609;1;1;6800.0000;1;11278.0000;None;121800.0000
9713;2023-03-13 13:00:54.360000;6;101061;1;1;0.0000;1;11278.0000;None;121800.0000
9714;2023-03-13 13:03:00.563000;1;100845;1;1;28800.0000;1;8917.0000;None;96300.0000
9714;2023-03-13 13:03:00.563000;1;104670;1;1;14800.0000;1;8917.0000;None;96300.0000
9714;2023-03-13 13:03:00.563000;1;100850;1;1;22800.0000;1;8917.0000;None;96300.0000
9714;2023-03-13 13:03:00.563000;3;102635;1;2;17600.0000;1;8917.0000;None;96300.0000
9714;2023-03-13 13:03:00.563000;3;102641;1;1;10800.0000;1;8917.0000;None;96300.0000
9714;2023-03-13 13:03:00.563000;6;101061;1;1;0.0000;1;8917.0000;None;96300.0000
9714;2023-03-13 13:18:42.167000;1;102286;1;1;1500.0000;1;8917.0000;None;96300.0000
9716;2023-03-13 13:09:35.397000;1;103773;1;1;9800.0000;1;11907.0000;None;128600.0000
9716;2023-03-13 13:09:35.397000;7;1001;1;1;0.0000;1;11907.0000;None;128600.0000
9716;2023-03-13 13:09:35.397000;7;1001;1;1;0.0000;1;11907.0000;None;128600.0000
9716;2023-03-13 13:09:35.397000;1;100855;1;1;28800.0000;1;11907.0000;None;128600.0000
9716;2023-03-13 13:09:35.397000;1;100848;1;1;28800.0000;1;11907.0000;None;128600.0000
9716;2023-03-13 13:09:35.397000;7;1213;1;1;0.0000;1;11907.0000;None;128600.0000
9716;2023-03-13 13:09:35.397000;1;102501;1;1;39800.0000;1;11907.0000;None;128600.0000
9716;2023-03-13 13:09:35.397000;6;101561;1;1;0.0000;1;11907.0000;None;128600.0000
9716;2023-03-13 13:09:35.397000;7;1006;1;1;0.0000;1;11907.0000;None;128600.0000
9716;2023-03-13 13:09:35.397000;1;101522;2;1;0.0000;1;11907.0000;None;128600.0000
9716;2023-03-13 13:09:35.397000;6;101061;1;1;0.0000;1;11907.0000;None;128600.0000
9716;2023-03-13 13:09:35.397000;3;102645;1;1;7800.0000;1;11907.0000;None;128600.0000
9716;2023-03-13 13:09:35.397000;3;201146;1;1;6800.0000;1;11907.0000;None;128600.0000
9716;2023-03-13 13:09:35.397000;3;200644;1;1;6800.0000;1;11907.0000;None;128600.0000
9716;2023-03-13 13:09:35.397000;1;101270;1;1;0.0000;1;11907.0000;None;128600.0000
9716;2023-03-13 13:09:35.397000;7;1207;1;1;0.0000;1;11907.0000;None;128600.0000
9717;2023-03-13 13:05:12.223000;1;103771;1;1;12800.0000;1;5944.0000;None;64200.0000
9717;2023-03-13 13:05:12.223000;7;1001;1;1;0.0000;1;5944.0000;None;64200.0000
9717;2023-03-13 13:05:12.223000;7;1001;1;1;0.0000;1;5944.0000;None;64200.0000
9717;2023-03-13 13:05:12.223000;1;102951;1;1;39800.0000;1;5944.0000;None;64200.0000
9717;2023-03-13 13:05:12.223000;7;1213;1;1;0.0000;1;5944.0000;None;64200.0000
9717;2023-03-13 13:05:12.223000;3;200644;1;1;6800.0000;1;5944.0000;None;64200.0000
9717;2023-03-13 13:05:12.223000;1;101270;1;1;0.0000;1;5944.0000;None;64200.0000
9717;2023-03-13 13:05:12.223000;3;104554;1;1;4800.0000;1;5944.0000;None;64200.0000
9717;2023-03-13 13:05:12.223000;7;2011;1;1;0.0000;1;5944.0000;None;64200.0000
9717;2023-03-13 13:05:12.223000;6;101061;1;1;0.0000;1;5944.0000;None;64200.0000
9718;2023-03-13 13:21:35.243000;1;102676;1;2;61600.0000;1;None;None;125600.0000
9718;2023-03-13 13:21:35.243000;6;101061;1;1;0.0000;1;None;None;125600.0000
9718;2023-03-13 13:21:35.243000;3;104554;1;1;4800.0000;1;None;None;125600.0000
9718;2023-03-13 13:21:35.243000;7;2011;1;1;0.0000;1;None;None;125600.0000
9718;2023-03-13 13:21:35.243000;3;201609;1;1;6800.0000;1;None;None;125600.0000
9718;2023-03-13 13:32:46.847000;1;102676;1;1;30800.0000;1;None;None;125600.0000
9718;2023-03-13 13:32:46.847000;7;1213;1;1;0.0000;1;None;None;125600.0000
9718;2023-03-13 13:46:21.733000;1;103372;1;1;15800.0000;1;None;None;125600.0000
9718;2023-03-13 13:51:56.423000;3;100596;1;1;5800.0000;1;None;None;125600.0000
9718;2023-03-13 13:51:56.423000;7;2070;1;1;0.0000;1;None;None;125600.0000
9719;2023-03-13 13:22:14.697000;1;102673;1;1;36800.0000;1;7333.0000;None;79200.0000
9719;2023-03-13 13:22:14.697000;1;100848;1;1;28800.0000;1;7333.0000;None;79200.0000
9719;2023-03-13 13:22:14.697000;3;201609;1;2;13600.0000;1;7333.0000;None;79200.0000
9719;2023-03-13 13:22:14.697000;6;101061;1;1;0.0000;1;7333.0000;None;79200.0000
9720;2023-03-13 13:29:16.833000;1;104294;1;1;65800.0000;1;16370.0000;None;176800.0000
9720;2023-03-13 13:29:16.833000;6;104684;1;1;0.0000;1;16370.0000;None;176800.0000
9720;2023-03-13 13:29:16.833000;7;1006;1;1;0.0000;1;16370.0000;None;176800.0000
9720;2023-03-13 13:29:16.833000;1;104294;1;1;65800.0000;1;16370.0000;None;176800.0000
9720;2023-03-13 13:29:16.833000;1;101520;1;1;0.0000;1;16370.0000;None;176800.0000
9720;2023-03-13 13:29:16.833000;7;1205;1;1;0.0000;1;16370.0000;None;176800.0000
9720;2023-03-13 13:29:16.833000;3;102638;1;2;21600.0000;1;16370.0000;None;176800.0000
9720;2023-03-13 13:29:16.833000;6;101061;1;1;0.0000;1;16370.0000;None;176800.0000
9720;2023-03-13 13:33:24.890000;1;103771;1;1;12800.0000;1;16370.0000;None;176800.0000
9720;2023-03-13 13:33:24.890000;7;1213;1;1;0.0000;1;16370.0000;None;176800.0000
9720;2023-03-13 14:00:18.690000;3;102638;1;1;10800.0000;1;16370.0000;None;176800.0000
9721;2023-03-13 13:32:13.373000;1;103771;1;1;12800.0000;1;14926.0000;None;161200.0000
9721;2023-03-13 13:32:13.373000;1;102132;1;1;6800.0000;1;14926.0000;None;161200.0000
9721;2023-03-13 13:32:13.373000;7;1001;1;1;0.0000;1;14926.0000;None;161200.0000
9721;2023-03-13 13:32:13.373000;7;1001;1;1;0.0000;1;14926.0000;None;161200.0000
9721;2023-03-13 13:32:13.373000;1;103955;1;1;41800.0000;1;14926.0000;None;161200.0000
9721;2023-03-13 13:32:13.373000;1;101520;1;1;0.0000;1;14926.0000;None;161200.0000
9721;2023-03-13 13:32:13.373000;7;1026;1;1;0.0000;1;14926.0000;None;161200.0000
9721;2023-03-13 13:32:13.373000;1;103955;1;1;41800.0000;1;14926.0000;None;161200.0000
9721;2023-03-13 13:32:13.373000;1;101433;1;1;0.0000;1;14926.0000;None;161200.0000
9721;2023-03-13 13:32:13.373000;7;1026;1;1;0.0000;1;14926.0000;None;161200.0000
9721;2023-03-13 13:32:13.373000;7;1213;1;1;0.0000;1;14926.0000;None;161200.0000
9721;2023-03-13 13:32:13.373000;7;1213;1;1;0.0000;1;14926.0000;None;161200.0000
9721;2023-03-13 13:32:13.373000;1;102132;1;1;6800.0000;1;14926.0000;None;161200.0000
9721;2023-03-13 13:32:13.373000;3;201146;1;1;6800.0000;1;14926.0000;None;161200.0000
9721;2023-03-13 13:32:13.373000;7;2050;1;1;0.0000;1;14926.0000;None;161200.0000
9721;2023-03-13 13:32:13.373000;3;201146;1;2;13600.0000;1;14926.0000;None;161200.0000
9721;2023-03-13 13:32:13.373000;7;2042;1;1;0.0000;1;14926.0000;None;161200.0000
9721;2023-03-13 13:32:13.373000;7;2042;1;1;0.0000;1;14926.0000;None;161200.0000
9721;2023-03-13 13:32:13.373000;1;100846;1;1;30800.0000;1;14926.0000;None;161200.0000
9721;2023-03-13 13:32:13.373000;6;101061;1;1;0.0000;1;14926.0000;None;161200.0000
9721;2023-03-13 13:34:01.837000;1;101270;2;2;0.0000;1;14926.0000;None;161200.0000
9721;2023-03-13 13:38:22.223000;1;101270;2;1;0.0000;1;14926.0000;None;161200.0000
9721;2023-03-13 13:38:22.223000;7;2049;1;1;0.0000;1;14926.0000;None;161200.0000
9721;2023-03-13 13:38:22.223000;7;2049;1;1;0.0000;1;14926.0000;None;161200.0000
9721;2023-03-13 13:53:41.797000;1;101270;2;1;0.0000;1;14926.0000;None;161200.0000
9722;2023-03-13 13:35:22.520000;3;200644;1;1;6800.0000;1;10056.0000;None;108600.0000
9722;2023-03-13 13:35:22.520000;1;101270;1;1;0.0000;1;10056.0000;None;108600.0000
9722;2023-03-13 13:35:22.520000;1;102680;1;1;36800.0000;1;10056.0000;None;108600.0000
9722;2023-03-13 13:35:22.520000;7;1213;1;1;0.0000;1;10056.0000;None;108600.0000
9722;2023-03-13 13:35:22.520000;7;1213;1;1;0.0000;1;10056.0000;None;108600.0000
9722;2023-03-13 13:35:22.520000;1;102296;1;1;2800.0000;1;10056.0000;None;108600.0000
9722;2023-03-13 13:35:22.520000;1;102676;1;1;30800.0000;1;10056.0000;None;108600.0000
9722;2023-03-13 13:35:22.520000;7;1213;1;1;0.0000;1;10056.0000;None;108600.0000
9722;2023-03-13 13:35:22.520000;6;101061;1;1;0.0000;1;10056.0000;None;108600.0000
9722;2023-03-13 13:46:02.723000;3;201609;1;1;6800.0000;1;10056.0000;None;108600.0000
9722;2023-03-13 13:49:03;1;102228;1;1;8800.0000;1;10056.0000;None;108600.0000
9722;2023-03-13 14:00:35.627000;1;103372;1;1;15800.0000;1;10056.0000;None;108600.0000
9723;2023-03-13 13:51:14.007000;1;103131;1;1;10800.0000;1;23241.0000;None;251000.0000
9723;2023-03-13 13:51:14.007000;1;104690;1;1;4800.0000;1;23241.0000;None;251000.0000
9723;2023-03-13 13:51:14.007000;7;1001;1;1;0.0000;1;23241.0000;None;251000.0000
9723;2023-03-13 13:51:14.007000;7;1001;1;1;0.0000;1;23241.0000;None;251000.0000
9723;2023-03-13 13:51:14.007000;1;104294;1;1;65800.0000;1;23241.0000;None;251000.0000
9723;2023-03-13 13:51:14.007000;1;105065;1;1;0.0000;1;23241.0000;None;251000.0000
9723;2023-03-13 13:51:14.007000;7;1007;1;1;0.0000;1;23241.0000;None;251000.0000
9723;2023-03-13 13:51:14.007000;1;104294;1;1;65800.0000;1;23241.0000;None;251000.0000
9723;2023-03-13 13:51:14.007000;1;101520;1;1;0.0000;1;23241.0000;None;251000.0000
9723;2023-03-13 13:51:14.007000;7;1007;1;1;0.0000;1;23241.0000;None;251000.0000
9723;2023-03-13 13:51:14.007000;1;102132;1;1;6800.0000;1;23241.0000;None;251000.0000
9723;2023-03-13 13:51:14.007000;3;102644;1;1;6800.0000;1;23241.0000;None;251000.0000
9723;2023-03-13 13:51:14.007000;3;100614;1;1;5800.0000;1;23241.0000;None;251000.0000
9723;2023-03-13 13:51:14.007000;7;2011;1;1;0.0000;1;23241.0000;None;251000.0000
9723;2023-03-13 13:51:14.007000;7;2011;1;1;0.0000;1;23241.0000;None;251000.0000
9723;2023-03-13 13:59:13.400000;1;103131;1;1;10800.0000;1;23241.0000;None;251000.0000
9723;2023-03-13 13:59:13.400000;1;102903;1;2;73600.0000;1;23241.0000;None;251000.0000
9723;2023-03-13 13:59:13.400000;6;103488;1;1;0.0000;1;23241.0000;None;251000.0000
9723;2023-03-13 13:59:13.400000;7;1007;1;1;0.0000;1;23241.0000;None;251000.0000
9723;2023-03-13 13:59:13.400000;1;101522;2;1;0.0000;1;23241.0000;None;251000.0000
9723;2023-03-13 13:59:13.400000;7;1157;1;1;0.0000;1;23241.0000;None;251000.0000
9723;2023-03-13 13:59:13.400000;7;1157;1;1;0.0000;1;23241.0000;None;251000.0000
9723;2023-03-13 13:59:13.400000;7;1157;1;1;0.0000;1;23241.0000;None;251000.0000
9724;2023-03-13 13:52:44.927000;1;103340;1;1;30800.0000;1;8667.0000;None;93600.0000
9724;2023-03-13 13:52:44.927000;1;101520;1;1;0.0000;1;8667.0000;None;93600.0000
9724;2023-03-13 13:52:44.927000;7;1213;1;1;0.0000;1;8667.0000;None;93600.0000
9724;2023-03-13 13:52:44.927000;3;201609;1;2;13600.0000;1;8667.0000;None;93600.0000
9724;2023-03-13 13:52:44.927000;6;101061;1;1;0.0000;1;8667.0000;None;93600.0000
9724;2023-03-13 14:29:01.547000;1;104690;1;4;19200.0000;1;8667.0000;None;93600.0000
9724;2023-03-13 14:43:21.377000;3;100614;1;1;5800.0000;1;8667.0000;None;93600.0000
9724;2023-03-13 14:43:21.377000;7;1207;1;1;0.0000;1;8667.0000;None;93600.0000
9724;2023-03-13 15:45:19.960000;3;100614;1;1;5800.0000;1;8667.0000;None;93600.0000
9724;2023-03-13 16:28:57.120000;3;100614;1;2;11600.0000;1;8667.0000;None;93600.0000
9724;2023-03-13 16:28:57.120000;3;201146;1;1;6800.0000;1;8667.0000;None;93600.0000
9724;2023-03-13 16:28:57.120000;7;2050;1;1;0.0000;1;8667.0000;None;93600.0000
9725;2023-03-13 13:56:27.450000;1;103171;1;1;28800.0000;1;13907.0000;None;150200.0000
9725;2023-03-13 13:56:27.450000;1;101520;1;1;0.0000;1;13907.0000;None;150200.0000
9725;2023-03-13 13:56:27.450000;7;1008;3;1;0.0000;1;13907.0000;None;150200.0000
9725;2023-03-13 13:56:27.450000;7;1008;3;1;0.0000;1;13907.0000;None;150200.0000
9725;2023-03-13 13:56:27.450000;7;1054;1;1;0.0000;1;13907.0000;None;150200.0000
9725;2023-03-13 13:56:27.450000;7;1054;1;1;0.0000;1;13907.0000;None;150200.0000
9725;2023-03-13 13:56:27.450000;1;104294;1;1;65800.0000;1;13907.0000;None;150200.0000
9725;2023-03-13 13:56:27.450000;6;104684;1;1;0.0000;1;13907.0000;None;150200.0000
9725;2023-03-13 13:56:27.450000;7;1002;1;1;0.0000;1;13907.0000;None;150200.0000
9725;2023-03-13 13:56:27.450000;3;201609;1;2;13600.0000;1;13907.0000;None;150200.0000
9725;2023-03-13 13:56:27.450000;7;2042;1;1;0.0000;1;13907.0000;None;150200.0000
9725;2023-03-13 13:56:27.450000;7;2042;1;1;0.0000;1;13907.0000;None;150200.0000
9725;2023-03-13 13:56:27.450000;6;101061;1;1;0.0000;1;13907.0000;None;150200.0000
9725;2023-03-13 13:57:50.670000;1;103759;1;1;10800.0000;1;13907.0000;None;150200.0000
9725;2023-03-13 13:57:50.670000;1;103771;1;1;12800.0000;1;13907.0000;None;150200.0000
9725;2023-03-13 13:57:50.670000;7;1001;1;1;0.0000;1;13907.0000;None;150200.0000
9725;2023-03-13 13:57:50.670000;7;1001;1;1;0.0000;1;13907.0000;None;150200.0000
9725;2023-03-13 13:57:50.670000;7;1001;1;1;0.0000;1;13907.0000;None;150200.0000
9725;2023-03-13 13:57:50.670000;7;1213;1;1;0.0000;1;13907.0000;None;150200.0000
9725;2023-03-13 14:17:40.910000;1;102132;1;1;6800.0000;1;13907.0000;None;150200.0000
9725;2023-03-13 14:39:03.990000;3;100613;1;2;11600.0000;1;13907.0000;None;150200.0000
9726;2023-03-13 14:09:29.220000;1;105188;1;1;31800.0000;1;3574.0000;None;38600.0000
9726;2023-03-13 14:09:29.220000;3;201146;1;1;6800.0000;1;3574.0000;None;38600.0000
9726;2023-03-13 14:09:29.220000;1;101270;1;1;0.0000;1;3574.0000;None;38600.0000
9726;2023-03-13 14:09:29.220000;6;101061;1;1;0.0000;1;3574.0000;None;38600.0000
9728;2023-03-13 14:29:29.907000;1;102981;1;1;36800.0000;1;4222.0000;None;45600.0000
9728;2023-03-13 14:29:29.907000;1;101522;1;1;0.0000;1;4222.0000;None;45600.0000
9728;2023-03-13 14:29:29.907000;7;1006;1;1;0.0000;1;4222.0000;None;45600.0000
9728;2023-03-13 14:29:29.907000;3;102635;1;1;8800.0000;1;4222.0000;None;45600.0000
9728;2023-03-13 14:29:29.907000;7;2042;1;1;0.0000;1;4222.0000;None;45600.0000
9728;2023-03-13 14:29:29.907000;6;101061;1;1;0.0000;1;4222.0000;None;45600.0000
9729;2023-03-13 14:14:21.807000;1;105647;1;1;69800.0000;1;15259.0000;None;164800.0000
9729;2023-03-13 14:14:21.807000;6;104684;1;1;0.0000;1;15259.0000;None;164800.0000
9729;2023-03-13 14:14:21.807000;7;1026;1;1;0.0000;1;15259.0000;None;164800.0000
9729;2023-03-13 14:14:21.807000;1;101073;1;1;69800.0000;1;15259.0000;None;164800.0000
9729;2023-03-13 14:14:21.807000;1;105065;1;1;0.0000;1;15259.0000;None;164800.0000
9729;2023-03-13 14:14:21.807000;7;1006;1;1;0.0000;1;15259.0000;None;164800.0000
9729;2023-03-13 14:14:21.807000;3;201269;1;1;6800.0000;1;15259.0000;None;164800.0000
9729;2023-03-13 14:14:21.807000;1;101270;1;1;0.0000;1;15259.0000;None;164800.0000
9729;2023-03-13 14:14:21.807000;3;201146;1;1;6800.0000;1;15259.0000;None;164800.0000
9729;2023-03-13 14:14:21.807000;6;101061;1;1;0.0000;1;15259.0000;None;164800.0000
9729;2023-03-13 14:57:17.700000;3;100614;1;2;11600.0000;1;15259.0000;None;164800.0000
9731;2023-03-13 14:41:15.157000;3;102635;1;2;17600.0000;1;8778.0000;None;94800.0000
9731;2023-03-13 14:41:15.157000;7;2042;1;1;0.0000;1;8778.0000;None;94800.0000
9731;2023-03-13 14:41:15.157000;7;2042;1;1;0.0000;1;8778.0000;None;94800.0000
9731;2023-03-13 14:41:15.157000;1;105021;1;1;29800.0000;1;8778.0000;None;94800.0000
9731;2023-03-13 14:41:15.157000;1;102041;1;1;29800.0000;1;8778.0000;None;94800.0000
9731;2023-03-13 14:41:15.157000;6;101061;1;1;0.0000;1;8778.0000;None;94800.0000
9731;2023-03-13 15:29:35.570000;1;101114;1;1;12800.0000;1;8778.0000;None;94800.0000
9731;2023-03-13 15:29:47.307000;3;103904;1;1;4800.0000;1;8778.0000;None;94800.0000
9731;2023-03-13 15:29:47.307000;7;2070;1;1;0.0000;1;8778.0000;None;94800.0000
9732;2023-03-13 16:07:58.997000;1;105647;1;1;69800.0000;1;None;None;127800.0000
9732;2023-03-13 16:07:58.997000;1;101552;1;1;0.0000;1;None;None;127800.0000
9732;2023-03-13 16:07:58.997000;1;102678;1;1;36800.0000;1;None;None;127800.0000
9732;2023-03-13 16:07:58.997000;1;102172;1;1;4800.0000;1;None;None;127800.0000
9732;2023-03-13 16:07:58.997000;7;1022;1;1;0.0000;1;None;None;127800.0000
9732;2023-03-13 16:07:58.997000;7;1135;1;1;0.0000;1;None;None;127800.0000
9732;2023-03-13 16:07:58.997000;3;201146;1;1;6800.0000;1;None;None;127800.0000
9732;2023-03-13 16:07:58.997000;3;102747;1;1;4800.0000;1;None;None;127800.0000
9732;2023-03-13 16:07:58.997000;3;102747;1;1;4800.0000;1;None;None;127800.0000
9732;2023-03-13 16:07:58.997000;7;1207;1;1;0.0000;1;None;None;127800.0000
9733;2023-03-13 16:16:11.713000;1;109458;1;1;26800.0000;1;None;None;33600.0000
9733;2023-03-13 16:16:11.713000;3;201207;1;1;6800.0000;1;None;None;33600.0000
18588;2023-03-13 08:32:12.260000;7;1000;1;1;0.0000;1;None;None;49200.0000
18588;2023-03-13 09:58:37.247000;1;100862;1;1;27800.0000;1;None;None;49200.0000
18588;2023-03-13 09:58:37.247000;1;102554;1;1;9800.0000;1;None;None;49200.0000
18588;2023-03-13 09:58:37.247000;7;1213;1;1;0.0000;1;None;None;49200.0000
18588;2023-03-13 09:58:37.247000;7;1213;1;1;0.0000;1;None;None;49200.0000
18588;2023-03-13 09:58:37.247000;3;100614;1;1;5800.0000;1;None;None;49200.0000
18588;2023-03-13 09:58:37.247000;7;2011;1;1;0.0000;1;None;None;49200.0000
18588;2023-03-13 09:58:37.247000;7;2011;1;1;0.0000;1;None;None;49200.0000
18588;2023-03-13 10:13:33.307000;3;100614;1;1;5800.0000;1;None;None;49200.0000
18589;2023-03-13 12:07:33.497000;1;104690;1;1;4800.0000;1;None;None;19200.0000
18589;2023-03-13 12:07:33.497000;1;104690;1;1;4800.0000;1;None;None;19200.0000
18589;2023-03-13 12:07:33.497000;1;104690;1;1;4800.0000;1;None;None;19200.0000
18589;2023-03-13 12:07:33.497000;1;104690;1;1;4800.0000;1;None;None;19200.0000
18590;2023-03-13 16:04:57.577000;3;100606;1;2;13600.0000;1;2352.0000;None;25400.0000
18590;2023-03-13 16:04:57.577000;1;102835;1;1;11800.0000;1;2352.0000;None;25400.0000
18592;2023-03-13 16:22:58.210000;3;201146;1;-1;-6800.0000;1;None;None;-127800.0000
18592;2023-03-13 16:22:58.210000;3;102747;1;-1;-4800.0000;1;None;None;-127800.0000
18592;2023-03-13 16:22:58.210000;1;102172;1;-1;-4800.0000;1;None;None;-127800.0000
18592;2023-03-13 16:22:58.210000;1;102678;1;-1;-36800.0000;1;None;None;-127800.0000
18592;2023-03-13 16:22:58.210000;1;105647;1;-1;-69800.0000;1;None;None;-127800.0000
18592;2023-03-13 16:22:58.210000;1;101522;1;-1;0.0000;1;None;None;-127800.0000
18592;2023-03-13 16:22:58.210000;3;102747;1;-1;-4800.0000;1;None;None;-127800.0000
21401;2023-03-13 09:27:31.310000;1;103035;1;1;9800.0000;1;3352.0000;None;36200.0000
21401;2023-03-13 09:27:31.310000;1;104221;1;1;14800.0000;1;3352.0000;None;36200.0000
21401;2023-03-13 09:27:31.310000;3;102886;1;1;5800.0000;1;3352.0000;None;36200.0000
21401;2023-03-13 09:27:31.310000;3;100999;1;1;5800.0000;1;3352.0000;None;36200.0000
21402;2023-03-13 09:34:43.537000;1;104690;1;2;9600.0000;1;1519.0000;None;16400.0000
21402;2023-03-13 09:34:43.537000;3;100606;1;1;6800.0000;1;1519.0000;None;16400.0000
21402;2023-03-13 09:34:43.537000;7;2011;1;1;0.0000;1;1519.0000;None;16400.0000
21402;2023-03-13 09:34:43.537000;7;2009;1;1;0.0000;1;1519.0000;None;16400.0000
21403;2023-03-13 09:45:17.287000;1;104698;1;1;1600.0000;1;778.0000;None;8400.0000
21403;2023-03-13 09:45:17.287000;3;100607;1;1;6800.0000;1;778.0000;None;8400.0000
21403;2023-03-13 09:45:17.287000;7;2009;1;1;0.0000;1;778.0000;None;8400.0000
21403;2023-03-13 09:45:17.287000;7;2011;1;1;0.0000;1;778.0000;None;8400.0000
21404;2023-03-13 09:55:15.363000;1;103032;1;1;9800.0000;1;10519.0000;None;113600.0000
21404;2023-03-13 09:55:15.363000;1;100853;1;1;28800.0000;1;10519.0000;None;113600.0000
21404;2023-03-13 09:55:15.363000;1;100855;1;1;28800.0000;1;10519.0000;None;113600.0000
21404;2023-03-13 09:55:15.363000;1;100848;1;1;28800.0000;1;10519.0000;None;113600.0000
21404;2023-03-13 09:55:15.363000;3;100614;1;1;5800.0000;1;10519.0000;None;113600.0000
21404;2023-03-13 09:55:15.363000;3;102886;1;2;11600.0000;1;10519.0000;None;113600.0000
21404;2023-03-13 09:55:15.363000;7;2011;1;1;0.0000;1;10519.0000;None;113600.0000
21404;2023-03-13 09:55:15.363000;7;2011;1;1;0.0000;1;10519.0000;None;113600.0000
21405;2023-03-13 09:56:27.090000;1;102561;1;1;9800.0000;1;4074.0000;None;44000.0000
21405;2023-03-13 09:56:27.090000;1;100995;1;1;10800.0000;1;4074.0000;None;44000.0000
21405;2023-03-13 09:56:27.090000;1;103365;1;1;9800.0000;1;4074.0000;None;44000.0000
21405;2023-03-13 09:56:27.090000;7;2011;1;1;0.0000;1;4074.0000;None;44000.0000
21405;2023-03-13 09:56:27.090000;3;100606;1;2;13600.0000;1;4074.0000;None;44000.0000
21405;2023-03-13 09:56:27.090000;7;2011;1;1;0.0000;1;4074.0000;None;44000.0000
21405;2023-03-13 09:56:27.090000;7;2011;1;1;0.0000;1;4074.0000;None;44000.0000
21406;2023-03-13 10:06:09.757000;1;104238;1;1;12800.0000;1;4333.0000;None;46800.0000
21406;2023-03-13 10:06:09.757000;1;103032;1;1;9800.0000;1;4333.0000;None;46800.0000
21406;2023-03-13 10:06:09.757000;1;102317;1;1;2800.0000;1;4333.0000;None;46800.0000
21406;2023-03-13 10:06:09.757000;1;109562;1;1;7800.0000;1;4333.0000;None;46800.0000
21406;2023-03-13 10:06:09.757000;3;103904;1;1;4800.0000;1;4333.0000;None;46800.0000
21406;2023-03-13 10:06:09.757000;7;2011;1;1;0.0000;1;4333.0000;None;46800.0000
21406;2023-03-13 10:06:09.757000;3;102635;1;1;8800.0000;1;4333.0000;None;46800.0000
21406;2023-03-13 10:06:09.757000;7;2042;1;1;0.0000;1;4333.0000;None;46800.0000
21407;2023-03-13 10:23:22.580000;3;100614;1;2;11600.0000;1;5222.0000;None;56400.0000
21407;2023-03-13 10:27:53.717000;1;102554;1;1;9800.0000;1;5222.0000;None;56400.0000
21407;2023-03-13 10:27:53.717000;1;102314;1;1;8800.0000;1;5222.0000;None;56400.0000
21407;2023-03-13 10:27:53.717000;1;102522;1;1;9800.0000;1;5222.0000;None;56400.0000
21407;2023-03-13 10:43:02.430000;3;102747;1;1;4800.0000;1;5222.0000;None;56400.0000
21407;2023-03-13 10:43:02.430000;7;2072;1;1;0.0000;1;5222.0000;None;56400.0000
21407;2023-03-13 10:43:02.430000;3;100614;1;2;11600.0000;1;5222.0000;None;56400.0000
21408;2023-03-13 10:36:07.030000;1;100995;1;1;10800.0000;1;None;None;25400.0000
21408;2023-03-13 10:36:07.030000;1;102561;1;1;9800.0000;1;None;None;25400.0000
21408;2023-03-13 10:36:07.030000;7;1213;1;1;0.0000;1;None;None;25400.0000
21408;2023-03-13 10:36:07.030000;3;104554;1;1;4800.0000;1;None;None;25400.0000
21409;2023-03-13 10:39:31.430000;1;101295;1;1;13800.0000;1;2167.0000;None;23400.0000
21409;2023-03-13 10:39:31.430000;7;1213;1;1;0.0000;1;2167.0000;None;23400.0000
21409;2023-03-13 10:39:31.430000;1;102003;1;1;4800.0000;1;2167.0000;None;23400.0000
21409;2023-03-13 10:39:31.430000;3;102747;1;1;4800.0000;1;2167.0000;None;23400.0000
21409;2023-03-13 10:39:31.430000;7;2042;1;1;0.0000;1;2167.0000;None;23400.0000
21410;2023-03-13 10:52:17.173000;1;100848;1;1;28800.0000;1;4111.0000;None;44400.0000
21410;2023-03-13 10:52:17.173000;7;1213;1;1;0.0000;1;4111.0000;None;44400.0000
21410;2023-03-13 10:52:17.173000;3;102635;1;1;8800.0000;1;4111.0000;None;44400.0000
21410;2023-03-13 10:52:17.173000;7;2042;1;1;0.0000;1;4111.0000;None;44400.0000
21410;2023-03-13 11:09:58.750000;3;100606;1;1;6800.0000;1;4111.0000;None;44400.0000
21410;2023-03-13 11:09:58.750000;7;1207;1;1;0.0000;1;4111.0000;None;44400.0000
21411;2023-03-13 10:54:29.417000;1;101954;1;1;19800.0000;1;3278.0000;None;35400.0000
21411;2023-03-13 10:54:29.417000;3;100606;1;1;6800.0000;1;3278.0000;None;35400.0000
21411;2023-03-13 10:54:29.417000;7;2011;1;1;0.0000;1;3278.0000;None;35400.0000
21411;2023-03-13 11:04:35.483000;3;102635;1;1;8800.0000;1;3278.0000;None;35400.0000
21411;2023-03-13 11:04:35.483000;7;2042;1;1;0.0000;1;3278.0000;None;35400.0000
21412;2023-03-13 10:57:24.160000;3;102635;1;2;17600.0000;1;1630.0000;None;17600.0000
21413;2023-03-13 11:08:25.150000;1;102678;1;1;36800.0000;1;5833.0000;None;63000.0000
21413;2023-03-13 11:08:25.150000;7;1213;1;1;0.0000;1;5833.0000;None;63000.0000
21413;2023-03-13 11:08:25.150000;1;102228;1;1;8800.0000;1;5833.0000;None;63000.0000
21413;2023-03-13 11:08:25.150000;1;102317;1;1;2800.0000;1;5833.0000;None;63000.0000
21413;2023-03-13 11:08:25.150000;3;102635;1;1;8800.0000;1;5833.0000;None;63000.0000
21413;2023-03-13 11:08:25.150000;3;100614;1;1;5800.0000;1;5833.0000;None;63000.0000
21413;2023-03-13 11:08:25.150000;7;2011;1;1;0.0000;1;5833.0000;None;63000.0000
21414;2023-03-13 11:16:15.997000;3;102635;1;1;8800.0000;1;5370.0000;None;58000.0000
21414;2023-03-13 11:16:15.997000;3;101332;1;1;10800.0000;1;5370.0000;None;58000.0000
21414;2023-03-13 11:16:15.997000;1;100995;1;1;10800.0000;1;5370.0000;None;58000.0000
21414;2023-03-13 11:16:15.997000;1;104013;1;1;18800.0000;1;5370.0000;None;58000.0000
21414;2023-03-13 11:29:33.387000;1;102314;1;1;8800.0000;1;5370.0000;None;58000.0000
21415;2023-03-13 11:20:59.983000;1;100622;1;2;6400.0000;1;1130.0000;None;12200.0000
21415;2023-03-13 11:20:59.983000;3;100614;1;1;5800.0000;1;1130.0000;None;12200.0000
21416;2023-03-13 11:26:41.857000;3;100613;1;1;5800.0000;1;2167.0000;None;23400.0000
21416;2023-03-13 11:26:41.857000;1;100995;1;1;10800.0000;1;2167.0000;None;23400.0000
21416;2023-03-13 11:44:02.310000;3;201146;1;1;6800.0000;1;2167.0000;None;23400.0000
21417;2023-03-13 11:28:35.610000;3;100614;1;2;11600.0000;1;1963.0000;None;21200.0000
21417;2023-03-13 11:44:14.100000;1;100622;1;3;9600.0000;1;1963.0000;None;21200.0000
21418;2023-03-13 11:30:28.403000;1;101181;1;1;27800.0000;1;4648.0000;None;50200.0000
21418;2023-03-13 11:30:28.403000;3;102624;1;1;7800.0000;1;4648.0000;None;50200.0000
21418;2023-03-13 11:36:24.627000;1;109562;1;1;7800.0000;1;4648.0000;None;50200.0000
21418;2023-03-13 11:36:24.627000;3;100607;1;1;6800.0000;1;4648.0000;None;50200.0000
21419;2023-03-13 11:32:55.213000;3;100607;1;1;6800.0000;1;3500.0000;None;37800.0000
21419;2023-03-13 11:32:55.213000;3;104554;1;1;4800.0000;1;3500.0000;None;37800.0000
21419;2023-03-13 11:56:31.843000;1;102554;1;1;9800.0000;1;3500.0000;None;37800.0000
21419;2023-03-13 11:56:31.843000;7;1213;1;1;0.0000;1;3500.0000;None;37800.0000
21419;2023-03-13 11:56:31.843000;7;1213;1;1;0.0000;1;3500.0000;None;37800.0000
21419;2023-03-13 11:56:31.843000;1;102317;1;1;2800.0000;1;3500.0000;None;37800.0000
21419;2023-03-13 11:56:31.843000;3;100607;1;2;13600.0000;1;3500.0000;None;37800.0000
21419;2023-03-13 11:56:31.843000;7;1207;1;1;0.0000;1;3500.0000;None;37800.0000
21419;2023-03-13 11:56:31.843000;7;2011;1;1;0.0000;1;3500.0000;None;37800.0000
21419;2023-03-13 11:56:31.843000;7;2011;1;1;0.0000;1;3500.0000;None;37800.0000
21420;2023-03-13 11:58:54.367000;3;100607;1;3;20400.0000;1;6815.0000;None;73600.0000
21420;2023-03-13 12:12:00.460000;3;100607;1;-3;-20400.0000;1;6815.0000;None;73600.0000
21420;2023-03-13 12:12:00.460000;3;102635;1;4;35200.0000;1;6815.0000;None;73600.0000
21420;2023-03-13 12:12:00.460000;1;104690;1;8;38400.0000;1;6815.0000;None;73600.0000
21421;2023-03-13 12:07:30.727000;1;104690;1;1;4800.0000;1;1704.0000;None;18400.0000
21421;2023-03-13 12:07:30.727000;1;104690;1;1;4800.0000;1;1704.0000;None;18400.0000
21421;2023-03-13 12:07:30.727000;3;102635;1;1;8800.0000;1;1704.0000;None;18400.0000
21421;2023-03-13 12:07:30.727000;7;2036;1;1;0.0000;1;1704.0000;None;18400.0000
21422;2023-03-13 12:10:03.797000;1;103955;1;1;41800.0000;1;11037.0000;None;119200.0000
21422;2023-03-13 12:10:03.797000;1;101552;1;1;0.0000;1;11037.0000;None;119200.0000
21422;2023-03-13 12:10:03.797000;7;1026;1;1;0.0000;1;11037.0000;None;119200.0000
21422;2023-03-13 12:10:03.797000;1;103759;1;2;21600.0000;1;11037.0000;None;119200.0000
21422;2023-03-13 12:10:03.797000;7;1213;1;1;0.0000;1;11037.0000;None;119200.0000
21422;2023-03-13 12:10:03.797000;1;100847;1;1;26800.0000;1;11037.0000;None;119200.0000
21422;2023-03-13 12:10:03.797000;1;102141;1;1;3800.0000;1;11037.0000;None;119200.0000
21422;2023-03-13 12:10:03.797000;3;201146;1;1;6800.0000;1;11037.0000;None;119200.0000
21422;2023-03-13 12:10:03.797000;1;101270;1;1;0.0000;1;11037.0000;None;119200.0000
21422;2023-03-13 12:10:03.797000;3;102747;1;1;4800.0000;1;11037.0000;None;119200.0000
21422;2023-03-13 12:10:03.797000;3;201207;1;2;13600.0000;1;11037.0000;None;119200.0000
21424;2023-03-13 12:12:54.917000;1;108797;1;1;51800.0000;1;8722.0000;None;94200.0000
21424;2023-03-13 12:12:54.917000;7;1002;1;1;0.0000;1;8722.0000;None;94200.0000
21424;2023-03-13 12:12:54.917000;1;100855;1;1;28800.0000;1;8722.0000;None;94200.0000
21424;2023-03-13 12:12:54.917000;6;101061;1;1;0.0000;1;8722.0000;None;94200.0000
21424;2023-03-13 12:12:54.917000;3;201269;1;1;6800.0000;1;8722.0000;None;94200.0000
21424;2023-03-13 12:12:54.917000;3;108191;1;1;0.0000;1;8722.0000;None;94200.0000
21424;2023-03-13 12:12:54.917000;3;201277;1;1;6800.0000;1;8722.0000;None;94200.0000
21425;2023-03-13 12:30:45.927000;1;102671;1;1;38800.0000;1;4037.0000;None;43600.0000
21425;2023-03-13 12:30:45.927000;7;1213;1;1;0.0000;1;4037.0000;None;43600.0000
21425;2023-03-13 12:30:45.927000;6;101061;1;1;0.0000;1;4037.0000;None;43600.0000
21425;2023-03-13 12:30:45.927000;3;102747;1;1;4800.0000;1;4037.0000;None;43600.0000
21426;2023-03-13 12:41:21.597000;1;100855;1;2;57600.0000;1;9796.0000;None;105800.0000
21426;2023-03-13 12:41:21.597000;7;1213;1;1;0.0000;1;9796.0000;None;105800.0000
21426;2023-03-13 12:41:21.597000;1;100624;1;2;2000.0000;1;9796.0000;None;105800.0000
21426;2023-03-13 12:41:21.597000;7;1213;1;1;0.0000;1;9796.0000;None;105800.0000
21426;2023-03-13 12:41:21.597000;1;100851;1;1;23800.0000;1;9796.0000;None;105800.0000
21426;2023-03-13 12:41:21.597000;6;101061;1;1;0.0000;1;9796.0000;None;105800.0000
21426;2023-03-13 12:41:21.597000;6;101061;1;1;0.0000;1;9796.0000;None;105800.0000
21426;2023-03-13 12:41:21.597000;3;201146;1;1;6800.0000;1;9796.0000;None;105800.0000
21426;2023-03-13 12:41:21.597000;1;101270;1;1;0.0000;1;9796.0000;None;105800.0000
21426;2023-03-13 12:41:21.597000;7;2042;1;1;0.0000;1;9796.0000;None;105800.0000
21426;2023-03-13 12:41:21.597000;3;102619;1;2;15600.0000;1;9796.0000;None;105800.0000
21426;2023-03-13 12:41:21.597000;7;2042;1;1;0.0000;1;9796.0000;None;105800.0000
21426;2023-03-13 12:41:21.597000;7;2042;1;1;0.0000;1;9796.0000;None;105800.0000
21427;2023-03-13 12:48:50.273000;1;102680;1;1;36800.0000;1;8815.0000;None;95200.0000
21427;2023-03-13 12:48:50.273000;7;1213;1;1;0.0000;1;8815.0000;None;95200.0000
21427;2023-03-13 12:48:50.273000;1;103955;1;1;41800.0000;1;8815.0000;None;95200.0000
21427;2023-03-13 12:48:50.273000;6;104684;1;1;0.0000;1;8815.0000;None;95200.0000
21427;2023-03-13 12:48:50.273000;6;101061;1;1;0.0000;1;8815.0000;None;95200.0000
21427;2023-03-13 12:48:50.273000;3;102637;1;1;9800.0000;1;8815.0000;None;95200.0000
21427;2023-03-13 12:48:50.273000;7;2042;1;1;0.0000;1;8815.0000;None;95200.0000
21427;2023-03-13 12:48:50.273000;3;201609;1;1;6800.0000;1;8815.0000;None;95200.0000
21427;2023-03-13 12:48:50.273000;7;2042;1;1;0.0000;1;8815.0000;None;95200.0000
21428;2023-03-13 12:50:47.747000;1;100846;1;1;30800.0000;1;12333.0000;None;133200.0000
21428;2023-03-13 12:50:47.747000;1;102228;1;1;8800.0000;1;12333.0000;None;133200.0000
21428;2023-03-13 12:50:47.747000;1;103624;1;1;43800.0000;1;12333.0000;None;133200.0000
21428;2023-03-13 12:50:47.747000;6;101061;1;1;0.0000;1;12333.0000;None;133200.0000
21428;2023-03-13 12:50:47.747000;3;102747;1;1;4800.0000;1;12333.0000;None;133200.0000
21428;2023-03-13 12:50:47.747000;3;201609;1;1;6800.0000;1;12333.0000;None;133200.0000
21428;2023-03-13 12:50:47.747000;7;2042;1;1;0.0000;1;12333.0000;None;133200.0000
21428;2023-03-13 13:37:48.233000;3;201609;1;1;6800.0000;1;12333.0000;None;133200.0000
21428;2023-03-13 13:37:48.233000;7;2042;1;1;0.0000;1;12333.0000;None;133200.0000
21428;2023-03-13 13:38:12.080000;1;105421;1;1;19800.0000;1;12333.0000;None;133200.0000
21428;2023-03-13 13:38:12.080000;7;1223;1;1;0.0000;1;12333.0000;None;133200.0000
21428;2023-03-13 13:38:12.080000;7;1223;1;1;0.0000;1;12333.0000;None;133200.0000
21428;2023-03-13 13:38:12.080000;3;100614;1;2;11600.0000;1;12333.0000;None;133200.0000
21428;2023-03-13 13:38:12.080000;7;2070;1;1;0.0000;1;12333.0000;None;133200.0000
21428;2023-03-13 13:38:12.080000;7;2070;1;1;0.0000;1;12333.0000;None;133200.0000
21429;2023-03-13 12:54:13.023000;3;100614;1;1;5800.0000;1;4463.0000;None;48200.0000
21429;2023-03-13 12:54:13.023000;7;1207;1;1;0.0000;1;4463.0000;None;48200.0000
21429;2023-03-13 13:22:59.107000;1;100848;1;1;28800.0000;1;4463.0000;None;48200.0000
21429;2023-03-13 13:48:17.493000;3;201609;1;1;6800.0000;1;4463.0000;None;48200.0000
21429;2023-03-13 13:51:27.987000;3;201609;1;1;6800.0000;1;4463.0000;None;48200.0000
21431;2023-03-13 13:01:56.133000;1;100848;1;1;28800.0000;1;6778.0000;None;73200.0000
21431;2023-03-13 13:01:56.133000;7;1213;1;1;0.0000;1;6778.0000;None;73200.0000
21431;2023-03-13 13:01:56.133000;1;100844;1;1;28800.0000;1;6778.0000;None;73200.0000
21431;2023-03-13 13:01:56.133000;7;1213;1;1;0.0000;1;6778.0000;None;73200.0000
21431;2023-03-13 13:01:56.133000;6;101061;1;1;0.0000;1;6778.0000;None;73200.0000
21431;2023-03-13 13:01:56.133000;3;201261;1;1;6800.0000;1;6778.0000;None;73200.0000
21431;2023-03-13 13:01:56.133000;3;102635;1;1;8800.0000;1;6778.0000;None;73200.0000
21432;2023-03-13 13:07:24.370000;1;108424;1;1;41800.0000;1;11833.0000;None;127800.0000
21432;2023-03-13 13:07:24.370000;6;104683;1;1;0.0000;1;11833.0000;None;127800.0000
21432;2023-03-13 13:07:24.370000;7;1006;1;1;0.0000;1;11833.0000;None;127800.0000
21432;2023-03-13 13:07:24.370000;1;101522;2;1;0.0000;1;11833.0000;None;127800.0000
21432;2023-03-13 13:07:24.370000;1;108424;1;1;41800.0000;1;11833.0000;None;127800.0000
21432;2023-03-13 13:07:24.370000;6;103488;1;1;0.0000;1;11833.0000;None;127800.0000
21432;2023-03-13 13:07:24.370000;7;1006;1;1;0.0000;1;11833.0000;None;127800.0000
21432;2023-03-13 13:07:24.370000;1;101522;2;1;0.0000;1;11833.0000;None;127800.0000
21432;2023-03-13 13:07:24.370000;1;103995;1;1;24800.0000;1;11833.0000;None;127800.0000
21432;2023-03-13 13:07:24.370000;6;101061;1;1;0.0000;1;11833.0000;None;127800.0000
21432;2023-03-13 13:07:24.370000;6;101061;1;1;0.0000;1;11833.0000;None;127800.0000
21432;2023-03-13 13:07:24.370000;3;201207;1;1;6800.0000;1;11833.0000;None;127800.0000
21432;2023-03-13 13:07:24.370000;3;201207;1;1;6800.0000;1;11833.0000;None;127800.0000
21432;2023-03-13 13:07:24.370000;3;100614;1;1;5800.0000;1;11833.0000;None;127800.0000
21433;2023-03-13 13:10:26.707000;3;201237;1;1;6800.0000;1;7889.0000;None;85200.0000
21433;2023-03-13 13:10:26.707000;3;102747;1;1;4800.0000;1;7889.0000;None;85200.0000
21433;2023-03-13 13:10:26.707000;1;103784;1;1;29800.0000;1;7889.0000;None;85200.0000
21433;2023-03-13 13:10:26.707000;1;101957;1;1;43800.0000;1;7889.0000;None;85200.0000
21433;2023-03-13 13:10:26.707000;7;1006;1;1;0.0000;1;7889.0000;None;85200.0000
21433;2023-03-13 13:10:26.707000;1;108236;1;1;0.0000;1;7889.0000;None;85200.0000
21433;2023-03-13 13:10:26.707000;6;101061;1;1;0.0000;1;7889.0000;None;85200.0000
21434;2023-03-13 13:12:53.463000;3;201609;1;1;6800.0000;1;7667.0000;None;82800.0000
21434;2023-03-13 13:12:53.463000;7;2042;1;1;0.0000;1;7667.0000;None;82800.0000
21434;2023-03-13 13:12:53.463000;3;201207;1;1;6800.0000;1;7667.0000;None;82800.0000
21434;2023-03-13 13:12:53.463000;1;109390;1;1;24800.0000;1;7667.0000;None;82800.0000
21434;2023-03-13 13:12:53.463000;1;101522;2;1;0.0000;1;7667.0000;None;82800.0000
21434;2023-03-13 13:12:53.463000;7;1213;1;1;0.0000;1;7667.0000;None;82800.0000
21434;2023-03-13 13:12:53.463000;7;1213;1;1;0.0000;1;7667.0000;None;82800.0000
21434;2023-03-13 13:12:53.463000;1;102474;1;1;30800.0000;1;7667.0000;None;82800.0000
21434;2023-03-13 13:12:53.463000;7;1205;1;1;0.0000;1;7667.0000;None;82800.0000
21434;2023-03-13 13:12:53.463000;1;101522;2;1;0.0000;1;7667.0000;None;82800.0000
21434;2023-03-13 13:12:53.463000;6;101061;1;1;0.0000;1;7667.0000;None;82800.0000
21434;2023-03-13 13:41:12.193000;3;201609;1;1;6800.0000;1;7667.0000;None;82800.0000
21434;2023-03-13 13:41:12.193000;3;201207;1;1;6800.0000;1;7667.0000;None;82800.0000
21435;2023-03-13 13:21:54.040000;1;101073;1;1;69800.0000;1;9944.0000;None;107400.0000
21435;2023-03-13 13:21:54.040000;7;1002;1;1;0.0000;1;9944.0000;None;107400.0000
21435;2023-03-13 13:21:54.040000;1;105065;1;1;0.0000;1;9944.0000;None;107400.0000
21435;2023-03-13 13:21:54.040000;3;200644;1;1;6800.0000;1;9944.0000;None;107400.0000
21435;2023-03-13 13:21:54.040000;1;101270;2;1;0.0000;1;9944.0000;None;107400.0000
21435;2023-03-13 13:21:54.040000;6;101061;1;1;0.0000;1;9944.0000;None;107400.0000
21435;2023-03-13 13:46:27.277000;1;100845;1;1;28800.0000;1;9944.0000;None;107400.0000
21435;2023-03-13 13:49:44.633000;1;100624;1;1;1000.0000;1;9944.0000;None;107400.0000
21435;2023-03-13 13:49:44.633000;1;100624;1;1;1000.0000;1;9944.0000;None;107400.0000
21436;2023-03-13 13:39:13.843000;1;103773;1;1;9800.0000;1;9611.0000;None;103800.0000
21436;2023-03-13 13:39:13.843000;7;1001;1;1;0.0000;1;9611.0000;None;103800.0000
21436;2023-03-13 13:39:13.843000;7;1001;1;1;0.0000;1;9611.0000;None;103800.0000
21436;2023-03-13 13:39:13.843000;3;102748;1;1;15800.0000;1;9611.0000;None;103800.0000
21436;2023-03-13 13:39:13.843000;6;101061;1;1;0.0000;1;9611.0000;None;103800.0000
21436;2023-03-13 13:58:54.337000;1;102172;1;1;4800.0000;1;9611.0000;None;103800.0000
21436;2023-03-13 13:58:54.337000;1;103171;1;1;28800.0000;1;9611.0000;None;103800.0000
21436;2023-03-13 13:58:54.337000;7;1213;1;1;0.0000;1;9611.0000;None;103800.0000
21436;2023-03-13 13:58:54.337000;1;101520;1;1;0.0000;1;9611.0000;None;103800.0000
21436;2023-03-13 13:58:54.337000;3;102747;1;1;4800.0000;1;9611.0000;None;103800.0000
21436;2023-03-13 13:58:54.337000;7;2042;1;1;0.0000;1;9611.0000;None;103800.0000
21436;2023-03-13 13:58:54.337000;7;2072;1;1;0.0000;1;9611.0000;None;103800.0000
21436;2023-03-13 14:06:43.133000;1;103790;1;1;39800.0000;1;9611.0000;None;103800.0000
21436;2023-03-13 14:06:43.133000;7;1213;1;1;0.0000;1;9611.0000;None;103800.0000
21437;2023-03-13 13:59:20.773000;1;103773;1;1;9800.0000;1;5241.0000;None;56600.0000
21437;2023-03-13 13:59:20.773000;7;1001;1;1;0.0000;1;5241.0000;None;56600.0000
21437;2023-03-13 13:59:20.773000;7;1001;1;1;0.0000;1;5241.0000;None;56600.0000
21437;2023-03-13 13:59:20.773000;1;103342;1;1;46800.0000;1;5241.0000;None;56600.0000
21437;2023-03-13 13:59:20.773000;1;101520;1;1;0.0000;1;5241.0000;None;56600.0000
21437;2023-03-13 13:59:20.773000;6;101061;1;1;0.0000;1;5241.0000;None;56600.0000
21438;2023-03-13 14:01:55.170000;1;102671;1;1;38800.0000;1;12287.0000;None;132700.0000
21438;2023-03-13 14:01:55.170000;1;102680;1;1;36800.0000;1;12287.0000;None;132700.0000
21438;2023-03-13 14:01:55.170000;6;101061;1;1;0.0000;1;12287.0000;None;132700.0000
21438;2023-03-13 14:17:47.060000;1;108794;1;1;48800.0000;1;12287.0000;None;132700.0000
21438;2023-03-13 14:17:47.060000;7;1002;1;1;0.0000;1;12287.0000;None;132700.0000
21438;2023-03-13 14:22:08.260000;3;102623;1;1;6800.0000;1;12287.0000;None;132700.0000
21438;2023-03-13 14:30:31.700000;1;102286;1;1;1500.0000;1;12287.0000;None;132700.0000
21439;2023-03-13 14:03:04.457000;1;100853;1;1;28800.0000;1;6704.0000;None;72400.0000
21439;2023-03-13 14:03:04.457000;7;1213;1;1;0.0000;1;6704.0000;None;72400.0000
21439;2023-03-13 14:03:04.457000;1;102678;1;1;36800.0000;1;6704.0000;None;72400.0000
21439;2023-03-13 14:03:04.457000;7;1213;1;1;0.0000;1;6704.0000;None;72400.0000
21439;2023-03-13 14:03:04.457000;6;101061;1;1;0.0000;1;6704.0000;None;72400.0000
21439;2023-03-13 14:03:04.457000;3;201146;1;1;6800.0000;1;6704.0000;None;72400.0000
21439;2023-03-13 14:03:04.457000;7;2050;1;1;0.0000;1;6704.0000;None;72400.0000
21439;2023-03-13 14:03:04.457000;7;1207;1;1;0.0000;1;6704.0000;None;72400.0000
21440;2023-03-13 14:06:18.717000;3;102649;1;1;5800.0000;1;8870.0000;None;95800.0000
21440;2023-03-13 14:06:18.717000;7;2072;1;1;0.0000;1;8870.0000;None;95800.0000
21440;2023-03-13 14:06:18.717000;7;2072;1;1;0.0000;1;8870.0000;None;95800.0000
21440;2023-03-13 14:06:18.717000;7;2095;1;1;0.0000;1;8870.0000;None;95800.0000
21440;2023-03-13 14:06:18.717000;3;201146;1;1;6800.0000;1;8870.0000;None;95800.0000
21440;2023-03-13 14:06:18.717000;1;101270;1;1;0.0000;1;8870.0000;None;95800.0000
21440;2023-03-13 14:06:18.717000;1;104690;1;1;4800.0000;1;8870.0000;None;95800.0000
21440;2023-03-13 14:06:18.717000;1;104690;1;1;4800.0000;1;8870.0000;None;95800.0000
21440;2023-03-13 14:06:18.717000;1;103515;1;1;44800.0000;1;8870.0000;None;95800.0000
21440;2023-03-13 14:06:18.717000;1;100848;1;1;28800.0000;1;8870.0000;None;95800.0000
21440;2023-03-13 14:06:18.717000;6;101061;1;1;0.0000;1;8870.0000;None;95800.0000
21440;2023-03-13 14:06:18.717000;6;101061;1;1;0.0000;1;8870.0000;None;95800.0000
21441;2023-03-13 14:14:49.377000;1;103995;1;1;24800.0000;1;2926.0000;None;31600.0000
21441;2023-03-13 14:14:49.377000;7;1223;1;1;0.0000;1;2926.0000;None;31600.0000
21441;2023-03-13 14:14:49.377000;3;100606;1;1;6800.0000;1;2926.0000;None;31600.0000
21441;2023-03-13 14:14:49.377000;7;2070;1;1;0.0000;1;2926.0000;None;31600.0000
21442;2023-03-13 14:23:08.073000;1;100853;1;1;28800.0000;1;3111.0000;None;33600.0000
21442;2023-03-13 14:23:08.073000;7;1213;1;1;0.0000;1;3111.0000;None;33600.0000
21442;2023-03-13 14:23:08.073000;6;101061;1;1;0.0000;1;3111.0000;None;33600.0000
21442;2023-03-13 14:23:08.073000;3;102747;1;1;4800.0000;1;3111.0000;None;33600.0000
21443;2023-03-13 14:37:52.127000;3;100614;1;1;5800.0000;1;1074.0000;None;11600.0000
21443;2023-03-13 14:37:52.127000;3;100614;1;1;5800.0000;1;1074.0000;None;11600.0000
21444;2023-03-13 14:38:37.880000;1;104690;1;2;9600.0000;1;None;None;51400.0000
21444;2023-03-13 14:38:37.880000;1;103955;1;1;41800.0000;1;None;None;51400.0000
21444;2023-03-13 14:38:37.880000;1;101552;1;1;0.0000;1;None;None;51400.0000
21444;2023-03-13 14:38:37.880000;7;1213;1;1;0.0000;1;None;None;51400.0000
21445;2023-03-13 14:39:37.427000;2;101679;1;1;19800.0000;1;13963.0000;None;150800.0000
21445;2023-03-13 14:39:37.427000;2;108258;1;1;18800.0000;1;13963.0000;None;150800.0000
21445;2023-03-13 14:50:15.167000;1;103955;1;1;41800.0000;1;13963.0000;None;150800.0000
21445;2023-03-13 14:50:15.167000;1;101520;1;1;0.0000;1;13963.0000;None;150800.0000
21445;2023-03-13 14:50:15.167000;1;105188;1;1;31800.0000;1;13963.0000;None;150800.0000
21445;2023-03-13 14:50:15.167000;6;101061;1;1;0.0000;1;13963.0000;None;150800.0000
21445;2023-03-13 15:07:04.703000;2;101679;1;1;19800.0000;1;13963.0000;None;150800.0000
21445;2023-03-13 15:07:04.703000;2;108258;1;1;18800.0000;1;13963.0000;None;150800.0000
21446;2023-03-13 14:51:33.807000;1;103750;1;1;13800.0000;1;2907.0000;None;31400.0000
21446;2023-03-13 14:51:33.807000;3;102640;1;1;10800.0000;1;2907.0000;None;31400.0000
21446;2023-03-13 14:51:33.807000;7;1207;1;1;0.0000;1;2907.0000;None;31400.0000
21446;2023-03-13 14:51:33.807000;7;2042;1;1;0.0000;1;2907.0000;None;31400.0000
21446;2023-03-13 15:28:50.120000;3;100607;1;1;6800.0000;1;2907.0000;None;31400.0000
21446;2023-03-13 15:28:50.120000;7;1207;1;1;0.0000;1;2907.0000;None;31400.0000
21447;2023-03-13 15:23:56.863000;3;100606;1;1;6800.0000;1;None;None;33600.0000
21447;2023-03-13 15:23:56.863000;1;102914;1;1;26800.0000;1;None;None;33600.0000
21448;2023-03-13 15:25:25.443000;3;100606;1;1;6800.0000;1;2463.0000;None;26600.0000
21448;2023-03-13 15:25:25.443000;7;2070;1;1;0.0000;1;2463.0000;None;26600.0000
21448;2023-03-13 15:25:25.443000;7;2070;1;1;0.0000;1;2463.0000;None;26600.0000
21448;2023-03-13 15:25:25.443000;1;105421;1;1;19800.0000;1;2463.0000;None;26600.0000
21449;2023-03-13 15:28:19.677000;3;102619;1;1;7800.0000;1;6685.0000;None;72200.0000
21449;2023-03-13 15:28:19.677000;7;2072;1;1;0.0000;1;6685.0000;None;72200.0000
21449;2023-03-13 15:28:19.677000;3;201207;1;1;6800.0000;1;6685.0000;None;72200.0000
21449;2023-03-13 15:28:19.677000;1;103340;1;1;30800.0000;1;6685.0000;None;72200.0000
21449;2023-03-13 15:28:19.677000;1;101522;1;1;0.0000;1;6685.0000;None;72200.0000
21449;2023-03-13 15:28:19.677000;1;102913;1;1;26800.0000;1;6685.0000;None;72200.0000
21449;2023-03-13 15:28:19.677000;6;101561;1;1;0.0000;1;6685.0000;None;72200.0000
21449;2023-03-13 15:28:19.677000;6;101061;1;1;0.0000;1;6685.0000;None;72200.0000
21450;2023-03-13 15:29:08.100000;3;102747;1;1;4800.0000;1;1074.0000;None;11600.0000
21450;2023-03-13 15:29:08.100000;3;201146;1;1;6800.0000;1;1074.0000;None;11600.0000
21451;2023-03-13 15:51:33.363000;1;103171;1;1;28800.0000;1;3481.0000;None;37600.0000
21451;2023-03-13 15:51:33.363000;7;1213;1;1;0.0000;1;3481.0000;None;37600.0000
21451;2023-03-13 15:51:33.363000;6;104684;1;1;0.0000;1;3481.0000;None;37600.0000
21451;2023-03-13 15:51:33.363000;6;101061;1;1;0.0000;1;3481.0000;None;37600.0000
21451;2023-03-13 15:51:33.363000;3;102635;1;1;8800.0000;1;3481.0000;None;37600.0000
21451;2023-03-13 15:51:33.363000;7;2042;1;1;0.0000;1;3481.0000;None;37600.0000
21452;2023-03-13 15:55:01.637000;1;103843;1;1;34800.0000;1;None;None;34800.0000
21452;2023-03-13 15:55:01.637000;7;1213;1;1;0.0000;1;None;None;34800.0000
21453;2023-03-13 16:04:08.533000;1;103955;1;1;41800.0000;1;11870.0000;None;128200.0000
21453;2023-03-13 16:04:08.533000;6;104684;1;1;0.0000;1;11870.0000;None;128200.0000
21453;2023-03-13 16:04:08.533000;7;1006;1;1;0.0000;1;11870.0000;None;128200.0000
21453;2023-03-13 16:04:08.533000;1;101073;1;1;69800.0000;1;11870.0000;None;128200.0000
21453;2023-03-13 16:04:08.533000;1;101522;1;1;0.0000;1;11870.0000;None;128200.0000
21453;2023-03-13 16:04:08.533000;7;1002;1;1;0.0000;1;11870.0000;None;128200.0000
21453;2023-03-13 16:04:08.533000;7;1213;1;1;0.0000;1;11870.0000;None;128200.0000
21453;2023-03-13 16:04:08.533000;3;102635;1;1;8800.0000;1;11870.0000;None;128200.0000
21453;2023-03-13 16:04:08.533000;7;2050;1;1;0.0000;1;11870.0000;None;128200.0000
21453;2023-03-13 16:04:08.533000;3;102631;1;1;7800.0000;1;11870.0000;None;128200.0000
21453;2023-03-13 16:04:08.533000;7;2042;1;1;0.0000;1;11870.0000;None;128200.0000
21453;2023-03-13 16:04:08.533000;6;101061;1;1;0.0000;1;11870.0000;None;128200.0000
21454;2023-03-13 16:18:32.297000;1;103955;1;1;41800.0000;1;14722.0000;None;159000.0000
21454;2023-03-13 16:18:32.297000;3;102640;1;1;10800.0000;1;14722.0000;None;159000.0000
21454;2023-03-13 16:18:32.297000;1;102982;1;1;59800.0000;1;14722.0000;None;159000.0000
21454;2023-03-13 16:18:32.297000;3;102747;1;1;4800.0000;1;14722.0000;None;159000.0000
21454;2023-03-13 16:18:50.293000;1;103955;1;1;41800.0000;1;14722.0000;None;159000.0000
21454;2023-03-13 16:18:50.293000;1;101522;1;1;0.0000;1;14722.0000;None;159000.0000
21454;2023-03-13 16:18:50.293000;7;1026;1;1;0.0000;1;14722.0000;None;159000.0000
21454;2023-03-13 16:18:50.293000;7;1157;1;1;0.0000;1;14722.0000;None;159000.0000
21454;2023-03-13 16:18:50.293000;7;1157;1;1;0.0000;1;14722.0000;None;159000.0000
21455;2023-03-13 16:19:13.767000;1;103955;1;1;41800.0000;1;3870.0000;None;41800.0000
21455;2023-03-13 16:19:13.767000;1;101522;1;1;0.0000;1;3870.0000;None;41800.0000
21455;2023-03-13 16:19:13.767000;7;1026;1;1;0.0000;1;3870.0000;None;41800.0000
21456;2023-03-13 16:21:46.033000;3;100607;1;1;6800.0000;1;1796.0000;None;19400.0000
21456;2023-03-13 16:21:46.033000;3;100614;1;1;5800.0000;1;1796.0000;None;19400.0000
21456;2023-03-13 17:08:57.060000;3;201269;1;1;6800.0000;1;1796.0000;None;19400.0000
21456;2023-03-13 17:08:57.060000;3;108191;1;1;0.0000;1;1796.0000;None;19400.0000
21457;2023-03-13 16:27:48.947000;3;100614;1;1;5800.0000;1;1981.0000;None;21400.0000
21457;2023-03-13 16:27:48.947000;3;102637;1;1;9800.0000;1;1981.0000;None;21400.0000
21457;2023-03-13 17:08:43.403000;3;100614;1;1;5800.0000;1;1981.0000;None;21400.0000
21458;2023-03-13 16:35:39.793000;1;109562;1;1;7800.0000;1;7093.0000;None;76600.0000
21458;2023-03-13 16:35:39.793000;1;102506;1;1;39800.0000;1;7093.0000;None;76600.0000
21458;2023-03-13 16:35:39.793000;1;101522;2;1;0.0000;1;7093.0000;None;76600.0000
21458;2023-03-13 16:35:39.793000;3;102635;1;1;8800.0000;1;7093.0000;None;76600.0000
21458;2023-03-13 16:35:39.793000;7;2042;1;1;0.0000;1;7093.0000;None;76600.0000
21458;2023-03-13 16:35:39.793000;3;100999;1;1;5800.0000;1;7093.0000;None;76600.0000
21458;2023-03-13 16:35:39.793000;3;104554;1;1;4800.0000;1;7093.0000;None;76600.0000
21458;2023-03-13 17:18:24.110000;3;102747;1;1;4800.0000;1;7093.0000;None;76600.0000
21458;2023-03-13 17:18:24.110000;7;2050;1;1;0.0000;1;7093.0000;None;76600.0000
21458;2023-03-13 17:18:24.110000;7;2072;1;1;0.0000;1;7093.0000;None;76600.0000
21458;2023-03-13 17:38:24.017000;3;102747;1;1;4800.0000;1;7093.0000;None;76600.0000
21458;2023-03-13 17:38:24.017000;7;2072;1;1;0.0000;1;7093.0000;None;76600.0000
21458;2023-03-13 17:38:24.017000;7;2042;1;1;0.0000;1;7093.0000;None;76600.0000
21459;2023-03-13 16:39:34.793000;2;101878;1;2;37600.0000;1;3481.0000;None;37600.0000
21460;2023-03-13 16:44:47.017000;3;102635;1;1;8800.0000;1;4796.0000;None;51800.0000
21460;2023-03-13 16:44:47.017000;7;2042;1;1;0.0000;1;4796.0000;None;51800.0000
21460;2023-03-13 16:45:09.620000;1;104690;1;2;9600.0000;1;4796.0000;None;51800.0000
21460;2023-03-13 16:45:09.620000;1;103641;1;1;13800.0000;1;4796.0000;None;51800.0000
21460;2023-03-13 16:45:09.620000;1;103641;1;1;13800.0000;1;4796.0000;None;51800.0000
21460;2023-03-13 16:45:31.123000;3;102886;1;1;5800.0000;1;4796.0000;None;51800.0000
21460;2023-03-13 16:45:31.123000;3;102886;1;1;5800.0000;1;4796.0000;None;51800.0000
21460;2023-03-13 16:45:31.123000;7;2011;1;1;0.0000;1;4796.0000;None;51800.0000
21460;2023-03-13 16:52:56.637000;3;102886;1;-1;-5800.0000;1;4796.0000;None;51800.0000
21461;2023-03-13 17:00:47.307000;3;102644;1;1;6800.0000;1;8982.0000;None;97000.0000
21461;2023-03-13 17:00:47.307000;1;103773;1;1;9800.0000;1;8982.0000;None;97000.0000
21461;2023-03-13 17:08:03.067000;1;103784;1;1;29800.0000;1;8982.0000;None;97000.0000
21461;2023-03-13 17:08:03.067000;1;102981;1;1;36800.0000;1;8982.0000;None;97000.0000
21461;2023-03-13 17:08:03.067000;7;1006;1;1;0.0000;1;8982.0000;None;97000.0000
21461;2023-03-13 17:08:03.067000;1;101636;1;1;0.0000;1;8982.0000;None;97000.0000
21461;2023-03-13 17:08:03.067000;6;101061;1;1;0.0000;1;8982.0000;None;97000.0000
21461;2023-03-13 17:10:55.097000;1;103750;1;1;13800.0000;1;8982.0000;None;97000.0000
21462;2023-03-13 17:05:03.770000;1;108796;1;1;49800.0000;1;6130.0000;None;66200.0000
21462;2023-03-13 17:05:03.770000;7;1006;1;1;0.0000;1;6130.0000;None;66200.0000
21462;2023-03-13 17:05:03.770000;3;104554;1;1;4800.0000;1;6130.0000;None;66200.0000
21462;2023-03-13 17:05:03.770000;3;100614;1;1;5800.0000;1;6130.0000;None;66200.0000
21462;2023-03-13 17:05:03.770000;7;2011;1;1;0.0000;1;6130.0000;None;66200.0000
21462;2023-03-13 17:37:20.770000;3;100614;1;1;5800.0000;1;6130.0000;None;66200.0000
21463;2023-03-13 17:06:51.283000;1;102003;1;2;9600.0000;1;5315.0000;None;57400.0000
21463;2023-03-13 17:06:51.283000;1;103641;1;1;13800.0000;1;5315.0000;None;57400.0000
21463;2023-03-13 17:06:51.283000;3;100607;1;2;13600.0000;1;5315.0000;None;57400.0000
21463;2023-03-13 17:06:51.283000;3;100606;1;1;6800.0000;1;5315.0000;None;57400.0000
21463;2023-03-13 17:06:51.283000;7;2011;1;1;0.0000;1;5315.0000;None;57400.0000
21463;2023-03-13 17:06:51.283000;7;2011;1;1;0.0000;1;5315.0000;None;57400.0000
21463;2023-03-13 17:33:38.513000;3;100606;1;1;6800.0000;1;5315.0000;None;57400.0000
21463;2023-03-13 17:46:56.767000;3;201146;1;1;6800.0000;1;5315.0000;None;57400.0000
21463;2023-03-13 17:46:56.767000;7;2049;1;1;0.0000;1;5315.0000;None;57400.0000
21464;2023-03-13 17:12:43.023000;1;105511;1;1;43800.0000;1;6019.0000;None;65000.0000
21464;2023-03-13 17:12:43.023000;1;102003;1;2;9600.0000;1;6019.0000;None;65000.0000
21464;2023-03-13 17:12:43.023000;7;1001;1;1;0.0000;1;6019.0000;None;65000.0000
21464;2023-03-13 17:12:43.023000;7;1001;1;1;0.0000;1;6019.0000;None;65000.0000
21464;2023-03-13 17:12:43.023000;3;100606;1;1;6800.0000;1;6019.0000;None;65000.0000
21464;2023-03-13 17:12:43.023000;3;102747;1;1;4800.0000;1;6019.0000;None;65000.0000
21464;2023-03-13 17:12:43.023000;7;2072;1;1;0.0000;1;6019.0000;None;65000.0000
21466;2023-03-13 17:31:15.297000;1;102902;1;1;31800.0000;1;7519.0000;None;81200.0000
21466;2023-03-13 17:31:15.297000;7;1002;1;1;0.0000;1;7519.0000;None;81200.0000
21466;2023-03-13 17:31:15.297000;1;101522;2;1;0.0000;1;7519.0000;None;81200.0000
21466;2023-03-13 17:31:15.297000;1;102902;1;1;31800.0000;1;7519.0000;None;81200.0000
21466;2023-03-13 17:31:15.297000;7;1002;1;1;0.0000;1;7519.0000;None;81200.0000
21466;2023-03-13 17:31:15.297000;1;101522;2;1;0.0000;1;7519.0000;None;81200.0000
21466;2023-03-13 17:31:15.297000;3;102635;1;2;17600.0000;1;7519.0000;None;81200.0000
21466;2023-03-13 17:31:15.297000;6;101061;1;1;0.0000;1;7519.0000;None;81200.0000
21467;2023-03-13 17:31:42.757000;1;100624;1;1;1000.0000;1;None;None;1000.0000
21467;2023-03-13 17:31:42.757000;7;1213;1;1;0.0000;1;None;None;1000.0000
21468;2023-03-13 17:35:33.710000;3;100607;1;2;13600.0000;1;4593.0000;None;49600.0000
21468;2023-03-13 17:35:33.710000;7;2028;1;1;0.0000;1;4593.0000;None;49600.0000
21468;2023-03-13 17:35:33.710000;7;1207;1;1;0.0000;1;4593.0000;None;49600.0000
21468;2023-03-13 17:35:33.710000;3;102737;1;1;2800.0000;1;4593.0000;None;49600.0000
21468;2023-03-13 17:35:33.710000;7;2011;1;1;0.0000;1;4593.0000;None;49600.0000
21468;2023-03-13 17:35:33.710000;7;2011;1;1;0.0000;1;4593.0000;None;49600.0000
21468;2023-03-13 17:35:33.710000;1;100995;1;1;10800.0000;1;4593.0000;None;49600.0000
21468;2023-03-13 17:35:33.710000;7;1213;1;1;0.0000;1;4593.0000;None;49600.0000
21468;2023-03-13 17:35:33.710000;1;102960;1;1;5800.0000;1;4593.0000;None;49600.0000
21468;2023-03-13 17:35:33.710000;1;100995;1;1;10800.0000;1;4593.0000;None;49600.0000
21468;2023-03-13 17:35:33.710000;7;1213;1;1;0.0000;1;4593.0000;None;49600.0000
21468;2023-03-13 17:35:33.710000;1;102255;1;1;5800.0000;1;4593.0000;None;49600.0000
21469;2023-03-13 17:46:21.030000;3;100596;1;1;5800.0000;1;None;None;5800.0000
21470;2023-03-13 18:23:17.997000;1;109404;1;1;43800.0000;1;7889.0000;None;85200.0000
21470;2023-03-13 18:23:17.997000;1;101522;2;1;0.0000;1;7889.0000;None;85200.0000
21470;2023-03-13 18:23:17.997000;1;109398;1;1;27800.0000;1;7889.0000;None;85200.0000
21470;2023-03-13 18:23:17.997000;1;101522;2;1;0.0000;1;7889.0000;None;85200.0000
21470;2023-03-13 18:23:17.997000;7;1213;1;1;0.0000;1;7889.0000;None;85200.0000
21470;2023-03-13 18:23:17.997000;6;101061;1;1;0.0000;1;7889.0000;None;85200.0000
21470;2023-03-13 18:23:17.997000;3;201146;1;1;6800.0000;1;7889.0000;None;85200.0000
21470;2023-03-13 18:23:17.997000;3;201261;1;1;6800.0000;1;7889.0000;None;85200.0000
21471;2023-03-13 18:24:02.190000;1;103829;1;1;35800.0000;1;10278.0000;None;111000.0000
21471;2023-03-13 18:24:02.190000;6;104683;1;1;0.0000;1;10278.0000;None;111000.0000
21471;2023-03-13 18:24:02.190000;1;105511;1;1;43800.0000;1;10278.0000;None;111000.0000
21471;2023-03-13 18:24:02.190000;1;102228;1;1;8800.0000;1;10278.0000;None;111000.0000
21471;2023-03-13 18:24:02.190000;3;201146;1;1;6800.0000;1;10278.0000;None;111000.0000
21471;2023-03-13 18:24:02.190000;3;102748;1;1;15800.0000;1;10278.0000;None;111000.0000
21471;2023-03-13 18:24:02.190000;6;101061;1;1;0.0000;1;10278.0000;None;111000.0000
21472;2023-03-13 18:25:10.823000;1;109458;1;1;26800.0000;1;4111.0000;None;44400.0000
21472;2023-03-13 18:25:10.823000;1;102228;1;1;8800.0000;1;4111.0000;None;44400.0000
21472;2023-03-13 18:25:10.823000;6;101061;1;1;0.0000;1;4111.0000;None;44400.0000
21472;2023-03-13 18:25:10.823000;3;102635;1;1;8800.0000;1;4111.0000;None;44400.0000
21472;2023-03-13 18:25:10.823000;7;2042;1;1;0.0000;1;4111.0000;None;44400.0000
21473;2023-03-13 18:30:38.527000;1;101262;1;1;29800.0000;1;10278.0000;None;111000.0000
21473;2023-03-13 18:30:38.527000;7;1001;1;1;0.0000;1;10278.0000;None;111000.0000
21473;2023-03-13 18:30:38.527000;7;1001;1;1;0.0000;1;10278.0000;None;111000.0000
21473;2023-03-13 18:30:38.527000;1;101127;1;1;36800.0000;1;10278.0000;None;111000.0000
21473;2023-03-13 18:30:38.527000;1;109391;1;1;28800.0000;1;10278.0000;None;111000.0000
21473;2023-03-13 18:30:38.527000;6;104683;1;1;0.0000;1;10278.0000;None;111000.0000
21473;2023-03-13 18:30:38.527000;7;1002;1;1;0.0000;1;10278.0000;None;111000.0000
21473;2023-03-13 18:30:38.527000;1;101522;2;1;0.0000;1;10278.0000;None;111000.0000
21473;2023-03-13 18:30:38.527000;6;101061;1;1;0.0000;1;10278.0000;None;111000.0000
21473;2023-03-13 18:30:38.527000;3;102747;1;1;4800.0000;1;10278.0000;None;111000.0000
21473;2023-03-13 18:30:38.527000;7;2072;1;1;0.0000;1;10278.0000;None;111000.0000
21473;2023-03-13 18:30:38.527000;2;201187;1;1;10800.0000;1;10278.0000;None;111000.0000
21474;2023-03-13 18:31:21.913000;3;103911;1;1;6800.0000;1;6426.0000;None;69400.0000
21474;2023-03-13 18:34:11.323000;1;103642;1;1;25800.0000;1;6426.0000;None;69400.0000
21474;2023-03-13 18:34:11.323000;1;102680;1;1;36800.0000;1;6426.0000;None;69400.0000
21474;2023-03-13 18:34:11.323000;6;101061;1;1;0.0000;1;6426.0000;None;69400.0000
21475;2023-03-13 18:54:19.893000;1;105511;1;1;43800.0000;1;5500.0000;None;59400.0000
21475;2023-03-13 18:54:19.893000;1;102228;1;1;8800.0000;1;5500.0000;None;59400.0000
21475;2023-03-13 18:54:19.893000;3;201609;1;1;6800.0000;1;5500.0000;None;59400.0000
21475;2023-03-13 18:54:19.893000;7;2042;1;1;0.0000;1;5500.0000;None;59400.0000
21476;2023-03-13 19:06:12.367000;1;100974;1;1;17800.0000;1;7685.0000;None;83000.0000
21476;2023-03-13 19:06:12.367000;7;1213;1;1;0.0000;1;7685.0000;None;83000.0000
21476;2023-03-13 19:07:22.507000;3;102623;1;1;6800.0000;1;7685.0000;None;83000.0000
21476;2023-03-13 19:07:22.507000;7;2072;1;1;0.0000;1;7685.0000;None;83000.0000
21476;2023-03-13 19:07:22.507000;3;102747;1;1;4800.0000;1;7685.0000;None;83000.0000
21476;2023-03-13 19:07:22.507000;7;2072;1;1;0.0000;1;7685.0000;None;83000.0000
21476;2023-03-13 19:07:22.507000;7;2042;1;1;0.0000;1;7685.0000;None;83000.0000
21476;2023-03-13 19:07:22.507000;6;101061;1;1;0.0000;1;7685.0000;None;83000.0000
21476;2023-03-13 19:09:52.030000;1;102914;1;1;26800.0000;1;7685.0000;None;83000.0000
21476;2023-03-13 19:09:52.030000;1;102914;1;1;26800.0000;1;7685.0000;None;83000.0000
21476;2023-03-13 19:09:52.030000;7;1213;1;1;0.0000;1;7685.0000;None;83000.0000
