14621;2023-03-12 12:31:07.913000;1;103073;1;1;32800.0000;1;None;None;32800.0000
14622;2023-03-12 12:32:40.697000;1;104261;1;1;18800.0000;1;None;None;18800.0000
14623;2023-03-12 12:34:26.930000;1;101323;1;1;29800.0000;1;None;None;34600.0000
14623;2023-03-12 12:34:26.930000;3;102747;1;1;4800.0000;1;None;None;34600.0000
14626;2023-03-12 12:57:22.387000;8;100953;1;1;44800.0000;1;7444.0000;None;80400.0000
14626;2023-03-12 12:57:22.387000;8;103867;1;1;28800.0000;1;7444.0000;None;80400.0000
14626;2023-03-12 12:57:22.387000;3;200644;1;1;6800.0000;1;7444.0000;None;80400.0000
14627;2023-03-12 13:00:20.590000;8;107298;1;1;48800.0000;1;None;None;55600.0000
14627;2023-03-12 13:00:20.590000;8;107228;1;1;0.0000;1;None;None;55600.0000
14627;2023-03-12 13:00:20.590000;3;200644;1;1;6800.0000;1;None;None;55600.0000
14628;2023-03-12 13:15:27.313000;3;201221;1;1;6800.0000;1;4315.0000;None;46600.0000
14628;2023-03-12 13:15:27.313000;8;100954;1;1;39800.0000;1;4315.0000;None;46600.0000
14629;2023-03-12 13:16:54.157000;1;103073;1;1;32800.0000;1;10019.0000;None;108200.0000
14629;2023-03-12 13:16:54.157000;8;103028;1;1;56800.0000;1;10019.0000;None;108200.0000
14629;2023-03-12 13:16:54.157000;3;102619;1;1;7800.0000;1;10019.0000;None;108200.0000
14629;2023-03-12 13:16:54.157000;2;201184;1;1;10800.0000;1;10019.0000;None;108200.0000
14630;2023-03-12 13:18:29.420000;8;103867;1;1;28800.0000;1;6593.0000;None;71200.0000
14630;2023-03-12 13:18:29.420000;8;103867;1;1;28800.0000;1;6593.0000;None;71200.0000
14630;2023-03-12 13:18:29.420000;3;200644;1;1;6800.0000;1;6593.0000;None;71200.0000
14630;2023-03-12 13:18:29.420000;3;201237;1;1;6800.0000;1;6593.0000;None;71200.0000
14631;2023-03-12 13:28:25.673000;1;102457;1;1;18800.0000;1;4778.0000;None;51600.0000
14631;2023-03-12 13:28:25.673000;7;1001;1;1;0.0000;1;4778.0000;None;51600.0000
14631;2023-03-12 13:28:25.673000;7;1001;1;1;0.0000;1;4778.0000;None;51600.0000
14631;2023-03-12 13:28:25.673000;1;103073;1;1;32800.0000;1;4778.0000;None;51600.0000
14632;2023-03-12 13:33:08.443000;1;102457;1;1;18800.0000;1;7333.0000;None;79200.0000
14632;2023-03-12 13:33:08.443000;7;1001;1;1;0.0000;1;7333.0000;None;79200.0000
14632;2023-03-12 13:33:08.443000;7;1001;1;1;0.0000;1;7333.0000;None;79200.0000
14632;2023-03-12 13:33:08.443000;1;109511;1;1;46800.0000;1;7333.0000;None;79200.0000
14632;2023-03-12 13:33:08.443000;3;201304;1;1;6800.0000;1;7333.0000;None;79200.0000
14632;2023-03-12 13:44:37.127000;3;201304;1;1;6800.0000;1;7333.0000;None;79200.0000
14633;2023-03-12 13:38:37.077000;8;107225;1;1;33800.0000;1;9556.0000;None;103200.0000
14633;2023-03-12 13:38:37.077000;8;107228;1;1;0.0000;1;9556.0000;None;103200.0000
14633;2023-03-12 13:38:37.077000;8;103028;1;1;56800.0000;1;9556.0000;None;103200.0000
14633;2023-03-12 13:38:37.077000;3;201304;1;1;6800.0000;1;9556.0000;None;103200.0000
14633;2023-03-12 13:38:37.077000;3;104446;1;1;5800.0000;1;9556.0000;None;103200.0000
14634;2023-03-12 13:39:42.610000;1;103596;1;1;79800.0000;1;27648.0000;None;298600.0000
14634;2023-03-12 13:39:42.610000;1;103596;1;1;79800.0000;1;27648.0000;None;298600.0000
14634;2023-03-12 13:39:42.610000;1;103057;1;1;58800.0000;1;27648.0000;None;298600.0000
14634;2023-03-12 13:39:42.610000;1;103058;1;1;32800.0000;1;27648.0000;None;298600.0000
14634;2023-03-12 14:01:30.080000;3;102748;1;1;15800.0000;1;27648.0000;None;298600.0000
14634;2023-03-12 14:01:30.080000;3;102748;1;1;15800.0000;1;27648.0000;None;298600.0000
14634;2023-03-12 14:08:47.357000;3;102748;1;1;15800.0000;1;27648.0000;None;298600.0000
14635;2023-03-12 13:44:00.403000;8;101996;1;1;15800.0000;1;15426.0000;None;166600.0000
14635;2023-03-12 13:44:00.403000;7;1001;1;1;0.0000;1;15426.0000;None;166600.0000
14635;2023-03-12 13:44:00.403000;8;102340;1;1;33800.0000;1;15426.0000;None;166600.0000
14635;2023-03-12 13:44:00.403000;8;101026;1;1;35800.0000;1;15426.0000;None;166600.0000
14635;2023-03-12 13:44:00.403000;7;1213;1;1;0.0000;1;15426.0000;None;166600.0000
14635;2023-03-12 13:44:00.403000;2;201184;1;1;10800.0000;1;15426.0000;None;166600.0000
14635;2023-03-12 13:44:00.403000;3;102747;1;1;4800.0000;1;15426.0000;None;166600.0000
14635;2023-03-12 13:44:00.403000;3;201221;1;1;6800.0000;1;15426.0000;None;166600.0000
14635;2023-03-12 13:44:00.403000;1;103057;1;1;58800.0000;1;15426.0000;None;166600.0000
14635;2023-03-12 13:44:00.403000;7;1213;1;1;0.0000;1;15426.0000;None;166600.0000
14636;2023-03-12 13:48:41.160000;8;107225;1;1;33800.0000;1;6778.0000;None;73200.0000
14636;2023-03-12 13:48:41.160000;8;107228;1;1;0.0000;1;6778.0000;None;73200.0000
14636;2023-03-12 13:48:41.160000;7;1213;1;1;0.0000;1;6778.0000;None;73200.0000
14636;2023-03-12 13:48:41.160000;8;108660;1;1;22800.0000;1;6778.0000;None;73200.0000
14636;2023-03-12 13:48:41.160000;8;107228;1;1;0.0000;1;6778.0000;None;73200.0000
14636;2023-03-12 13:48:41.160000;7;1213;1;1;0.0000;1;6778.0000;None;73200.0000
14636;2023-03-12 13:48:41.160000;2;201184;1;1;10800.0000;1;6778.0000;None;73200.0000
14636;2023-03-12 13:48:41.160000;3;104446;1;1;5800.0000;1;6778.0000;None;73200.0000
14637;2023-03-12 13:50:22.753000;8;103544;1;1;25800.0000;1;3574.0000;None;38600.0000
14637;2023-03-12 13:50:22.753000;3;102633;1;1;12800.0000;1;3574.0000;None;38600.0000
14638;2023-03-12 13:54:26.777000;8;103746;1;1;39800.0000;1;24167.0000;None;261000.0000
14638;2023-03-12 13:54:26.777000;8;102340;1;1;33800.0000;1;24167.0000;None;261000.0000
14638;2023-03-12 13:54:26.777000;8;105424;1;1;75800.0000;1;24167.0000;None;261000.0000
14638;2023-03-12 13:54:26.777000;8;103539;1;1;32800.0000;1;24167.0000;None;261000.0000
14638;2023-03-12 13:54:26.777000;1;101323;1;1;29800.0000;1;24167.0000;None;261000.0000
14638;2023-03-12 13:54:26.777000;1;101323;1;1;29800.0000;1;24167.0000;None;261000.0000
14638;2023-03-12 13:54:26.777000;3;102747;1;4;19200.0000;1;24167.0000;None;261000.0000
14638;2023-03-12 13:54:26.777000;7;1207;1;1;0.0000;1;24167.0000;None;261000.0000
14640;2023-03-12 13:56:50.890000;1;102457;1;1;18800.0000;1;None;None;92200.0000
14640;2023-03-12 13:56:50.890000;7;1001;1;1;0.0000;1;None;None;92200.0000
14640;2023-03-12 13:56:50.890000;8;107225;1;1;33800.0000;1;None;None;92200.0000
14640;2023-03-12 13:56:50.890000;8;107228;1;1;0.0000;1;None;None;92200.0000
14640;2023-03-12 13:56:50.890000;8;103539;1;1;32800.0000;1;None;None;92200.0000
14640;2023-03-12 13:56:50.890000;3;200644;1;1;6800.0000;1;None;None;92200.0000
14641;2023-03-12 14:00:25.773000;1;102457;1;1;18800.0000;1;13167.0000;None;142200.0000
14641;2023-03-12 14:00:25.773000;7;1001;1;1;0.0000;1;13167.0000;None;142200.0000
14641;2023-03-12 14:00:25.773000;7;1001;1;1;0.0000;1;13167.0000;None;142200.0000
14641;2023-03-12 14:00:25.773000;1;103073;1;1;32800.0000;1;13167.0000;None;142200.0000
14641;2023-03-12 14:00:25.773000;1;103596;1;1;79800.0000;1;13167.0000;None;142200.0000
14641;2023-03-12 14:00:25.773000;2;201184;1;1;10800.0000;1;13167.0000;None;142200.0000
14644;2023-03-12 14:05:51.557000;1;109511;1;1;46800.0000;1;None;None;46800.0000
14645;2023-03-12 14:07:05.103000;8;103539;1;1;32800.0000;1;11111.0000;None;120000.0000
14645;2023-03-12 14:07:05.103000;8;103867;1;1;28800.0000;1;11111.0000;None;120000.0000
14645;2023-03-12 14:07:05.103000;8;107298;1;1;48800.0000;1;11111.0000;None;120000.0000
14645;2023-03-12 14:07:05.103000;8;107228;1;1;0.0000;1;11111.0000;None;120000.0000
14645;2023-03-12 14:07:05.103000;3;102747;1;1;4800.0000;1;11111.0000;None;120000.0000
14645;2023-03-12 14:07:05.103000;3;102747;1;1;4800.0000;1;11111.0000;None;120000.0000
14646;2023-03-12 14:10:49.057000;8;109312;1;1;21800.0000;1;None;None;39600.0000
14646;2023-03-12 14:10:49.057000;7;1001;1;1;0.0000;1;None;None;39600.0000
14646;2023-03-12 14:10:49.057000;7;1001;1;1;0.0000;1;None;None;39600.0000
14646;2023-03-12 14:10:49.057000;8;103002;1;1;17800.0000;1;None;None;39600.0000
14646;2023-03-12 14:10:49.057000;7;1001;1;1;0.0000;1;None;None;39600.0000
14647;2023-03-12 14:18:21.517000;1;102457;1;1;18800.0000;1;9444.0000;None;102000.0000
14647;2023-03-12 14:18:21.517000;1;101051;1;1;49800.0000;1;9444.0000;None;102000.0000
14647;2023-03-12 14:18:21.517000;8;101996;1;1;15800.0000;1;9444.0000;None;102000.0000
14647;2023-03-12 14:18:21.517000;3;201146;1;1;6800.0000;1;9444.0000;None;102000.0000
14647;2023-03-12 14:18:21.517000;2;201184;1;1;10800.0000;1;9444.0000;None;102000.0000
14648;2023-03-12 14:20:39.290000;1;103074;1;1;37800.0000;1;6704.0000;None;72400.0000
14648;2023-03-12 14:20:39.290000;1;102457;1;1;18800.0000;1;6704.0000;None;72400.0000
14648;2023-03-12 14:20:39.290000;3;102748;1;1;15800.0000;1;6704.0000;None;72400.0000
14649;2023-03-12 14:21:30.187000;3;102633;1;1;12800.0000;1;8574.0000;None;92600.0000
14649;2023-03-12 14:21:30.187000;1;103596;1;1;79800.0000;1;8574.0000;None;92600.0000
14650;2023-03-12 14:22:24.907000;3;104446;1;1;5800.0000;1;3204.0000;None;34600.0000
14650;2023-03-12 14:22:24.907000;8;103867;1;1;28800.0000;1;3204.0000;None;34600.0000
14651;2023-03-12 14:26:46.577000;8;103867;1;1;28800.0000;1;8815.0000;None;95200.0000
14651;2023-03-12 14:26:46.577000;1;109509;1;1;43800.0000;1;8815.0000;None;95200.0000
14651;2023-03-12 14:26:46.577000;3;102633;1;1;12800.0000;1;8815.0000;None;95200.0000
14651;2023-03-12 14:26:46.577000;3;102637;1;1;9800.0000;1;8815.0000;None;95200.0000
14652;2023-03-12 14:27:45.967000;8;103867;1;1;28800.0000;1;4222.0000;None;45600.0000
14652;2023-03-12 14:27:45.967000;1;102456;1;1;16800.0000;1;4222.0000;None;45600.0000
14653;2023-03-12 14:33:23.787000;8;101026;1;1;35800.0000;1;13278.0000;None;143400.0000
14653;2023-03-12 14:33:23.787000;8;103028;1;1;56800.0000;1;13278.0000;None;143400.0000
14653;2023-03-12 14:33:23.787000;8;101971;1;1;50800.0000;1;13278.0000;None;143400.0000
14654;2023-03-12 14:34:45.010000;1;103073;1;1;32800.0000;1;3667.0000;None;39600.0000
14654;2023-03-12 14:34:45.010000;3;200644;1;1;6800.0000;1;3667.0000;None;39600.0000
14655;2023-03-12 14:42:36.057000;1;109509;1;1;43800.0000;1;13241.0000;None;143000.0000
14655;2023-03-12 14:42:36.057000;8;103867;1;1;28800.0000;1;13241.0000;None;143000.0000
14655;2023-03-12 14:42:36.057000;8;103028;1;1;56800.0000;1;13241.0000;None;143000.0000
14655;2023-03-12 14:42:36.057000;3;201237;1;1;6800.0000;1;13241.0000;None;143000.0000
14655;2023-03-12 14:42:36.057000;3;201237;1;1;6800.0000;1;13241.0000;None;143000.0000
14656;2023-03-12 14:46:05.193000;8;101992;1;1;31800.0000;1;14259.0000;None;154000.0000
14656;2023-03-12 14:46:05.193000;8;103867;1;1;28800.0000;1;14259.0000;None;154000.0000
14656;2023-03-12 14:46:05.193000;1;103596;1;1;79800.0000;1;14259.0000;None;154000.0000
14656;2023-03-12 14:46:05.193000;3;201146;1;1;6800.0000;1;14259.0000;None;154000.0000
14656;2023-03-12 14:46:05.193000;3;201146;1;1;6800.0000;1;14259.0000;None;154000.0000
14657;2023-03-12 14:49:26.577000;8;106077;1;1;32800.0000;1;7241.0000;None;78200.0000
14657;2023-03-12 14:49:26.577000;1;101323;1;1;29800.0000;1;7241.0000;None;78200.0000
14657;2023-03-12 14:49:26.577000;3;102747;1;1;4800.0000;1;7241.0000;None;78200.0000
14657;2023-03-12 14:49:26.577000;2;201184;1;1;10800.0000;1;7241.0000;None;78200.0000
14658;2023-03-12 14:51:37.797000;8;103867;1;1;28800.0000;1;12704.0000;None;137200.0000
14658;2023-03-12 14:51:37.797000;8;101883;1;1;54800.0000;1;12704.0000;None;137200.0000
14658;2023-03-12 14:51:37.797000;1;102457;1;1;18800.0000;1;12704.0000;None;137200.0000
14658;2023-03-12 14:51:37.797000;8;102692;1;1;34800.0000;1;12704.0000;None;137200.0000
14658;2023-03-12 14:51:37.797000;7;1213;1;1;0.0000;1;12704.0000;None;137200.0000
14659;2023-03-12 14:52:41.747000;8;103615;1;1;37800.0000;1;None;None;37800.0000
14660;2023-03-12 14:53:40.227000;1;101323;1;1;29800.0000;1;8796.0000;None;95000.0000
14660;2023-03-12 14:53:40.227000;8;100953;1;1;44800.0000;1;8796.0000;None;95000.0000
14660;2023-03-12 14:53:40.227000;3;201221;1;1;6800.0000;1;8796.0000;None;95000.0000
14660;2023-03-12 14:53:40.227000;3;201221;1;1;6800.0000;1;8796.0000;None;95000.0000
14660;2023-03-12 14:53:40.227000;3;201261;1;1;6800.0000;1;8796.0000;None;95000.0000
14661;2023-03-12 14:57:14.793000;1;101929;1;1;16800.0000;1;None;3000.0000;150600.0000
14661;2023-03-12 14:57:14.793000;8;103867;1;1;28800.0000;1;None;3000.0000;150600.0000
14661;2023-03-12 14:57:14.793000;8;103867;1;1;28800.0000;1;None;3000.0000;150600.0000
14661;2023-03-12 14:57:14.793000;8;104259;1;1;13800.0000;1;None;3000.0000;150600.0000
14661;2023-03-12 14:57:14.793000;8;101971;1;1;50800.0000;1;None;3000.0000;150600.0000
14661;2023-03-12 14:57:14.793000;3;102747;1;1;4800.0000;1;None;3000.0000;150600.0000
14661;2023-03-12 14:57:14.793000;3;201269;1;1;6800.0000;1;None;3000.0000;150600.0000
14662;2023-03-12 14:58:24.580000;8;106077;1;1;32800.0000;1;None;None;106400.0000
14662;2023-03-12 14:58:24.580000;8;101992;1;1;31800.0000;1;None;None;106400.0000
14662;2023-03-12 14:58:24.580000;8;107926;1;1;41800.0000;1;None;None;106400.0000
14662;2023-03-12 14:58:24.580000;8;107228;1;1;0.0000;1;None;None;106400.0000
14662;2023-03-12 14:58:24.580000;7;1213;1;1;0.0000;1;None;None;106400.0000
14663;2023-03-12 15:01:06.430000;1;105023;1;1;55800.0000;1;13333.0000;None;144000.0000
14663;2023-03-12 15:01:06.430000;8;103867;1;1;28800.0000;1;13333.0000;None;144000.0000
14663;2023-03-12 15:01:06.430000;8;103023;1;1;47800.0000;1;13333.0000;None;144000.0000
14663;2023-03-12 15:01:06.430000;3;102747;1;1;4800.0000;1;13333.0000;None;144000.0000
14663;2023-03-12 15:01:06.430000;3;201304;1;1;6800.0000;1;13333.0000;None;144000.0000
14664;2023-03-12 15:02:58.050000;8;103028;1;1;56800.0000;1;16852.0000;None;182000.0000
14664;2023-03-12 15:02:58.050000;8;102800;1;1;69800.0000;1;16852.0000;None;182000.0000
14664;2023-03-12 15:02:58.050000;1;109510;1;1;41800.0000;1;16852.0000;None;182000.0000
14664;2023-03-12 15:02:58.050000;3;201221;1;1;6800.0000;1;16852.0000;None;182000.0000
14664;2023-03-12 15:02:58.050000;3;201422;1;1;6800.0000;1;16852.0000;None;182000.0000
14665;2023-03-12 15:05:09.533000;1;101316;1;1;36800.0000;1;4037.0000;None;43600.0000
14665;2023-03-12 15:05:09.533000;3;201304;1;1;6800.0000;1;4037.0000;None;43600.0000
14666;2023-03-12 15:06:36.330000;8;101026;1;1;35800.0000;1;11019.0000;None;119000.0000
14666;2023-03-12 15:06:36.330000;8;103615;1;1;37800.0000;1;11019.0000;None;119000.0000
14666;2023-03-12 15:06:36.330000;8;102692;1;1;34800.0000;1;11019.0000;None;119000.0000
14666;2023-03-12 15:06:36.330000;3;104446;1;1;5800.0000;1;11019.0000;None;119000.0000
14666;2023-03-12 15:06:36.330000;3;102747;1;1;4800.0000;1;11019.0000;None;119000.0000
14667;2023-03-12 15:07:45.707000;1;109508;1;1;29800.0000;1;None;None;29800.0000
14667;2023-03-12 15:07:45.707000;7;1213;1;1;0.0000;1;None;None;29800.0000
14668;2023-03-12 15:08:38.477000;1;101929;1;1;16800.0000;1;3111.0000;None;33600.0000
14668;2023-03-12 15:08:38.477000;1;104253;1;1;16800.0000;1;3111.0000;None;33600.0000
14669;2023-03-12 15:09:48.807000;1;101320;1;1;27800.0000;1;None;None;27800.0000
14671;2023-03-12 15:12:59.817000;1;103714;1;1;59800.0000;1;None;None;66600.0000
14671;2023-03-12 15:12:59.817000;3;201304;1;1;6800.0000;1;None;None;66600.0000
14672;2023-03-12 15:20:30.837000;8;101026;1;1;35800.0000;1;18667.0000;None;201600.0000
14672;2023-03-12 15:20:30.837000;8;105424;1;1;75800.0000;1;18667.0000;None;201600.0000
14672;2023-03-12 15:20:30.837000;8;103867;1;1;28800.0000;1;18667.0000;None;201600.0000
14672;2023-03-12 15:20:30.837000;1;103073;1;1;32800.0000;1;18667.0000;None;201600.0000
14672;2023-03-12 15:20:30.837000;1;101929;1;1;16800.0000;1;18667.0000;None;201600.0000
14672;2023-03-12 15:20:30.837000;3;102747;1;1;4800.0000;1;18667.0000;None;201600.0000
14672;2023-03-12 15:20:30.837000;3;200644;1;1;6800.0000;1;18667.0000;None;201600.0000
14673;2023-03-12 15:22:22.800000;1;109508;1;1;29800.0000;1;7037.0000;None;76000.0000
14673;2023-03-12 15:22:22.800000;8;102997;1;1;11800.0000;1;7037.0000;None;76000.0000
14673;2023-03-12 15:22:22.800000;8;102997;1;1;11800.0000;1;7037.0000;None;76000.0000
14673;2023-03-12 15:22:22.800000;3;102748;1;1;15800.0000;1;7037.0000;None;76000.0000
14673;2023-03-12 15:22:22.800000;3;201221;1;1;6800.0000;1;7037.0000;None;76000.0000
14674;2023-03-12 15:24:40.167000;1;101929;1;1;16800.0000;1;7611.0000;None;82200.0000
14674;2023-03-12 15:24:40.167000;1;109508;1;1;29800.0000;1;7611.0000;None;82200.0000
14674;2023-03-12 15:24:40.167000;7;1213;1;1;0.0000;1;7611.0000;None;82200.0000
14674;2023-03-12 15:24:40.167000;8;103867;1;1;28800.0000;1;7611.0000;None;82200.0000
14674;2023-03-12 15:24:40.167000;3;200644;1;1;6800.0000;1;7611.0000;None;82200.0000
14675;2023-03-12 15:26:39.273000;8;101040;1;1;45800.0000;1;None;None;45800.0000
14676;2023-03-12 15:27:16.067000;1;103073;1;1;32800.0000;1;None;None;39600.0000
14676;2023-03-12 15:27:16.067000;3;201237;1;1;6800.0000;1;None;None;39600.0000
14677;2023-03-12 15:29:58.237000;3;201221;1;1;6800.0000;1;None;None;6800.0000
14678;2023-03-12 15:32:48.483000;1;101929;1;1;16800.0000;1;None;None;16800.0000
14679;2023-03-12 15:42:14.773000;1;109510;1;1;41800.0000;1;11130.0000;None;120200.0000
14679;2023-03-12 15:42:14.773000;1;103057;1;1;58800.0000;1;11130.0000;None;120200.0000
14679;2023-03-12 15:42:14.773000;7;1213;1;1;0.0000;1;11130.0000;None;120200.0000
14679;2023-03-12 15:42:14.773000;3;201146;1;1;6800.0000;1;11130.0000;None;120200.0000
14679;2023-03-12 15:42:14.773000;3;102633;1;1;12800.0000;1;11130.0000;None;120200.0000
14680;2023-03-12 15:44:36.310000;1;101929;1;1;16800.0000;1;17593.0000;None;190000.0000
14680;2023-03-12 15:44:36.310000;1;103596;1;1;79800.0000;1;17593.0000;None;190000.0000
14680;2023-03-12 15:44:36.310000;1;103596;1;1;79800.0000;1;17593.0000;None;190000.0000
14680;2023-03-12 15:44:36.310000;3;201304;1;1;6800.0000;1;17593.0000;None;190000.0000
14680;2023-03-12 15:44:36.310000;3;200644;1;1;6800.0000;1;17593.0000;None;190000.0000
14681;2023-03-12 15:47:33.020000;8;107926;1;1;41800.0000;1;4315.0000;None;46600.0000
14681;2023-03-12 15:47:33.020000;8;107228;1;1;0.0000;1;4315.0000;None;46600.0000
14681;2023-03-12 15:47:33.020000;3;102747;1;1;4800.0000;1;4315.0000;None;46600.0000
14682;2023-03-12 15:53:36.250000;8;103023;1;1;47800.0000;1;10037.0000;None;108400.0000
14682;2023-03-12 15:53:36.250000;1;105023;1;1;55800.0000;1;10037.0000;None;108400.0000
14682;2023-03-12 15:53:36.250000;3;102747;1;1;4800.0000;1;10037.0000;None;108400.0000
14683;2023-03-12 16:00:17.210000;1;103073;1;1;32800.0000;1;3759.0000;None;40600.0000
14683;2023-03-12 16:00:17.210000;3;102619;1;1;7800.0000;1;3759.0000;None;40600.0000
14684;2023-03-12 16:02:44.660000;1;103596;1;1;79800.0000;1;20815.0000;None;224800.0000
14684;2023-03-12 16:02:44.660000;1;102927;1;1;66800.0000;1;20815.0000;None;224800.0000
14684;2023-03-12 16:02:44.660000;6;101546;1;1;0.0000;1;20815.0000;None;224800.0000
14684;2023-03-12 16:02:44.660000;6;105090;1;1;0.0000;1;20815.0000;None;224800.0000
14684;2023-03-12 16:02:44.660000;6;105509;1;1;0.0000;1;20815.0000;None;224800.0000
14684;2023-03-12 16:02:44.660000;1;105023;1;1;55800.0000;1;20815.0000;None;224800.0000
14684;2023-03-12 16:02:44.660000;3;201146;1;1;6800.0000;1;20815.0000;None;224800.0000
14684;2023-03-12 16:02:44.660000;3;102619;1;1;7800.0000;1;20815.0000;None;224800.0000
14684;2023-03-12 16:02:44.660000;3;102619;1;1;7800.0000;1;20815.0000;None;224800.0000
14685;2023-03-12 16:23:48.737000;1;101929;1;1;16800.0000;1;16019.0000;None;173000.0000
14685;2023-03-12 16:23:48.737000;7;1001;1;1;0.0000;1;16019.0000;None;173000.0000
14685;2023-03-12 16:23:48.737000;1;103596;1;1;79800.0000;1;16019.0000;None;173000.0000
14685;2023-03-12 16:23:48.737000;1;102927;1;1;66800.0000;1;16019.0000;None;173000.0000
14685;2023-03-12 16:23:48.737000;6;105509;1;1;0.0000;1;16019.0000;None;173000.0000
14685;2023-03-12 16:23:48.737000;6;105090;1;1;0.0000;1;16019.0000;None;173000.0000
14685;2023-03-12 16:23:48.737000;6;101546;1;1;0.0000;1;16019.0000;None;173000.0000
14685;2023-03-12 16:23:48.737000;3;102747;1;1;4800.0000;1;16019.0000;None;173000.0000
14685;2023-03-12 16:23:48.737000;3;102747;1;1;4800.0000;1;16019.0000;None;173000.0000
14686;2023-03-12 16:36:05.660000;8;107928;1;1;59800.0000;1;None;None;59800.0000
14686;2023-03-12 16:36:05.660000;8;107228;1;1;0.0000;1;None;None;59800.0000
14686;2023-03-12 16:36:05.660000;7;1213;1;1;0.0000;1;None;None;59800.0000
14687;2023-03-12 16:53:02.900000;8;103023;1;1;47800.0000;1;None;None;47800.0000
14688;2023-03-12 16:57:15.390000;8;101992;1;1;31800.0000;1;6241.0000;None;67400.0000
14688;2023-03-12 16:57:15.390000;8;103867;1;1;28800.0000;1;6241.0000;None;67400.0000
14688;2023-03-12 16:57:15.390000;3;201146;1;1;6800.0000;1;6241.0000;None;67400.0000
14689;2023-03-12 17:18:05.210000;8;103867;1;1;28800.0000;1;None;None;35600.0000
14689;2023-03-12 17:18:05.210000;3;201304;1;1;6800.0000;1;None;None;35600.0000
14691;2023-03-12 18:26:34.760000;8;107225;1;1;33800.0000;1;None;None;33800.0000
14691;2023-03-12 18:26:34.760000;8;107228;1;1;0.0000;1;None;None;33800.0000
14692;2023-03-12 18:33:35.877000;1;102458;1;1;19800.0000;1;13852.0000;None;149600.0000
14692;2023-03-12 18:33:35.877000;7;1001;1;1;0.0000;1;13852.0000;None;149600.0000
14692;2023-03-12 18:33:35.877000;8;103023;1;1;47800.0000;1;13852.0000;None;149600.0000
14692;2023-03-12 18:33:35.877000;3;102635;1;1;8800.0000;1;13852.0000;None;149600.0000
14692;2023-03-12 18:33:35.877000;8;103867;1;1;28800.0000;1;13852.0000;None;149600.0000
14692;2023-03-12 18:33:35.877000;3;102747;1;1;4800.0000;1;13852.0000;None;149600.0000
14692;2023-03-12 18:33:35.877000;3;104446;1;1;5800.0000;1;13852.0000;None;149600.0000
14692;2023-03-12 18:33:35.877000;8;107225;1;1;33800.0000;1;13852.0000;None;149600.0000
14692;2023-03-12 18:33:35.877000;8;107228;1;1;0.0000;1;13852.0000;None;149600.0000
14692;2023-03-12 18:33:35.877000;7;1213;1;1;0.0000;1;13852.0000;None;149600.0000
