6977;2023-03-09 12:53:32.530000;2;101728;1;1;33800.0000;1;14722.0000;None;159000.0000
6977;2023-03-09 12:53:32.530000;3;103912;1;1;7800.0000;1;14722.0000;None;159000.0000
6977;2023-03-09 12:53:32.530000;1;109501;1;1;28800.0000;1;14722.0000;None;159000.0000
6977;2023-03-09 12:53:32.530000;7;1029;1;1;0.0000;1;14722.0000;None;159000.0000
6977;2023-03-09 13:03:11.920000;1;101047;1;1;46800.0000;1;14722.0000;None;159000.0000
6977;2023-03-09 13:03:11.920000;7;1002;1;1;0.0000;1;14722.0000;None;159000.0000
6977;2023-03-09 13:03:11.920000;1;109510;1;1;41800.0000;1;14722.0000;None;159000.0000
6977;2023-03-09 13:03:11.920000;7;1020;1;1;0.0000;1;14722.0000;None;159000.0000
6977;2023-03-09 13:03:11.920000;7;1030;1;1;0.0000;1;14722.0000;None;159000.0000
6978;2023-03-09 13:07:58.270000;3;201269;1;2;13600.0000;1;17685.0000;None;191000.0000
6978;2023-03-09 13:07:58.270000;3;108191;1;2;0.0000;1;17685.0000;None;191000.0000
6978;2023-03-09 13:21:49.690000;1;108437;1;1;79800.0000;1;17685.0000;None;191000.0000
6978;2023-03-09 13:21:49.690000;8;103615;1;1;37800.0000;1;17685.0000;None;191000.0000
6978;2023-03-09 13:21:49.690000;1;102319;1;1;3800.0000;1;17685.0000;None;191000.0000
6978;2023-03-09 13:21:49.690000;1;102319;1;1;3800.0000;1;17685.0000;None;191000.0000
6978;2023-03-09 13:21:49.690000;7;1020;1;1;0.0000;1;17685.0000;None;191000.0000
6978;2023-03-09 13:29:41.217000;6;101613;1;10;0.0000;1;17685.0000;None;191000.0000
6978;2023-03-09 13:36:02.773000;3;201269;1;1;6800.0000;1;17685.0000;None;191000.0000
6978;2023-03-09 13:36:02.773000;3;108191;1;1;0.0000;1;17685.0000;None;191000.0000
6978;2023-03-09 13:48:38.777000;1;103595;1;1;35800.0000;1;17685.0000;None;191000.0000
6978;2023-03-09 14:08:03.227000;3;104554;1;1;4800.0000;1;17685.0000;None;191000.0000
6978;2023-03-09 14:08:03.227000;3;104554;1;1;4800.0000;1;17685.0000;None;191000.0000
6979;2023-03-09 13:14:40.273000;1;102743;1;1;28800.0000;1;20556.0000;None;222000.0000
6979;2023-03-09 13:14:40.273000;1;101927;1;1;129800.0000;1;20556.0000;None;222000.0000
6979;2023-03-09 13:14:40.273000;7;1020;1;1;0.0000;1;20556.0000;None;222000.0000
6979;2023-03-09 13:14:48.230000;2;101818;1;1;28800.0000;1;20556.0000;None;222000.0000
6979;2023-03-09 13:14:48.230000;2;101818;1;1;28800.0000;1;20556.0000;None;222000.0000
6979;2023-03-09 14:08:53.157000;3;100596;1;1;5800.0000;1;20556.0000;None;222000.0000
6981;2023-03-09 16:13:48.713000;8;103687;1;1;89800.0000;1;37871.0000;None;409000.0000
6981;2023-03-09 16:13:48.713000;8;109165;1;1;69800.0000;1;37871.0000;None;409000.0000
6981;2023-03-09 16:14:48.507000;2;105451;1;1;79800.0000;1;37871.0000;None;409000.0000
6981;2023-03-09 16:14:48.507000;7;1207;1;1;0.0000;1;37871.0000;None;409000.0000
6981;2023-03-09 16:50:32.103000;8;102992;1;1;42800.0000;1;37871.0000;None;409000.0000
6981;2023-03-09 16:50:32.103000;8;102992;1;1;42800.0000;1;37871.0000;None;409000.0000
6981;2023-03-09 16:50:32.103000;8;103544;1;1;25800.0000;1;37871.0000;None;409000.0000
6981;2023-03-09 17:13:41.373000;8;103544;1;1;25800.0000;1;37871.0000;None;409000.0000
6981;2023-03-09 17:24:24.567000;3;103912;1;1;7800.0000;1;37871.0000;None;409000.0000
6981;2023-03-09 17:34:21.207000;1;101891;1;1;16800.0000;1;37871.0000;None;409000.0000
6981;2023-03-09 17:34:29.087000;3;103912;1;1;7800.0000;1;37871.0000;None;409000.0000
6983;2023-03-09 17:11:27.313000;8;102800;1;1;69800.0000;1;None;None;279600.0000
6983;2023-03-09 17:11:27.313000;8;109165;1;1;69800.0000;1;None;None;279600.0000
6983;2023-03-09 17:11:27.313000;8;104200;1;1;15800.0000;1;None;None;279600.0000
6983;2023-03-09 17:11:27.313000;7;1135;1;1;0.0000;1;None;None;279600.0000
6983;2023-03-09 17:11:27.313000;1;103596;1;1;79800.0000;1;None;None;279600.0000
6983;2023-03-09 17:11:27.313000;1;105010;1;1;0.0000;1;None;None;279600.0000
6983;2023-03-09 17:11:27.313000;1;106337;1;1;0.0000;1;None;None;279600.0000
6983;2023-03-09 17:11:27.313000;1;102925;1;1;12800.0000;1;None;None;279600.0000
6983;2023-03-09 17:11:27.313000;8;101996;1;1;15800.0000;1;None;None;279600.0000
6983;2023-03-09 17:11:27.313000;8;101996;1;1;15800.0000;1;None;None;279600.0000
6983;2023-03-09 17:11:27.313000;7;1135;1;1;0.0000;1;None;None;279600.0000
6984;2023-03-09 18:29:57.763000;2;200181;1;1;142800.0000;1;35778.0000;None;386400.0000
6984;2023-03-09 18:39:25.503000;1;105023;1;1;55800.0000;1;35778.0000;None;386400.0000
6984;2023-03-09 18:39:25.503000;7;1135;1;1;0.0000;1;35778.0000;None;386400.0000
6984;2023-03-09 19:08:59.130000;8;103023;1;1;47800.0000;1;35778.0000;None;386400.0000
6984;2023-03-09 19:08:59.130000;8;102797;1;1;56800.0000;1;35778.0000;None;386400.0000
6984;2023-03-09 19:08:59.130000;8;101883;1;1;54800.0000;1;35778.0000;None;386400.0000
6984;2023-03-09 19:08:59.130000;7;1135;1;1;0.0000;1;35778.0000;None;386400.0000
6984;2023-03-09 19:08:59.130000;7;1020;1;1;0.0000;1;35778.0000;None;386400.0000
6984;2023-03-09 19:08:59.130000;7;1040;1;1;0.0000;1;35778.0000;None;386400.0000
6984;2023-03-09 20:06:18.700000;3;201211;1;1;5800.0000;1;35778.0000;None;386400.0000
6984;2023-03-09 20:09:11.983000;1;103780;1;1;16800.0000;1;35778.0000;None;386400.0000
6984;2023-03-09 20:09:11.983000;3;100614;1;1;5800.0000;1;35778.0000;None;386400.0000
6986;2023-03-09 18:19:33.577000;2;101728;1;1;33800.0000;1;11185.0000;None;120800.0000
6986;2023-03-09 18:19:33.577000;3;201146;1;1;6800.0000;1;11185.0000;None;120800.0000
6986;2023-03-09 18:34:25.377000;8;101996;1;1;15800.0000;1;11185.0000;None;120800.0000
6986;2023-03-09 18:37:59.733000;8;104259;1;1;13800.0000;1;11185.0000;None;120800.0000
6986;2023-03-09 19:02:19.387000;1;101891;1;1;16800.0000;1;11185.0000;None;120800.0000
6986;2023-03-09 19:02:19.387000;2;101728;1;1;33800.0000;1;11185.0000;None;120800.0000
6989;2023-03-09 18:48:26.907000;2;104234;1;1;36800.0000;1;13630.0000;None;147200.0000
6989;2023-03-09 18:48:26.907000;2;104234;1;1;36800.0000;1;13630.0000;None;147200.0000
6989;2023-03-09 18:48:26.907000;8;100953;1;1;44800.0000;1;13630.0000;None;147200.0000
6989;2023-03-09 18:48:26.907000;8;103867;1;1;28800.0000;1;13630.0000;None;147200.0000
6989;2023-03-09 18:48:26.907000;7;1020;1;1;0.0000;1;13630.0000;None;147200.0000
6990;2023-03-09 18:58:06.193000;2;200480;1;1;12800.0000;1;18296.0000;None;197600.0000
6990;2023-03-09 18:58:06.193000;3;108192;1;1;0.0000;1;18296.0000;None;197600.0000
6990;2023-03-09 18:58:06.193000;2;200480;1;1;12800.0000;1;18296.0000;None;197600.0000
6990;2023-03-09 18:58:06.193000;3;108191;1;1;0.0000;1;18296.0000;None;197600.0000
6990;2023-03-09 19:02:46.420000;3;201146;1;1;6800.0000;1;18296.0000;None;197600.0000
6990;2023-03-09 19:02:46.420000;7;1207;1;1;0.0000;1;18296.0000;None;197600.0000
6990;2023-03-09 19:02:46.420000;7;2050;1;1;0.0000;1;18296.0000;None;197600.0000
6990;2023-03-09 19:07:02.703000;1;104308;1;1;79800.0000;1;18296.0000;None;197600.0000
6990;2023-03-09 19:07:02.703000;8;101996;1;1;15800.0000;1;18296.0000;None;197600.0000
6990;2023-03-09 19:07:02.703000;1;103692;1;1;36800.0000;1;18296.0000;None;197600.0000
6990;2023-03-09 19:07:08.433000;1;103073;1;1;32800.0000;1;18296.0000;None;197600.0000
6990;2023-03-09 19:07:08.433000;7;1030;1;1;0.0000;1;18296.0000;None;197600.0000
6991;2023-03-09 19:14:52.587000;3;102747;1;1;4800.0000;1;9352.0000;None;101000.0000
6991;2023-03-09 19:15:06.500000;1;101929;1;1;16800.0000;1;9352.0000;None;101000.0000
6991;2023-03-09 19:15:06.500000;1;104240;1;1;28800.0000;1;9352.0000;None;101000.0000
6991;2023-03-09 19:15:06.500000;1;102457;1;1;18800.0000;1;9352.0000;None;101000.0000
6991;2023-03-09 19:41:46.943000;8;101992;1;1;31800.0000;1;9352.0000;None;101000.0000
6992;2023-03-09 19:30:05.983000;3;201269;1;1;6800.0000;1;11944.0000;None;129000.0000
6992;2023-03-09 19:30:05.983000;3;108191;1;1;0.0000;1;11944.0000;None;129000.0000
6992;2023-03-09 19:30:05.983000;3;202112;1;1;9800.0000;1;11944.0000;None;129000.0000
6992;2023-03-09 19:30:10.983000;1;104240;1;1;28800.0000;1;11944.0000;None;129000.0000
6992;2023-03-09 19:30:23.530000;1;102927;1;1;66800.0000;1;11944.0000;None;129000.0000
6992;2023-03-09 19:30:23.530000;6;101546;1;1;0.0000;1;11944.0000;None;129000.0000
6992;2023-03-09 19:30:23.530000;6;105090;1;1;0.0000;1;11944.0000;None;129000.0000
6992;2023-03-09 19:30:23.530000;6;105509;1;1;0.0000;1;11944.0000;None;129000.0000
6992;2023-03-09 19:30:23.530000;7;1020;1;1;0.0000;1;11944.0000;None;129000.0000
6992;2023-03-09 19:30:23.530000;7;1030;1;1;0.0000;1;11944.0000;None;129000.0000
6992;2023-03-09 20:11:52.717000;1;101891;1;1;16800.0000;1;11944.0000;None;129000.0000
6993;2023-03-09 19:33:43.490000;2;202508;1;1;164800.0000;1;61908.0000;None;668600.0000
6993;2023-03-09 19:45:04.367000;3;102749;1;1;4800.0000;1;61908.0000;None;668600.0000
6993;2023-03-09 19:45:04.367000;3;102747;1;1;4800.0000;1;61908.0000;None;668600.0000
6993;2023-03-09 19:45:04.367000;3;201211;1;1;5800.0000;1;61908.0000;None;668600.0000
6993;2023-03-09 19:45:47.633000;1;109501;1;1;28800.0000;1;61908.0000;None;668600.0000
6993;2023-03-09 19:45:47.633000;1;109501;1;1;28800.0000;1;61908.0000;None;668600.0000
6993;2023-03-09 19:45:47.633000;1;101929;1;1;16800.0000;1;61908.0000;None;668600.0000
6993;2023-03-09 19:45:47.633000;1;101929;1;1;16800.0000;1;61908.0000;None;668600.0000
6993;2023-03-09 19:45:47.633000;1;104266;1;1;19800.0000;1;61908.0000;None;668600.0000
6993;2023-03-09 19:45:47.633000;8;101996;1;1;15800.0000;1;61908.0000;None;668600.0000
6993;2023-03-09 19:45:47.633000;8;107525;1;1;59800.0000;1;61908.0000;None;668600.0000
6993;2023-03-09 19:45:47.633000;8;102823;1;1;63800.0000;1;61908.0000;None;668600.0000
6993;2023-03-09 19:46:05.407000;1;104253;1;1;16800.0000;1;61908.0000;None;668600.0000
6993;2023-03-09 19:46:05.407000;1;103135;1;1;10800.0000;1;61908.0000;None;668600.0000
6993;2023-03-09 19:46:05.407000;7;1020;1;1;0.0000;1;61908.0000;None;668600.0000
6993;2023-03-09 19:50:21.047000;8;103746;1;1;39800.0000;1;61908.0000;None;668600.0000
6993;2023-03-09 19:50:21.047000;1;103813;1;1;59800.0000;1;61908.0000;None;668600.0000
6993;2023-03-09 19:50:21.047000;1;103058;1;1;32800.0000;1;61908.0000;None;668600.0000
6993;2023-03-09 19:50:21.047000;1;103058;1;1;32800.0000;1;61908.0000;None;668600.0000
6993;2023-03-09 19:50:21.047000;8;103867;1;1;28800.0000;1;61908.0000;None;668600.0000
6993;2023-03-09 20:15:05.237000;3;102749;1;1;4800.0000;1;61908.0000;None;668600.0000
6993;2023-03-09 20:15:05.237000;3;102749;1;1;4800.0000;1;61908.0000;None;668600.0000
6993;2023-03-09 20:15:05.237000;3;201146;1;1;6800.0000;1;61908.0000;None;668600.0000
6994;2023-03-09 19:49:25.623000;3;201211;1;1;5800.0000;1;14500.0000;None;156600.0000
6994;2023-03-09 19:49:25.623000;3;201211;1;1;5800.0000;1;14500.0000;None;156600.0000
6994;2023-03-09 19:49:30.143000;8;101996;1;1;15800.0000;1;14500.0000;None;156600.0000
6994;2023-03-09 19:49:39.017000;8;104655;1;1;38800.0000;1;14500.0000;None;156600.0000
6994;2023-03-09 19:49:39.017000;8;103615;1;1;37800.0000;1;14500.0000;None;156600.0000
6994;2023-03-09 19:49:39.017000;7;1020;1;1;0.0000;1;14500.0000;None;156600.0000
6994;2023-03-09 19:49:39.017000;7;1030;1;1;0.0000;1;14500.0000;None;156600.0000
6994;2023-03-09 20:01:01.653000;1;102455;1;1;37800.0000;1;14500.0000;None;156600.0000
6994;2023-03-09 20:49:06.860000;1;101195;1;1;14800.0000;1;14500.0000;None;156600.0000
6996;2023-03-09 20:36:02.040000;2;101948;1;1;18800.0000;1;46908.0000;None;506600.0000
6996;2023-03-09 20:36:02.040000;2;101948;1;1;18800.0000;1;46908.0000;None;506600.0000
6996;2023-03-09 20:41:54.510000;1;102842;1;1;76800.0000;1;46908.0000;None;506600.0000
6996;2023-03-09 20:41:54.510000;1;101304;1;1;76800.0000;1;46908.0000;None;506600.0000
6996;2023-03-09 20:41:54.510000;7;1020;1;1;0.0000;1;46908.0000;None;506600.0000
6996;2023-03-09 20:50:44.017000;2;101948;1;1;18800.0000;1;46908.0000;None;506600.0000
6996;2023-03-09 21:25:08.387000;2;102775;1;1;44800.0000;1;46908.0000;None;506600.0000
6996;2023-03-09 21:25:08.387000;2;102774;1;1;45800.0000;1;46908.0000;None;506600.0000
6996;2023-03-09 21:25:08.387000;1;108429;1;1;69800.0000;1;46908.0000;None;506600.0000
6996;2023-03-09 21:45:46.400000;2;102774;1;1;45800.0000;1;46908.0000;None;506600.0000
6996;2023-03-09 21:45:46.400000;1;103780;1;1;16800.0000;1;46908.0000;None;506600.0000
6996;2023-03-09 21:45:46.400000;1;109501;1;1;28800.0000;1;46908.0000;None;506600.0000
6996;2023-03-09 18:41:56.353000;3;102635;1;7;61600.0000;1;46908.0000;None;506600.0000
6996;2023-03-09 18:42:03.227000;3;102619;1;10;78000.0000;1;46908.0000;None;506600.0000
6996;2023-03-09 18:47:33.160000;3;201146;1;2;13600.0000;1;46908.0000;None;506600.0000
6996;2023-03-09 18:47:33.160000;3;200644;1;1;6800.0000;1;46908.0000;None;506600.0000
6996;2023-03-09 18:47:33.160000;3;201269;1;1;6800.0000;1;46908.0000;None;506600.0000
6996;2023-03-09 18:54:02.963000;3;200644;1;1;6800.0000;1;46908.0000;None;506600.0000
6996;2023-03-09 18:54:02.963000;3;102635;1;1;8800.0000;1;46908.0000;None;506600.0000
6996;2023-03-09 18:54:02.963000;3;102635;1;1;8800.0000;1;46908.0000;None;506600.0000
6996;2023-03-09 18:55:00.950000;3;200644;1;1;6800.0000;1;46908.0000;None;506600.0000
6996;2023-03-09 18:57:30.647000;3;200644;1;1;6800.0000;1;46908.0000;None;506600.0000
6996;2023-03-09 19:01:55.033000;3;102635;1;3;26400.0000;1;46908.0000;None;506600.0000
6996;2023-03-09 19:04:12.373000;3;200644;1;1;6800.0000;1;46908.0000;None;506600.0000
6996;2023-03-09 19:04:12.373000;3;101641;1;1;0.0000;1;46908.0000;None;506600.0000
6996;2023-03-09 19:17:31.567000;3;102635;1;1;8800.0000;1;46908.0000;None;506600.0000
6996;2023-03-09 19:25:27.113000;3;201211;1;1;5800.0000;1;46908.0000;None;506600.0000
6996;2023-03-09 19:25:27.113000;3;201146;1;1;6800.0000;1;46908.0000;None;506600.0000
6996;2023-03-09 19:27:28.940000;3;200644;1;1;6800.0000;1;46908.0000;None;506600.0000
6996;2023-03-09 19:59:32.120000;3;102747;1;1;4800.0000;1;46908.0000;None;506600.0000
6996;2023-03-09 20:17:43.993000;3;201146;1;1;6800.0000;1;46908.0000;None;506600.0000
6996;2023-03-09 20:19:43.010000;3;200644;1;1;6800.0000;1;46908.0000;None;506600.0000
6996;2023-03-09 20:19:43.010000;3;101641;1;1;0.0000;1;46908.0000;None;506600.0000
6996;2023-03-09 20:22:54.257000;3;200644;1;1;6800.0000;1;46908.0000;None;506600.0000
6996;2023-03-09 20:22:54.257000;3;101641;1;1;0.0000;1;46908.0000;None;506600.0000
6996;2023-03-09 20:22:54.257000;3;101641;1;1;0.0000;1;46908.0000;None;506600.0000
6996;2023-03-09 20:35:38.630000;3;102635;1;1;8800.0000;1;46908.0000;None;506600.0000
6996;2023-03-09 21:53:35.357000;3;102619;1;-10;-78000.0000;1;46908.0000;None;506600.0000
6996;2023-03-09 21:53:35.357000;3;102635;1;-1;-8800.0000;1;46908.0000;None;506600.0000
6996;2023-03-09 21:53:35.357000;3;200644;1;-1;-6800.0000;1;46908.0000;None;506600.0000
6996;2023-03-09 21:53:35.357000;3;101641;1;-1;0.0000;1;46908.0000;None;506600.0000
6996;2023-03-09 21:53:35.357000;3;101641;1;-1;0.0000;1;46908.0000;None;506600.0000
6996;2023-03-09 21:53:35.357000;3;201146;1;-1;-6800.0000;1;46908.0000;None;506600.0000
6996;2023-03-09 21:53:35.357000;3;102635;1;-7;-61600.0000;1;46908.0000;None;506600.0000
6996;2023-03-09 21:53:35.357000;3;201146;1;-2;-13600.0000;1;46908.0000;None;506600.0000
6996;2023-03-09 21:53:35.357000;3;200644;1;-1;-6800.0000;1;46908.0000;None;506600.0000
6996;2023-03-09 21:53:35.357000;3;200644;1;-1;-6800.0000;1;46908.0000;None;506600.0000
6996;2023-03-09 21:53:35.357000;3;102635;1;-1;-8800.0000;1;46908.0000;None;506600.0000
6996;2023-03-09 21:53:35.357000;3;102635;1;-1;-8800.0000;1;46908.0000;None;506600.0000
6996;2023-03-09 21:53:35.357000;3;200644;1;-1;-6800.0000;1;46908.0000;None;506600.0000
6996;2023-03-09 21:53:35.357000;3;102635;1;-3;-26400.0000;1;46908.0000;None;506600.0000
6996;2023-03-09 21:53:35.357000;3;200644;1;-1;-6800.0000;1;46908.0000;None;506600.0000
6996;2023-03-09 21:53:35.357000;3;200644;1;-1;-6800.0000;1;46908.0000;None;506600.0000
6996;2023-03-09 21:53:35.357000;3;101641;1;-1;0.0000;1;46908.0000;None;506600.0000
6996;2023-03-09 21:53:35.357000;3;201211;1;-1;-5800.0000;1;46908.0000;None;506600.0000
6996;2023-03-09 21:53:35.357000;3;102635;1;-1;-8800.0000;1;46908.0000;None;506600.0000
6996;2023-03-09 21:53:35.357000;3;201146;1;-1;-6800.0000;1;46908.0000;None;506600.0000
6996;2023-03-09 21:53:35.357000;3;200644;1;-1;-6800.0000;1;46908.0000;None;506600.0000
6996;2023-03-09 21:53:35.357000;3;200644;1;-1;-6800.0000;1;46908.0000;None;506600.0000
6996;2023-03-09 21:53:35.357000;3;101641;1;-1;0.0000;1;46908.0000;None;506600.0000
6996;2023-03-09 21:53:35.357000;3;102747;1;-1;-4800.0000;1;46908.0000;None;506600.0000
6996;2023-03-09 21:53:35.357000;3;201269;1;-1;-6800.0000;1;46908.0000;None;506600.0000
6996;2023-03-09 19:49:30.143000;1;101929;1;1;16800.0000;1;46908.0000;None;506600.0000
6996;2023-03-09 21:16:47.010000;1;101929;1;-1;-16800.0000;1;46908.0000;None;506600.0000
6996;2023-03-09 18:56:33.523000;1;109502;1;8;206400.0000;1;46908.0000;None;506600.0000
6996;2023-03-09 18:56:33.523000;8;103867;1;8;230400.0000;1;46908.0000;None;506600.0000
6996;2023-03-09 19:19:36.207000;1;103536;1;2;79600.0000;1;46908.0000;None;506600.0000
6996;2023-03-09 19:19:36.207000;1;102337;1;1;89800.0000;1;46908.0000;None;506600.0000
6996;2023-03-09 19:19:36.207000;1;106922;1;1;0.0000;1;46908.0000;None;506600.0000
6996;2023-03-09 19:19:36.207000;1;103813;1;5;299000.0000;1;46908.0000;None;506600.0000
6996;2023-03-09 19:19:36.207000;7;1002;1;1;0.0000;1;46908.0000;None;506600.0000
6996;2023-03-09 19:19:36.207000;1;109511;1;4;187200.0000;1;46908.0000;None;506600.0000
6996;2023-03-09 19:19:36.207000;7;1020;1;1;0.0000;1;46908.0000;None;506600.0000
6996;2023-03-09 19:25:48.383000;1;103536;1;1;39800.0000;1;46908.0000;None;506600.0000
6996;2023-03-09 20:25:20.690000;1;103536;1;1;39800.0000;1;46908.0000;None;506600.0000
6996;2023-03-09 20:25:20.690000;1;109511;1;1;46800.0000;1;46908.0000;None;506600.0000
6996;2023-03-09 20:25:20.690000;7;1157;1;1;0.0000;1;46908.0000;None;506600.0000
6996;2023-03-09 20:25:20.690000;7;1157;1;1;0.0000;1;46908.0000;None;506600.0000
6996;2023-03-09 20:33:35.800000;1;104004;1;8;126400.0000;1;46908.0000;None;506600.0000
6996;2023-03-09 20:33:35.800000;1;101195;1;8;118400.0000;1;46908.0000;None;506600.0000
6996;2023-03-09 19:24:58.777000;1;102337;1;3;269400.0000;1;46908.0000;None;506600.0000
6996;2023-03-09 19:24:58.777000;1;106922;1;1;0.0000;1;46908.0000;None;506600.0000
6996;2023-03-09 19:24:58.777000;1;103536;1;3;119400.0000;1;46908.0000;None;506600.0000
6996;2023-03-09 19:24:58.777000;1;103813;1;1;59800.0000;1;46908.0000;None;506600.0000
6996;2023-03-09 19:24:58.777000;7;1006;1;1;0.0000;1;46908.0000;None;506600.0000
6996;2023-03-09 19:24:58.777000;7;1020;1;1;0.0000;1;46908.0000;None;506600.0000
6996;2023-03-09 19:24:58.777000;1;109511;1;3;140400.0000;1;46908.0000;None;506600.0000
6996;2023-03-09 19:24:58.777000;7;1020;1;1;0.0000;1;46908.0000;None;506600.0000
6996;2023-03-09 20:12:24.137000;1;102319;1;1;3800.0000;1;46908.0000;None;506600.0000
6996;2023-03-09 20:12:24.137000;7;1135;1;1;0.0000;1;46908.0000;None;506600.0000
6996;2023-03-09 19:22:48.317000;1;104261;1;1;18800.0000;1;46908.0000;None;506600.0000
6996;2023-03-09 19:22:48.317000;1;103813;1;5;299000.0000;1;46908.0000;None;506600.0000
6996;2023-03-09 19:22:48.317000;7;1006;1;5;0.0000;1;46908.0000;None;506600.0000
6996;2023-03-09 19:22:48.317000;7;1135;1;1;0.0000;1;46908.0000;None;506600.0000
6996;2023-03-09 19:22:48.317000;1;109511;1;2;93600.0000;1;46908.0000;None;506600.0000
6996;2023-03-09 19:22:48.317000;1;103536;1;1;39800.0000;1;46908.0000;None;506600.0000
6996;2023-03-09 19:22:48.317000;1;102337;1;1;89800.0000;1;46908.0000;None;506600.0000
6996;2023-03-09 19:22:48.317000;1;106922;1;1;0.0000;1;46908.0000;None;506600.0000
6996;2023-03-09 19:22:48.317000;7;1020;1;1;0.0000;1;46908.0000;None;506600.0000
6996;2023-03-09 21:57:00.150000;1;109511;1;-1;-46800.0000;1;46908.0000;None;506600.0000
6996;2023-03-09 21:57:00.150000;7;1157;1;-1;0.0000;1;46908.0000;None;506600.0000
6996;2023-03-09 21:57:00.150000;7;1157;1;-1;0.0000;1;46908.0000;None;506600.0000
6996;2023-03-09 21:57:00.150000;1;103536;1;-1;-39800.0000;1;46908.0000;None;506600.0000
6996;2023-03-09 21:57:00.150000;1;103536;1;-1;-39800.0000;1;46908.0000;None;506600.0000
6996;2023-03-09 21:57:00.150000;1;104004;1;-8;-126400.0000;1;46908.0000;None;506600.0000
6996;2023-03-09 21:57:00.150000;1;101195;1;-8;-118400.0000;1;46908.0000;None;506600.0000
6996;2023-03-09 21:57:00.150000;1;109511;1;-4;-187200.0000;1;46908.0000;None;506600.0000
6996;2023-03-09 21:57:00.150000;7;1020;1;-1;0.0000;1;46908.0000;None;506600.0000
6996;2023-03-09 21:57:00.150000;1;103536;1;-3;-119400.0000;1;46908.0000;None;506600.0000
6996;2023-03-09 21:57:00.150000;1;102337;1;-3;-269400.0000;1;46908.0000;None;506600.0000
6996;2023-03-09 21:57:00.150000;1;106922;1;-1;0.0000;1;46908.0000;None;506600.0000
6996;2023-03-09 21:57:00.150000;8;103867;1;-8;-230400.0000;1;46908.0000;None;506600.0000
6996;2023-03-09 21:57:00.150000;1;109502;1;-8;-206400.0000;1;46908.0000;None;506600.0000
6996;2023-03-09 21:57:00.150000;1;103813;1;-5;-299000.0000;1;46908.0000;None;506600.0000
6996;2023-03-09 21:57:00.150000;7;1002;1;-1;0.0000;1;46908.0000;None;506600.0000
6996;2023-03-09 21:57:00.150000;1;109511;1;-3;-140400.0000;1;46908.0000;None;506600.0000
6996;2023-03-09 21:57:00.150000;7;1020;1;-1;0.0000;1;46908.0000;None;506600.0000
6996;2023-03-09 21:57:00.150000;1;103813;1;-5;-299000.0000;1;46908.0000;None;506600.0000
6996;2023-03-09 21:57:00.150000;7;1006;1;-5;0.0000;1;46908.0000;None;506600.0000
6996;2023-03-09 21:57:00.150000;7;1135;1;-1;0.0000;1;46908.0000;None;506600.0000
6996;2023-03-09 21:57:00.150000;1;109511;1;-2;-93600.0000;1;46908.0000;None;506600.0000
6996;2023-03-09 21:57:00.150000;1;104261;1;-1;-18800.0000;1;46908.0000;None;506600.0000
6996;2023-03-09 21:57:00.150000;1;102337;1;-1;-89800.0000;1;46908.0000;None;506600.0000
6996;2023-03-09 21:57:00.150000;1;106922;1;-1;0.0000;1;46908.0000;None;506600.0000
6996;2023-03-09 21:57:00.150000;7;1020;1;-1;0.0000;1;46908.0000;None;506600.0000
6996;2023-03-09 21:57:00.150000;1;103536;1;-1;-39800.0000;1;46908.0000;None;506600.0000
6996;2023-03-09 21:57:00.150000;1;102319;1;-1;-3800.0000;1;46908.0000;None;506600.0000
6996;2023-03-09 21:57:00.150000;7;1135;1;-1;0.0000;1;46908.0000;None;506600.0000
6996;2023-03-09 21:57:00.150000;1;103813;1;-1;-59800.0000;1;46908.0000;None;506600.0000
6996;2023-03-09 21:57:00.150000;7;1006;1;-1;0.0000;1;46908.0000;None;506600.0000
6996;2023-03-09 21:57:00.150000;7;1020;1;-1;0.0000;1;46908.0000;None;506600.0000
6996;2023-03-09 21:57:00.150000;1;103536;1;-2;-79600.0000;1;46908.0000;None;506600.0000
6996;2023-03-09 21:57:00.150000;1;102337;1;-1;-89800.0000;1;46908.0000;None;506600.0000
6996;2023-03-09 21:57:00.150000;1;106922;1;-1;0.0000;1;46908.0000;None;506600.0000
6996;2023-03-09 18:55:00.950000;2;200134;1;1;110800.0000;1;46908.0000;None;506600.0000
6996;2023-03-09 18:55:00.950000;2;200137;1;1;111800.0000;1;46908.0000;None;506600.0000
6996;2023-03-09 19:00:39.903000;2;200136;1;1;109800.0000;1;46908.0000;None;506600.0000
6996;2023-03-09 19:00:56.100000;2;200134;1;1;110800.0000;1;46908.0000;None;506600.0000
6996;2023-03-09 19:06:10.213000;2;200136;1;1;109800.0000;1;46908.0000;None;506600.0000
6996;2023-03-09 19:26:03.233000;2;200134;1;1;110800.0000;1;46908.0000;None;506600.0000
6996;2023-03-09 19:36:21.883000;2;200136;1;1;109800.0000;1;46908.0000;None;506600.0000
6996;2023-03-09 20:00:06.177000;2;200134;1;1;110800.0000;1;46908.0000;None;506600.0000
6996;2023-03-09 21:49:55.840000;2;200134;1;-1;-110800.0000;1;46908.0000;None;506600.0000
6996;2023-03-09 21:49:55.840000;2;200136;1;-1;-109800.0000;1;46908.0000;None;506600.0000
6996;2023-03-09 21:49:55.840000;2;200134;1;-1;-110800.0000;1;46908.0000;None;506600.0000
6996;2023-03-09 21:49:55.840000;2;200137;1;-1;-111800.0000;1;46908.0000;None;506600.0000
6996;2023-03-09 21:49:55.840000;2;200136;1;-1;-109800.0000;1;46908.0000;None;506600.0000
6996;2023-03-09 21:49:55.840000;2;200134;1;-1;-110800.0000;1;46908.0000;None;506600.0000
6996;2023-03-09 21:49:55.840000;2;200136;1;-1;-109800.0000;1;46908.0000;None;506600.0000
6996;2023-03-09 21:49:55.840000;2;200134;1;-1;-110800.0000;1;46908.0000;None;506600.0000
6996;2023-03-09 22:05:51.753000;8;100953;1;1;44800.0000;1;46908.0000;None;506600.0000
6996;2023-03-09 22:05:51.753000;7;1157;1;1;0.0000;1;46908.0000;None;506600.0000
6996;2023-03-09 22:05:51.753000;7;1157;1;1;0.0000;1;46908.0000;None;506600.0000
6997;2023-03-09 21:05:37.560000;1;105239;1;1;46800.0000;1;11704.0000;None;126400.0000
6997;2023-03-09 21:05:37.560000;2;108118;1;1;39800.0000;1;11704.0000;None;126400.0000
6997;2023-03-09 21:05:37.560000;3;105735;1;1;0.0000;1;11704.0000;None;126400.0000
6997;2023-03-09 21:05:37.560000;2;108118;1;1;39800.0000;1;11704.0000;None;126400.0000
6997;2023-03-09 21:05:37.560000;3;105735;1;1;0.0000;1;11704.0000;None;126400.0000
6998;2023-03-09 21:11:39.050000;8;103615;1;1;37800.0000;1;8111.0000;None;87600.0000
6998;2023-03-09 21:11:39.050000;1;101050;1;1;49800.0000;1;8111.0000;None;87600.0000
6998;2023-03-09 21:11:39.050000;7;1002;1;1;0.0000;1;8111.0000;None;87600.0000
6998;2023-03-09 21:11:39.050000;7;1020;1;1;0.0000;1;8111.0000;None;87600.0000
15004;2023-03-09 12:24:36.743000;2;108116;1;1;44800.0000;1;21945.0000;None;237000.0000
15004;2023-03-09 12:24:36.743000;3;105735;1;1;0.0000;1;21945.0000;None;237000.0000
15004;2023-03-09 12:24:36.743000;2;108116;1;1;44800.0000;1;21945.0000;None;237000.0000
15004;2023-03-09 12:24:36.743000;6;105446;1;1;0.0000;1;21945.0000;None;237000.0000
15004;2023-03-09 12:24:52.857000;8;102052;1;1;62800.0000;1;21945.0000;None;237000.0000
15004;2023-03-09 12:24:52.857000;1;105023;1;1;55800.0000;1;21945.0000;None;237000.0000
15004;2023-03-09 12:47:18.963000;8;103867;1;1;28800.0000;1;21945.0000;None;237000.0000
15005;2023-03-09 12:40:49.773000;2;200202;1;1;118800.0000;1;37852.0000;None;408800.0000
15005;2023-03-09 12:40:49.773000;7;1207;1;1;0.0000;1;37852.0000;None;408800.0000
15005;2023-03-09 12:43:33.217000;1;103813;1;1;59800.0000;1;37852.0000;None;408800.0000
15005;2023-03-09 12:43:33.217000;1;102824;1;1;47800.0000;1;37852.0000;None;408800.0000
15005;2023-03-09 12:43:33.217000;1;103937;1;1;56800.0000;1;37852.0000;None;408800.0000
15005;2023-03-09 13:23:05.927000;3;201206;1;1;6800.0000;1;37852.0000;None;408800.0000
15005;2023-03-09 13:43:04.287000;2;200202;1;1;118800.0000;1;37852.0000;None;408800.0000
15006;2023-03-09 12:44:50.177000;3;102633;1;3;38400.0000;1;85528.0000;None;923700.0000
15006;2023-03-09 12:44:50.177000;3;102635;1;1;8800.0000;1;85528.0000;None;923700.0000
15006;2023-03-09 12:44:50.177000;3;104446;1;1;5800.0000;1;85528.0000;None;923700.0000
15006;2023-03-09 12:44:50.177000;3;100999;1;1;5800.0000;1;85528.0000;None;923700.0000
15006;2023-03-09 12:44:50.177000;2;201615;1;1;14800.0000;1;85528.0000;None;923700.0000
15006;2023-03-09 12:44:50.177000;1;109513;1;1;38800.0000;1;85528.0000;None;923700.0000
15006;2023-03-09 12:45:20.993000;1;102456;1;1;16800.0000;1;85528.0000;None;923700.0000
15006;2023-03-09 12:45:20.993000;1;104253;1;4;67200.0000;1;85528.0000;None;923700.0000
15006;2023-03-09 12:45:20.993000;7;1029;1;1;0.0000;1;85528.0000;None;923700.0000
15006;2023-03-09 12:45:20.993000;7;1029;1;1;0.0000;1;85528.0000;None;923700.0000
15006;2023-03-09 12:45:20.993000;7;1029;1;1;0.0000;1;85528.0000;None;923700.0000
15006;2023-03-09 12:55:19.570000;1;102927;1;1;66800.0000;1;85528.0000;None;923700.0000
15006;2023-03-09 12:55:19.570000;6;101546;1;1;0.0000;1;85528.0000;None;923700.0000
15006;2023-03-09 12:55:19.570000;6;105509;1;1;0.0000;1;85528.0000;None;923700.0000
15006;2023-03-09 12:55:19.570000;6;105509;1;1;0.0000;1;85528.0000;None;923700.0000
15006;2023-03-09 12:55:19.570000;1;102132;1;1;3500.0000;1;85528.0000;None;923700.0000
15006;2023-03-09 12:55:19.570000;8;109181;1;1;65800.0000;1;85528.0000;None;923700.0000
15006;2023-03-09 12:55:19.570000;7;1135;1;1;0.0000;1;85528.0000;None;923700.0000
15006;2023-03-09 12:55:19.570000;1;103596;1;1;79800.0000;1;85528.0000;None;923700.0000
15006;2023-03-09 12:55:19.570000;1;105010;1;1;0.0000;1;85528.0000;None;923700.0000
15006;2023-03-09 12:55:19.570000;1;106337;1;1;0.0000;1;85528.0000;None;923700.0000
15006;2023-03-09 12:55:19.570000;1;103596;1;1;79800.0000;1;85528.0000;None;923700.0000
15006;2023-03-09 12:55:19.570000;1;105010;1;1;0.0000;1;85528.0000;None;923700.0000
15006;2023-03-09 12:55:19.570000;1;106337;1;1;0.0000;1;85528.0000;None;923700.0000
15006;2023-03-09 12:55:19.570000;1;102337;1;1;89800.0000;1;85528.0000;None;923700.0000
15006;2023-03-09 12:55:19.570000;1;106922;1;1;0.0000;1;85528.0000;None;923700.0000
15006;2023-03-09 12:55:19.570000;8;104184;1;1;129800.0000;1;85528.0000;None;923700.0000
15006;2023-03-09 12:55:19.580000;8;104184;1;1;129800.0000;1;85528.0000;None;923700.0000
15006;2023-03-09 12:55:19.580000;7;1020;1;3;0.0000;1;85528.0000;None;923700.0000
15006;2023-03-09 12:55:19.580000;7;1030;1;1;0.0000;1;85528.0000;None;923700.0000
15006;2023-03-09 13:21:18.523000;3;102748;1;1;15800.0000;1;85528.0000;None;923700.0000
15006;2023-03-09 13:21:18.523000;3;104446;1;1;5800.0000;1;85528.0000;None;923700.0000
15006;2023-03-09 13:21:18.523000;3;102633;1;1;12800.0000;1;85528.0000;None;923700.0000
15006;2023-03-09 13:21:18.523000;3;102633;1;1;12800.0000;1;85528.0000;None;923700.0000
15006;2023-03-09 13:21:18.523000;7;2039;1;1;0.0000;1;85528.0000;None;923700.0000
15006;2023-03-09 13:21:18.523000;7;2039;1;1;0.0000;1;85528.0000;None;923700.0000
15006;2023-03-09 13:21:23.913000;6;101613;1;5;0.0000;1;85528.0000;None;923700.0000
15006;2023-03-09 13:27:49.443000;3;102635;1;1;8800.0000;1;85528.0000;None;923700.0000
15006;2023-03-09 13:27:49.443000;7;2042;1;1;0.0000;1;85528.0000;None;923700.0000
15006;2023-03-09 13:41:39.677000;3;100999;1;1;5800.0000;1;85528.0000;None;923700.0000
15006;2023-03-09 13:41:39.677000;7;1207;1;1;0.0000;1;85528.0000;None;923700.0000
15006;2023-03-09 13:41:39.677000;3;100606;1;1;6800.0000;1;85528.0000;None;923700.0000
15006;2023-03-09 13:41:39.677000;7;2009;1;1;0.0000;1;85528.0000;None;923700.0000
15006;2023-03-09 13:41:39.677000;3;100606;1;1;6800.0000;1;85528.0000;None;923700.0000
15006;2023-03-09 13:41:39.677000;7;2009;1;1;0.0000;1;85528.0000;None;923700.0000
15006;2023-03-09 13:41:39.677000;7;1207;1;1;0.0000;1;85528.0000;None;923700.0000
15006;2023-03-09 13:50:32.250000;3;100606;1;1;6800.0000;1;85528.0000;None;923700.0000
15006;2023-03-09 13:50:32.250000;7;2009;1;1;0.0000;1;85528.0000;None;923700.0000
15006;2023-03-09 13:50:32.250000;7;1207;1;1;0.0000;1;85528.0000;None;923700.0000
15007;2023-03-09 12:50:22.707000;3;102633;1;1;12800.0000;1;26574.0000;None;287000.0000
15007;2023-03-09 12:50:22.707000;3;201211;1;1;5800.0000;1;26574.0000;None;287000.0000
15007;2023-03-09 13:04:11.253000;3;102747;1;1;4800.0000;1;26574.0000;None;287000.0000
15007;2023-03-09 13:04:15.623000;1;108429;1;1;69800.0000;1;26574.0000;None;287000.0000
15007;2023-03-09 13:04:37.997000;1;101050;1;1;49800.0000;1;26574.0000;None;287000.0000
15007;2023-03-09 13:04:37.997000;7;1002;1;1;0.0000;1;26574.0000;None;287000.0000
15007;2023-03-09 13:04:37.997000;1;101051;1;1;49800.0000;1;26574.0000;None;287000.0000
15007;2023-03-09 13:04:37.997000;1;102445;1;1;76800.0000;1;26574.0000;None;287000.0000
15007;2023-03-09 13:04:37.997000;7;1020;1;1;0.0000;1;26574.0000;None;287000.0000
15007;2023-03-09 13:04:37.997000;7;1030;1;1;0.0000;1;26574.0000;None;287000.0000
15007;2023-03-09 13:32:34.257000;7;1220;1;1;0.0000;1;26574.0000;None;287000.0000
15007;2023-03-09 13:32:34.257000;7;1220;1;1;0.0000;1;26574.0000;None;287000.0000
15007;2023-03-09 14:00:53.140000;3;100614;1;3;17400.0000;1;26574.0000;None;287000.0000
15008;2023-03-09 12:57:19.883000;3;201269;1;1;6800.0000;1;17278.0000;None;186600.0000
15008;2023-03-09 12:57:19.883000;7;1207;1;1;0.0000;1;17278.0000;None;186600.0000
15008;2023-03-09 13:05:07.477000;3;201269;1;1;6800.0000;1;17278.0000;None;186600.0000
15008;2023-03-09 13:05:07.477000;3;101641;1;1;0.0000;1;17278.0000;None;186600.0000
15008;2023-03-09 13:19:36.353000;1;101048;1;1;44800.0000;1;17278.0000;None;186600.0000
15008;2023-03-09 13:19:36.353000;7;1029;1;1;0.0000;1;17278.0000;None;186600.0000
15008;2023-03-09 13:19:36.353000;1;101929;1;1;16800.0000;1;17278.0000;None;186600.0000
15008;2023-03-09 13:19:36.353000;1;102457;1;1;18800.0000;1;17278.0000;None;186600.0000
15008;2023-03-09 13:19:36.353000;7;1029;1;1;0.0000;1;17278.0000;None;186600.0000
15008;2023-03-09 13:20:47.707000;8;103023;1;1;47800.0000;1;17278.0000;None;186600.0000
15008;2023-03-09 13:20:47.707000;8;100953;1;1;44800.0000;1;17278.0000;None;186600.0000
15008;2023-03-09 13:20:47.707000;7;1020;1;1;0.0000;1;17278.0000;None;186600.0000
15008;2023-03-09 13:20:47.707000;7;1030;1;1;0.0000;1;17278.0000;None;186600.0000
15009;2023-03-09 13:49:12.977000;3;201211;1;1;5800.0000;1;6982.0000;None;75400.0000
15009;2023-03-09 13:49:12.977000;8;101992;1;1;31800.0000;1;6982.0000;None;75400.0000
15009;2023-03-09 13:49:12.977000;8;103615;1;1;37800.0000;1;6982.0000;None;75400.0000
15009;2023-03-09 13:49:12.977000;7;1135;1;1;0.0000;1;6982.0000;None;75400.0000
15009;2023-03-09 13:49:12.987000;7;1020;1;1;0.0000;1;6982.0000;None;75400.0000
15010;2023-03-09 14:21:16.463000;3;201146;1;1;6800.0000;1;17222.0000;None;186000.0000
15010;2023-03-09 14:21:16.463000;3;200644;1;1;6800.0000;1;17222.0000;None;186000.0000
15010;2023-03-09 14:21:16.463000;3;101641;1;1;0.0000;1;17222.0000;None;186000.0000
15010;2023-03-09 14:21:16.463000;3;101641;1;1;0.0000;1;17222.0000;None;186000.0000
15010;2023-03-09 14:21:27.067000;1;102842;1;1;76800.0000;1;17222.0000;None;186000.0000
15010;2023-03-09 14:21:27.067000;8;103867;1;1;28800.0000;1;17222.0000;None;186000.0000
15010;2023-03-09 14:32:16.077000;1;102927;1;1;66800.0000;1;17222.0000;None;186000.0000
15010;2023-03-09 14:32:16.077000;6;101546;1;1;0.0000;1;17222.0000;None;186000.0000
15010;2023-03-09 14:32:16.077000;6;105090;1;1;0.0000;1;17222.0000;None;186000.0000
15010;2023-03-09 14:32:16.077000;6;105509;1;1;0.0000;1;17222.0000;None;186000.0000
15010;2023-03-09 14:32:16.077000;7;1030;1;1;0.0000;1;17222.0000;None;186000.0000
15011;2023-03-09 15:18:43.017000;1;108437;1;1;79800.0000;1;None;None;79800.0000
15011;2023-03-09 15:18:43.017000;7;1157;1;1;0.0000;1;None;None;79800.0000
15012;2023-03-09 15:31:45.087000;3;102633;1;2;25600.0000;1;68111.0000;None;735600.0000
15012;2023-03-09 15:31:45.087000;7;2039;1;2;0.0000;1;68111.0000;None;735600.0000
15012;2023-03-09 15:31:45.087000;3;100999;1;1;5800.0000;1;68111.0000;None;735600.0000
15012;2023-03-09 16:04:32.407000;3;100999;1;1;5800.0000;1;68111.0000;None;735600.0000
15012;2023-03-09 16:04:32.407000;7;1207;1;1;0.0000;1;68111.0000;None;735600.0000
15012;2023-03-09 16:04:32.407000;3;100999;1;1;5800.0000;1;68111.0000;None;735600.0000
15012;2023-03-09 16:04:32.407000;3;102633;1;1;12800.0000;1;68111.0000;None;735600.0000
15012;2023-03-09 16:04:32.407000;7;1207;1;1;0.0000;1;68111.0000;None;735600.0000
15012;2023-03-09 16:18:22.953000;3;102633;1;2;25600.0000;1;68111.0000;None;735600.0000
15012;2023-03-09 16:18:22.953000;7;1207;1;1;0.0000;1;68111.0000;None;735600.0000
15012;2023-03-09 16:18:22.953000;3;102748;1;1;15800.0000;1;68111.0000;None;735600.0000
15012;2023-03-09 16:18:22.953000;1;102925;1;5;64000.0000;1;68111.0000;None;735600.0000
15012;2023-03-09 16:24:33.477000;8;104298;1;1;19800.0000;1;68111.0000;None;735600.0000
15012;2023-03-09 16:24:33.477000;8;104298;1;1;19800.0000;1;68111.0000;None;735600.0000
15012;2023-03-09 16:24:33.477000;8;101886;1;1;17800.0000;1;68111.0000;None;735600.0000
15012;2023-03-09 16:28:53.017000;1;101651;1;1;15800.0000;1;68111.0000;None;735600.0000
15012;2023-03-09 16:36:54.277000;8;104655;1;1;38800.0000;1;68111.0000;None;735600.0000
15012;2023-03-09 16:36:54.277000;8;104298;1;1;19800.0000;1;68111.0000;None;735600.0000
15012;2023-03-09 16:36:54.277000;1;102458;1;1;19800.0000;1;68111.0000;None;735600.0000
15012;2023-03-09 16:36:54.277000;8;103539;1;1;32800.0000;1;68111.0000;None;735600.0000
15012;2023-03-09 16:36:54.277000;8;106491;1;1;55800.0000;1;68111.0000;None;735600.0000
15012;2023-03-09 16:36:54.277000;8;104655;1;1;38800.0000;1;68111.0000;None;735600.0000
15012;2023-03-09 16:36:54.277000;8;109181;1;1;65800.0000;1;68111.0000;None;735600.0000
15012;2023-03-09 16:38:10.650000;8;102797;1;1;56800.0000;1;68111.0000;None;735600.0000
15012;2023-03-09 16:38:10.660000;3;102748;1;1;15800.0000;1;68111.0000;None;735600.0000
15012;2023-03-09 16:38:10.680000;3;102748;1;1;15800.0000;1;68111.0000;None;735600.0000
15012;2023-03-09 16:38:10.680000;3;200644;1;1;6800.0000;1;68111.0000;None;735600.0000
15012;2023-03-09 16:43:50.713000;3;201269;1;1;6800.0000;1;68111.0000;None;735600.0000
15012;2023-03-09 16:43:50.713000;3;108191;1;1;0.0000;1;68111.0000;None;735600.0000
15012;2023-03-09 16:43:50.713000;3;201211;1;1;5800.0000;1;68111.0000;None;735600.0000
15012;2023-03-09 16:43:50.713000;3;102633;1;1;12800.0000;1;68111.0000;None;735600.0000
15012;2023-03-09 16:43:50.713000;7;2039;1;1;0.0000;1;68111.0000;None;735600.0000
15012;2023-03-09 16:51:37.243000;8;103690;1;1;41800.0000;1;68111.0000;None;735600.0000
15012;2023-03-09 16:51:37.243000;8;105731;1;1;0.0000;1;68111.0000;None;735600.0000
15012;2023-03-09 16:56:51.560000;8;103690;1;1;41800.0000;1;68111.0000;None;735600.0000
15012;2023-03-09 16:56:51.560000;8;105731;1;1;0.0000;1;68111.0000;None;735600.0000
15012;2023-03-09 16:56:51.560000;3;201277;1;1;6800.0000;1;68111.0000;None;735600.0000
15012;2023-03-09 16:56:51.560000;7;2042;1;1;0.0000;1;68111.0000;None;735600.0000
15012;2023-03-09 17:01:17.403000;8;102291;1;1;3800.0000;1;68111.0000;None;735600.0000
15012;2023-03-09 17:18:23;1;101195;1;1;14800.0000;1;68111.0000;None;735600.0000
15013;2023-03-09 15:46:21.747000;3;102747;1;1;4800.0000;1;19185.0000;None;207200.0000
15013;2023-03-09 15:46:21.747000;3;102747;1;1;4800.0000;1;19185.0000;None;207200.0000
15013;2023-03-09 15:46:21.747000;3;200644;1;1;6800.0000;1;19185.0000;None;207200.0000
15013;2023-03-09 15:46:21.747000;1;101321;1;1;26800.0000;1;19185.0000;None;207200.0000
15013;2023-03-09 15:46:21.747000;7;1006;1;1;0.0000;1;19185.0000;None;207200.0000
15013;2023-03-09 15:46:21.747000;7;1026;1;1;0.0000;1;19185.0000;None;207200.0000
15013;2023-03-09 15:46:21.747000;1;103073;1;1;32800.0000;1;19185.0000;None;207200.0000
15013;2023-03-09 15:46:21.747000;7;1020;1;1;0.0000;1;19185.0000;None;207200.0000
15013;2023-03-09 15:46:21.747000;7;1020;1;1;0.0000;1;19185.0000;None;207200.0000
15013;2023-03-09 15:46:21.747000;8;106491;1;1;55800.0000;1;19185.0000;None;207200.0000
15013;2023-03-09 15:46:21.747000;7;1042;1;1;0.0000;1;19185.0000;None;207200.0000
15013;2023-03-09 15:46:21.747000;8;102804;1;1;43800.0000;1;19185.0000;None;207200.0000
15013;2023-03-09 15:46:21.747000;8;102996;1;1;15800.0000;1;19185.0000;None;207200.0000
15013;2023-03-09 15:46:21.747000;8;102996;1;1;15800.0000;1;19185.0000;None;207200.0000
15013;2023-03-09 15:46:21.747000;7;1020;1;1;0.0000;1;19185.0000;None;207200.0000
15013;2023-03-09 15:46:21.747000;7;1135;1;1;0.0000;1;19185.0000;None;207200.0000
15013;2023-03-09 15:46:21.747000;7;1020;1;1;0.0000;1;19185.0000;None;207200.0000
15014;2023-03-09 16:30:03.747000;3;201211;1;1;5800.0000;1;21037.0000;None;227200.0000
15014;2023-03-09 16:30:03.747000;2;202604;1;1;12800.0000;1;21037.0000;None;227200.0000
15014;2023-03-09 16:30:03.747000;2;102605;1;1;47800.0000;1;21037.0000;None;227200.0000
15014;2023-03-09 16:30:03.747000;1;102457;1;1;18800.0000;1;21037.0000;None;227200.0000
15014;2023-03-09 16:30:03.747000;7;1135;1;1;0.0000;1;21037.0000;None;227200.0000
15014;2023-03-09 16:30:03.747000;1;102925;1;1;12800.0000;1;21037.0000;None;227200.0000
15014;2023-03-09 16:30:25.140000;1;103058;1;1;32800.0000;1;21037.0000;None;227200.0000
15014;2023-03-09 16:30:25.140000;1;106922;1;1;0.0000;1;21037.0000;None;227200.0000
15014;2023-03-09 16:30:25.140000;8;102800;1;1;69800.0000;1;21037.0000;None;227200.0000
15014;2023-03-09 16:30:25.150000;8;109117;1;1;19800.0000;1;21037.0000;None;227200.0000
15014;2023-03-09 16:30:25.150000;7;1020;1;1;0.0000;1;21037.0000;None;227200.0000
15014;2023-03-09 16:30:25.150000;7;1030;1;1;0.0000;1;21037.0000;None;227200.0000
15014;2023-03-09 16:41:05.477000;7;2004;2;10;0.0000;1;21037.0000;None;227200.0000
15014;2023-03-09 16:41:05.477000;7;1153;1;10;0.0000;1;21037.0000;None;227200.0000
15014;2023-03-09 16:41:05.477000;8;109217;1;10;0.0000;1;21037.0000;None;227200.0000
15014;2023-03-09 17:15:41.560000;3;200644;1;1;6800.0000;1;21037.0000;None;227200.0000
15022;2023-03-09 19:48:24.033000;2;108118;1;4;159200.0000;1;33241.0000;None;359000.0000
15022;2023-03-09 19:48:24.033000;3;105735;1;1;0.0000;1;33241.0000;None;359000.0000
15022;2023-03-09 19:48:24.033000;7;1207;1;4;0.0000;1;33241.0000;None;359000.0000
15022;2023-03-09 19:57:35.410000;1;103826;1;2;67600.0000;1;33241.0000;None;359000.0000
15022;2023-03-09 19:57:35.410000;1;102927;1;1;66800.0000;1;33241.0000;None;359000.0000
15022;2023-03-09 19:57:35.410000;6;105509;1;1;0.0000;1;33241.0000;None;359000.0000
15022;2023-03-09 19:57:35.410000;6;105090;1;1;0.0000;1;33241.0000;None;359000.0000
15022;2023-03-09 19:57:35.410000;6;101546;1;1;0.0000;1;33241.0000;None;359000.0000
15022;2023-03-09 19:57:35.410000;1;102457;1;1;18800.0000;1;33241.0000;None;359000.0000
15022;2023-03-09 19:57:35.410000;1;103536;1;1;39800.0000;1;33241.0000;None;359000.0000
15022;2023-03-09 20:14:26.570000;3;200644;1;1;6800.0000;1;33241.0000;None;359000.0000
15022;2023-03-09 20:14:26.570000;3;101641;1;1;0.0000;1;33241.0000;None;359000.0000
15023;2023-03-09 20:36:31.690000;1;103780;1;1;16800.0000;1;1556.0000;None;16800.0000
21552;2023-03-09 14:08:39.417000;8;103867;1;1;28800.0000;1;None;None;37600.0000
21552;2023-03-09 14:08:39.417000;3;102635;1;1;8800.0000;1;None;None;37600.0000
21554;2023-03-09 18:22:01.337000;2;200136;1;1;109800.0000;1;62797.0000;None;678200.0000
21554;2023-03-09 17:19:00.453000;2;200136;1;1;109800.0000;1;62797.0000;None;678200.0000
21554;2023-03-09 15:25:42.373000;2;200202;1;1;118800.0000;1;62797.0000;None;678200.0000
21554;2023-03-09 16:03:31.253000;1;109503;1;1;59800.0000;1;62797.0000;None;678200.0000
21554;2023-03-09 17:00:00.363000;2;200202;1;1;118800.0000;1;62797.0000;None;678200.0000
21554;2023-03-09 17:19:22.163000;2;200202;1;-1;-118800.0000;1;62797.0000;None;678200.0000
21554;2023-03-09 18:23:13.150000;3;201146;1;1;6800.0000;1;62797.0000;None;678200.0000
21554;2023-03-09 18:23:13.150000;3;201146;1;1;6800.0000;1;62797.0000;None;678200.0000
21554;2023-03-09 18:23:13.150000;3;201146;1;1;6800.0000;1;62797.0000;None;678200.0000
21554;2023-03-09 18:23:13.150000;3;100614;1;1;5800.0000;1;62797.0000;None;678200.0000
21554;2023-03-09 18:39:32.173000;1;103937;1;1;56800.0000;1;62797.0000;None;678200.0000
21554;2023-03-09 18:53:13.890000;1;102458;1;1;19800.0000;1;62797.0000;None;678200.0000
21554;2023-03-09 18:59:21.280000;1;103937;1;1;56800.0000;1;62797.0000;None;678200.0000
21554;2023-03-09 18:59:21.280000;1;103937;1;1;56800.0000;1;62797.0000;None;678200.0000
21554;2023-03-09 19:46:13.627000;3;201146;1;1;6800.0000;1;62797.0000;None;678200.0000
21554;2023-03-09 19:46:13.627000;3;201146;1;1;6800.0000;1;62797.0000;None;678200.0000
21554;2023-03-09 20:13:56.530000;1;201555;1;1;50000.0000;1;62797.0000;None;678200.0000
21554;2023-03-09 20:13:56.530000;7;1213;1;1;0.0000;1;62797.0000;None;678200.0000
21554;2023-03-09 20:13:56.530000;7;1213;1;1;0.0000;1;62797.0000;None;678200.0000
21555;2023-03-09 18:41:56.353000;3;102635;1;3;26400.0000;1;475502.0000;None;5135400.0000
21555;2023-03-09 20:14:19.893000;3;200644;1;3;20400.0000;1;475502.0000;None;5135400.0000
21555;2023-03-09 20:22:54.257000;3;200644;1;1;6800.0000;1;475502.0000;None;5135400.0000
21555;2023-03-09 18:47:33.160000;2;201187;1;1;10800.0000;1;475502.0000;None;5135400.0000
21555;2023-03-09 21:00:22.420000;1;201555;1;1;5071000.0000;1;475502.0000;None;5135400.0000
21555;2023-03-09 21:00:22.420000;7;1135;1;1;0.0000;1;475502.0000;None;5135400.0000
