6999;2023-03-10 12:15:07.743000;3;201269;1;1;6800.0000;1;20352.0000;None;219800.0000
6999;2023-03-10 12:15:07.743000;3;108191;1;1;0.0000;1;20352.0000;None;219800.0000
6999;2023-03-10 12:30:47.110000;3;201211;1;1;5800.0000;1;20352.0000;None;219800.0000
6999;2023-03-10 12:40:33.957000;8;107526;1;1;29800.0000;1;20352.0000;None;219800.0000
6999;2023-03-10 12:40:50.407000;8;104655;1;1;38800.0000;1;20352.0000;None;219800.0000
6999;2023-03-10 12:40:50.407000;8;100953;1;1;44800.0000;1;20352.0000;None;219800.0000
6999;2023-03-10 12:40:50.407000;8;102797;1;1;56800.0000;1;20352.0000;None;219800.0000
6999;2023-03-10 12:40:50.407000;7;1020;1;1;0.0000;1;20352.0000;None;219800.0000
6999;2023-03-10 12:40:50.407000;7;1030;1;1;0.0000;1;20352.0000;None;219800.0000
6999;2023-03-10 12:40:50.407000;7;1040;1;1;0.0000;1;20352.0000;None;219800.0000
6999;2023-03-10 13:00:47.410000;7;1220;1;1;0.0000;1;20352.0000;None;219800.0000
6999;2023-03-10 13:00:47.410000;7;1220;1;1;0.0000;1;20352.0000;None;219800.0000
6999;2023-03-10 13:20:24.757000;3;201269;1;1;6800.0000;1;20352.0000;None;219800.0000
6999;2023-03-10 13:20:24.757000;3;108191;1;1;0.0000;1;20352.0000;None;219800.0000
6999;2023-03-10 13:40:07.040000;1;104004;1;1;15800.0000;1;20352.0000;None;219800.0000
6999;2023-03-10 13:40:07.040000;1;101088;1;1;2800.0000;1;20352.0000;None;219800.0000
6999;2023-03-10 13:45:30.700000;3;100614;1;1;5800.0000;1;20352.0000;None;219800.0000
6999;2023-03-10 13:45:30.700000;3;100614;1;1;5800.0000;1;20352.0000;None;219800.0000
7000;2023-03-10 12:30:42.903000;3;200644;1;1;6800.0000;1;16426.0000;None;177400.0000
7000;2023-03-10 12:30:42.903000;3;101641;1;1;0.0000;1;16426.0000;None;177400.0000
7000;2023-03-10 12:30:42.903000;3;102747;1;1;4800.0000;1;16426.0000;None;177400.0000
7000;2023-03-10 12:35:07.800000;8;101996;1;1;15800.0000;1;16426.0000;None;177400.0000
7000;2023-03-10 12:35:07.800000;1;102459;1;1;18800.0000;1;16426.0000;None;177400.0000
7000;2023-03-10 12:59:05.933000;8;103539;1;1;32800.0000;1;16426.0000;None;177400.0000
7000;2023-03-10 12:59:05.933000;8;103544;1;1;25800.0000;1;16426.0000;None;177400.0000
7000;2023-03-10 12:59:05.933000;7;1135;1;1;0.0000;1;16426.0000;None;177400.0000
7000;2023-03-10 12:59:05.933000;8;102692;1;1;34800.0000;1;16426.0000;None;177400.0000
7000;2023-03-10 12:59:05.933000;8;103615;1;1;37800.0000;1;16426.0000;None;177400.0000
7000;2023-03-10 12:59:05.933000;7;1135;1;1;0.0000;1;16426.0000;None;177400.0000
7000;2023-03-10 12:59:05.933000;7;1020;1;1;0.0000;1;16426.0000;None;177400.0000
7001;2023-03-10 12:39:48.353000;3;102635;1;1;8800.0000;1;17167.0000;None;185400.0000
7001;2023-03-10 12:39:48.353000;3;201269;1;1;6800.0000;1;17167.0000;None;185400.0000
7001;2023-03-10 12:39:48.353000;3;108191;1;1;0.0000;1;17167.0000;None;185400.0000
7001;2023-03-10 12:48:44.287000;1;102458;1;1;19800.0000;1;17167.0000;None;185400.0000
7001;2023-03-10 12:54:14.340000;8;103022;1;1;69800.0000;1;17167.0000;None;185400.0000
7001;2023-03-10 12:54:14.340000;8;101883;1;1;54800.0000;1;17167.0000;None;185400.0000
7001;2023-03-10 12:54:14.340000;7;1020;1;1;0.0000;1;17167.0000;None;185400.0000
7001;2023-03-10 13:34:46.453000;1;104004;1;1;15800.0000;1;17167.0000;None;185400.0000
7001;2023-03-10 13:34:46.453000;1;101088;1;1;2800.0000;1;17167.0000;None;185400.0000
7001;2023-03-10 13:34:46.453000;3;100606;1;1;6800.0000;1;17167.0000;None;185400.0000
7002;2023-03-10 12:49:14.007000;1;102458;1;1;19800.0000;1;20389.0000;None;220200.0000
7002;2023-03-10 12:49:14.007000;3;200644;1;1;6800.0000;1;20389.0000;None;220200.0000
7002;2023-03-10 12:49:14.007000;3;101641;1;1;0.0000;1;20389.0000;None;220200.0000
7002;2023-03-10 12:49:14.007000;2;102774;1;1;45800.0000;1;20389.0000;None;220200.0000
7002;2023-03-10 12:49:36.997000;8;100953;1;1;44800.0000;1;20389.0000;None;220200.0000
7002;2023-03-10 12:49:36.997000;8;103746;1;1;39800.0000;1;20389.0000;None;220200.0000
7002;2023-03-10 12:49:36.997000;8;102692;1;1;34800.0000;1;20389.0000;None;220200.0000
7002;2023-03-10 13:39:58.633000;1;101891;1;1;16800.0000;1;20389.0000;None;220200.0000
7002;2023-03-10 13:45:02.563000;3;100614;1;1;5800.0000;1;20389.0000;None;220200.0000
7002;2023-03-10 13:45:02.563000;3;100614;1;1;5800.0000;1;20389.0000;None;220200.0000
7004;2023-03-10 12:50:43.607000;8;103615;1;1;37800.0000;1;11593.0000;None;125200.0000
7004;2023-03-10 12:50:43.607000;7;1135;1;1;0.0000;1;11593.0000;None;125200.0000
7004;2023-03-10 12:50:43.607000;7;1135;1;1;0.0000;1;11593.0000;None;125200.0000
7004;2023-03-10 12:50:43.607000;8;109181;1;1;65800.0000;1;11593.0000;None;125200.0000
7004;2023-03-10 12:50:43.607000;7;1020;1;1;0.0000;1;11593.0000;None;125200.0000
7004;2023-03-10 12:50:43.607000;2;201187;1;1;10800.0000;1;11593.0000;None;125200.0000
7004;2023-03-10 12:50:43.607000;2;201187;1;1;10800.0000;1;11593.0000;None;125200.0000
7005;2023-03-10 12:58:20.047000;8;103690;1;1;41800.0000;1;9926.0000;None;107200.0000
7005;2023-03-10 12:58:20.047000;8;105731;1;1;0.0000;1;9926.0000;None;107200.0000
7005;2023-03-10 12:58:20.047000;8;103690;1;1;41800.0000;1;9926.0000;None;107200.0000
7005;2023-03-10 12:58:20.047000;8;105731;1;1;0.0000;1;9926.0000;None;107200.0000
7005;2023-03-10 12:58:20.047000;8;101996;1;1;15800.0000;1;9926.0000;None;107200.0000
7005;2023-03-10 12:58:20.047000;3;103912;1;1;7800.0000;1;9926.0000;None;107200.0000
7008;2023-03-10 13:14:40.170000;3;102747;1;1;4800.0000;1;31037.0000;None;335200.0000
7008;2023-03-10 13:23:31.833000;2;200627;1;1;70800.0000;1;31037.0000;None;335200.0000
7008;2023-03-10 13:23:31.833000;7;1207;1;1;0.0000;1;31037.0000;None;335200.0000
7008;2023-03-10 13:23:31.833000;1;109513;1;1;38800.0000;1;31037.0000;None;335200.0000
7008;2023-03-10 13:23:31.833000;8;101996;1;1;15800.0000;1;31037.0000;None;335200.0000
7008;2023-03-10 13:29:34.527000;3;201146;1;1;6800.0000;1;31037.0000;None;335200.0000
7008;2023-03-10 13:31:28.743000;1;102925;1;1;12800.0000;1;31037.0000;None;335200.0000
7008;2023-03-10 13:31:28.743000;1;102925;1;1;12800.0000;1;31037.0000;None;335200.0000
7008;2023-03-10 13:55:42.583000;3;102747;1;1;4800.0000;1;31037.0000;None;335200.0000
7008;2023-03-10 13:55:42.583000;8;109357;1;1;29800.0000;1;31037.0000;None;335200.0000
7008;2023-03-10 13:55:42.583000;8;102797;1;1;56800.0000;1;31037.0000;None;335200.0000
7008;2023-03-10 14:14:08.123000;2;101728;1;1;33800.0000;1;31037.0000;None;335200.0000
7008;2023-03-10 14:32:33.687000;8;102996;1;3;47400.0000;1;31037.0000;None;335200.0000
7009;2023-03-10 13:42:06.820000;1;103596;1;1;79800.0000;1;8759.0000;None;94600.0000
7009;2023-03-10 13:42:06.820000;1;106337;1;1;0.0000;1;8759.0000;None;94600.0000
7009;2023-03-10 13:42:06.820000;1;105010;1;1;0.0000;1;8759.0000;None;94600.0000
7009;2023-03-10 13:42:06.820000;3;102643;1;1;14800.0000;1;8759.0000;None;94600.0000
7013;2023-03-10 14:02:30.790000;2;201615;1;1;14800.0000;1;24296.0000;None;262400.0000
7013;2023-03-10 14:02:30.790000;2;201615;1;1;14800.0000;1;24296.0000;None;262400.0000
7013;2023-03-10 14:02:30.790000;2;201187;1;1;10800.0000;1;24296.0000;None;262400.0000
7013;2023-03-10 14:02:30.790000;3;102619;1;1;7800.0000;1;24296.0000;None;262400.0000
7013;2023-03-10 14:02:30.790000;7;2072;1;1;0.0000;1;24296.0000;None;262400.0000
7013;2023-03-10 14:15:23.383000;1;103536;1;1;39800.0000;1;24296.0000;None;262400.0000
7013;2023-03-10 14:15:23.383000;1;102923;1;1;68800.0000;1;24296.0000;None;262400.0000
7013;2023-03-10 14:15:23.383000;8;109320;1;1;35800.0000;1;24296.0000;None;262400.0000
7013;2023-03-10 14:15:23.383000;8;103867;1;1;28800.0000;1;24296.0000;None;262400.0000
7013;2023-03-10 14:15:23.383000;7;1020;1;1;0.0000;1;24296.0000;None;262400.0000
7013;2023-03-10 14:15:23.383000;7;1020;1;1;0.0000;1;24296.0000;None;262400.0000
7013;2023-03-10 14:15:23.383000;7;1020;1;1;0.0000;1;24296.0000;None;262400.0000
7013;2023-03-10 15:09:14.990000;1;101891;1;1;16800.0000;1;24296.0000;None;262400.0000
7013;2023-03-10 15:09:14.990000;7;1135;1;1;0.0000;1;24296.0000;None;262400.0000
7013;2023-03-10 15:09:14.990000;3;100614;1;3;17400.0000;1;24296.0000;None;262400.0000
7013;2023-03-10 15:09:14.990000;3;100607;1;1;6800.0000;1;24296.0000;None;262400.0000
7014;2023-03-10 13:03:05.817000;3;201211;1;2;11600.0000;1;53093.0000;None;573400.0000
7014;2023-03-10 13:03:05.817000;3;200644;1;1;6800.0000;1;53093.0000;None;573400.0000
7014;2023-03-10 13:03:05.817000;3;201206;1;1;6800.0000;1;53093.0000;None;573400.0000
7014;2023-03-10 13:03:05.817000;8;103615;1;2;75600.0000;1;53093.0000;None;573400.0000
7014;2023-03-10 13:03:05.817000;1;109513;1;1;38800.0000;1;53093.0000;None;573400.0000
7014;2023-03-10 13:16:30.587000;2;200520;1;1;306800.0000;1;53093.0000;None;573400.0000
7014;2023-03-10 13:16:30.587000;3;105735;1;4;0.0000;1;53093.0000;None;573400.0000
7014;2023-03-10 13:18:07.820000;3;201269;1;1;6800.0000;1;53093.0000;None;573400.0000
7014;2023-03-10 13:18:07.820000;3;201269;1;1;6800.0000;1;53093.0000;None;573400.0000
7014;2023-03-10 13:29:20.697000;3;201269;1;1;6800.0000;1;53093.0000;None;573400.0000
7014;2023-03-10 13:57:04.720000;1;104240;1;1;28800.0000;1;53093.0000;None;573400.0000
7014;2023-03-10 13:57:04.720000;8;103867;1;1;28800.0000;1;53093.0000;None;573400.0000
7014;2023-03-10 14:22:29.887000;3;201269;1;1;6800.0000;1;53093.0000;None;573400.0000
7014;2023-03-10 14:38:38.200000;3;201269;1;1;6800.0000;1;53093.0000;None;573400.0000
7014;2023-03-10 14:56:00.553000;1;104004;1;1;15800.0000;1;53093.0000;None;573400.0000
7014;2023-03-10 14:56:00.553000;1;101088;1;1;2800.0000;1;53093.0000;None;573400.0000
7014;2023-03-10 14:56:00.553000;1;101891;1;1;16800.0000;1;53093.0000;None;573400.0000
7015;2023-03-10 14:24:00.437000;1;102457;1;1;18800.0000;1;18574.0000;None;200600.0000
7015;2023-03-10 14:24:38.940000;2;200627;1;1;70800.0000;1;18574.0000;None;200600.0000
7015;2023-03-10 14:24:38.940000;3;103912;1;1;7800.0000;1;18574.0000;None;200600.0000
7015;2023-03-10 14:25:57.140000;3;201146;1;1;6800.0000;1;18574.0000;None;200600.0000
7015;2023-03-10 14:26:51.727000;8;103867;1;1;28800.0000;1;18574.0000;None;200600.0000
7015;2023-03-10 14:26:51.727000;8;102692;1;1;34800.0000;1;18574.0000;None;200600.0000
7015;2023-03-10 14:26:51.727000;1;103058;1;1;32800.0000;1;18574.0000;None;200600.0000
7015;2023-03-10 14:26:51.727000;1;106922;1;1;0.0000;1;18574.0000;None;200600.0000
7019;2023-03-10 13:00:35.637000;2;200066;1;1;239800.0000;1;93834.0000;None;1013400.0000
7019;2023-03-10 13:00:35.637000;7;1207;1;1;0.0000;1;93834.0000;None;1013400.0000
7019;2023-03-10 13:00:35.637000;3;200644;1;1;6800.0000;1;93834.0000;None;1013400.0000
7019;2023-03-10 13:00:35.637000;3;200644;1;1;6800.0000;1;93834.0000;None;1013400.0000
7019;2023-03-10 13:00:35.637000;3;201146;1;1;6800.0000;1;93834.0000;None;1013400.0000
7019;2023-03-10 13:09:11.693000;1;103943;1;1;53800.0000;1;93834.0000;None;1013400.0000
7019;2023-03-10 13:09:11.693000;1;108429;1;1;69800.0000;1;93834.0000;None;1013400.0000
7019;2023-03-10 13:09:35.683000;8;100990;1;1;75800.0000;1;93834.0000;None;1013400.0000
7019;2023-03-10 13:09:35.683000;8;103022;1;1;69800.0000;1;93834.0000;None;1013400.0000
7019;2023-03-10 13:09:35.683000;8;106077;1;1;32800.0000;1;93834.0000;None;1013400.0000
7019;2023-03-10 13:09:35.683000;8;102800;1;1;69800.0000;1;93834.0000;None;1013400.0000
7019;2023-03-10 13:09:35.683000;7;1020;1;1;0.0000;1;93834.0000;None;1013400.0000
7019;2023-03-10 13:09:35.683000;7;1040;1;1;0.0000;1;93834.0000;None;1013400.0000
7019;2023-03-10 13:09:35.683000;7;1030;1;1;0.0000;1;93834.0000;None;1013400.0000
7019;2023-03-10 13:42:14.720000;7;1220;1;1;0.0000;1;93834.0000;None;1013400.0000
7019;2023-03-10 13:42:14.720000;7;1220;1;1;0.0000;1;93834.0000;None;1013400.0000
7019;2023-03-10 13:44:27.423000;2;200066;1;1;239800.0000;1;93834.0000;None;1013400.0000
7019;2023-03-10 14:30:04.767000;2;200061;1;1;135800.0000;1;93834.0000;None;1013400.0000
7019;2023-03-10 14:30:14.830000;3;100614;1;1;5800.0000;1;93834.0000;None;1013400.0000
7019;2023-03-10 14:47:17.077000;8;109217;1;1;0.0000;1;93834.0000;None;1013400.0000
7020;2023-03-10 18:28:00.120000;1;102457;1;1;18800.0000;1;4500.0000;None;48600.0000
7020;2023-03-10 18:45:23.070000;8;103866;1;1;29800.0000;1;4500.0000;None;48600.0000
7021;2023-03-10 18:35:58.030000;3;102747;1;4;19200.0000;1;25463.0000;None;275000.0000
7021;2023-03-10 18:35:58.030000;7;2006;1;1;0.0000;1;25463.0000;None;275000.0000
7021;2023-03-10 18:37:22.747000;1;102459;1;1;18800.0000;1;25463.0000;None;275000.0000
7021;2023-03-10 18:37:22.747000;1;107168;1;1;34800.0000;1;25463.0000;None;275000.0000
7021;2023-03-10 18:37:22.747000;1;101318;1;1;35800.0000;1;25463.0000;None;275000.0000
7021;2023-03-10 18:37:22.747000;7;1020;1;1;0.0000;1;25463.0000;None;275000.0000
7021;2023-03-10 18:37:22.747000;7;1029;1;1;0.0000;1;25463.0000;None;275000.0000
7021;2023-03-10 18:37:22.747000;7;1001;1;1;0.0000;1;25463.0000;None;275000.0000
7021;2023-03-10 18:37:22.747000;7;1001;1;1;0.0000;1;25463.0000;None;275000.0000
7021;2023-03-10 18:37:22.747000;1;104766;1;1;16800.0000;1;25463.0000;None;275000.0000
7021;2023-03-10 18:37:22.747000;1;101305;1;1;21800.0000;1;25463.0000;None;275000.0000
7021;2023-03-10 18:37:22.747000;7;1135;1;1;0.0000;1;25463.0000;None;275000.0000
7021;2023-03-10 18:37:22.747000;1;103075;1;1;57800.0000;1;25463.0000;None;275000.0000
7021;2023-03-10 18:37:22.747000;1;101050;1;1;49800.0000;1;25463.0000;None;275000.0000
7021;2023-03-10 18:37:22.747000;7;1006;1;1;0.0000;1;25463.0000;None;275000.0000
7021;2023-03-10 18:37:22.747000;7;1020;1;1;0.0000;1;25463.0000;None;275000.0000
7021;2023-03-10 18:37:22.747000;7;1030;1;1;0.0000;1;25463.0000;None;275000.0000
7021;2023-03-10 19:07:36.630000;3;102747;1;1;4800.0000;1;25463.0000;None;275000.0000
7021;2023-03-10 19:07:36.630000;7;2006;1;1;0.0000;1;25463.0000;None;275000.0000
7021;2023-03-10 19:30:21.757000;3;201211;1;1;5800.0000;1;25463.0000;None;275000.0000
7021;2023-03-10 19:33:10.827000;3;104554;1;1;4800.0000;1;25463.0000;None;275000.0000
7021;2023-03-10 19:33:10.827000;3;104554;1;1;4800.0000;1;25463.0000;None;275000.0000
7022;2023-03-10 18:53:18.807000;3;201146;1;1;6800.0000;1;8056.0000;None;87000.0000
7022;2023-03-10 18:53:18.807000;2;101728;1;1;33800.0000;1;8056.0000;None;87000.0000
7022;2023-03-10 18:53:18.807000;8;101996;1;1;15800.0000;1;8056.0000;None;87000.0000
7022;2023-03-10 18:53:18.807000;8;104259;1;1;13800.0000;1;8056.0000;None;87000.0000
7022;2023-03-10 19:19:05.327000;1;103780;1;1;16800.0000;1;8056.0000;None;87000.0000
7023;2023-03-10 19:00:39.420000;2;201187;1;1;10800.0000;1;15222.0000;None;164400.0000
7023;2023-03-10 19:00:39.420000;2;200480;1;1;12800.0000;1;15222.0000;None;164400.0000
7023;2023-03-10 19:00:39.420000;3;108191;1;1;0.0000;1;15222.0000;None;164400.0000
7023;2023-03-10 19:22:34.243000;2;201187;1;1;10800.0000;1;15222.0000;None;164400.0000
7023;2023-03-10 19:25:11.530000;8;101992;1;1;31800.0000;1;15222.0000;None;164400.0000
7023;2023-03-10 19:25:11.530000;8;103165;1;1;34800.0000;1;15222.0000;None;164400.0000
7023;2023-03-10 19:25:11.530000;8;101026;1;1;35800.0000;1;15222.0000;None;164400.0000
7023;2023-03-10 19:25:11.530000;7;1020;1;1;0.0000;1;15222.0000;None;164400.0000
7023;2023-03-10 19:25:11.530000;7;1135;1;1;0.0000;1;15222.0000;None;164400.0000
7023;2023-03-10 19:51:19.603000;1;101891;1;1;16800.0000;1;15222.0000;None;164400.0000
7023;2023-03-10 19:59:52.590000;2;201187;1;1;10800.0000;1;15222.0000;None;164400.0000
7027;2023-03-10 19:21:35.597000;2;200146;1;1;167800.0000;1;52334.0000;None;565200.0000
7027;2023-03-10 19:21:35.597000;3;100999;1;1;5800.0000;1;52334.0000;None;565200.0000
7027;2023-03-10 19:21:35.597000;7;1207;1;1;0.0000;1;52334.0000;None;565200.0000
7027;2023-03-10 19:29:47.223000;3;201146;1;1;6800.0000;1;52334.0000;None;565200.0000
7027;2023-03-10 19:37:01.527000;8;101883;1;1;54800.0000;1;52334.0000;None;565200.0000
7027;2023-03-10 19:37:01.527000;8;107333;1;1;69800.0000;1;52334.0000;None;565200.0000
7027;2023-03-10 19:37:01.527000;8;102800;1;1;69800.0000;1;52334.0000;None;565200.0000
7027;2023-03-10 19:37:01.527000;7;1020;1;1;0.0000;1;52334.0000;None;565200.0000
7027;2023-03-10 19:37:01.527000;7;1040;1;1;0.0000;1;52334.0000;None;565200.0000
7027;2023-03-10 20:35:52.117000;1;103780;1;1;16800.0000;1;52334.0000;None;565200.0000
7027;2023-03-10 20:35:52.117000;3;100614;1;1;5800.0000;1;52334.0000;None;565200.0000
7027;2023-03-10 20:35:52.117000;2;200146;1;1;167800.0000;1;52334.0000;None;565200.0000
7028;2023-03-10 19:27:59.843000;3;201211;1;1;5800.0000;1;38130.0000;None;411800.0000
7028;2023-03-10 19:45:28.187000;3;201211;1;1;5800.0000;1;38130.0000;None;411800.0000
7028;2023-03-10 19:45:28.187000;3;101641;1;1;0.0000;1;38130.0000;None;411800.0000
7028;2023-03-10 19:45:28.187000;3;200644;1;1;6800.0000;1;38130.0000;None;411800.0000
7028;2023-03-10 19:45:28.187000;3;101641;1;1;0.0000;1;38130.0000;None;411800.0000
7028;2023-03-10 20:06:01.257000;3;201146;1;1;6800.0000;1;38130.0000;None;411800.0000
7028;2023-03-10 20:10:58.547000;8;102540;1;1;36800.0000;1;38130.0000;None;411800.0000
7028;2023-03-10 20:10:58.547000;8;102540;1;1;36800.0000;1;38130.0000;None;411800.0000
7028;2023-03-10 20:10:58.547000;1;102458;1;1;19800.0000;1;38130.0000;None;411800.0000
7028;2023-03-10 20:10:58.547000;8;101996;1;1;15800.0000;1;38130.0000;None;411800.0000
7028;2023-03-10 20:12:10.087000;8;101992;1;1;31800.0000;1;38130.0000;None;411800.0000
7028;2023-03-10 20:12:10.087000;8;102691;1;1;77800.0000;1;38130.0000;None;411800.0000
7028;2023-03-10 20:12:10.087000;8;103028;1;1;56800.0000;1;38130.0000;None;411800.0000
7028;2023-03-10 20:12:10.087000;8;103023;1;1;47800.0000;1;38130.0000;None;411800.0000
7028;2023-03-10 20:12:10.087000;8;104655;1;1;38800.0000;1;38130.0000;None;411800.0000
7028;2023-03-10 20:12:10.087000;7;1020;1;1;0.0000;1;38130.0000;None;411800.0000
7028;2023-03-10 20:12:10.087000;7;1040;1;1;0.0000;1;38130.0000;None;411800.0000
7028;2023-03-10 20:12:10.087000;7;1030;1;1;0.0000;1;38130.0000;None;411800.0000
7028;2023-03-10 20:28:24.107000;7;1220;1;1;0.0000;1;38130.0000;None;411800.0000
7028;2023-03-10 20:28:24.107000;7;1220;1;1;0.0000;1;38130.0000;None;411800.0000
7028;2023-03-10 20:38:53.207000;6;101613;1;1;0.0000;1;38130.0000;None;411800.0000
7028;2023-03-10 20:38:53.207000;6;101613;1;1;0.0000;1;38130.0000;None;411800.0000
7028;2023-03-10 20:50:25.590000;3;201211;1;1;5800.0000;1;38130.0000;None;411800.0000
7028;2023-03-10 20:50:25.590000;3;101641;1;1;0.0000;1;38130.0000;None;411800.0000
7028;2023-03-10 21:03:10.940000;1;104004;1;1;15800.0000;1;38130.0000;None;411800.0000
7028;2023-03-10 21:03:10.940000;1;101088;1;1;2800.0000;1;38130.0000;None;411800.0000
7029;2023-03-10 19:30:42.830000;2;201187;1;1;10800.0000;1;16870.0000;None;182200.0000
7029;2023-03-10 19:30:42.830000;2;200478;1;1;14800.0000;1;16870.0000;None;182200.0000
7029;2023-03-10 19:37:40.220000;8;100954;1;1;39800.0000;1;16870.0000;None;182200.0000
7029;2023-03-10 19:37:40.220000;8;106077;1;1;32800.0000;1;16870.0000;None;182200.0000
7029;2023-03-10 19:37:40.220000;8;103539;1;1;32800.0000;1;16870.0000;None;182200.0000
7029;2023-03-10 19:37:40.220000;8;103867;1;1;28800.0000;1;16870.0000;None;182200.0000
7029;2023-03-10 19:37:40.220000;7;1135;1;1;0.0000;1;16870.0000;None;182200.0000
7029;2023-03-10 19:50:23.750000;2;201187;1;1;10800.0000;1;16870.0000;None;182200.0000
7029;2023-03-10 19:50:23.750000;8;109217;1;1;0.0000;1;16870.0000;None;182200.0000
7029;2023-03-10 19:50:23.767000;7;1153;1;20;0.0000;1;16870.0000;None;182200.0000
7029;2023-03-10 20:19:12.250000;3;100614;1;1;5800.0000;1;16870.0000;None;182200.0000
7029;2023-03-10 20:19:12.250000;3;100614;1;1;5800.0000;1;16870.0000;None;182200.0000
7030;2023-03-10 19:35:55.547000;8;103023;1;1;47800.0000;1;21315.0000;None;230200.0000
7030;2023-03-10 19:35:55.547000;8;107333;1;1;69800.0000;1;21315.0000;None;230200.0000
7030;2023-03-10 19:35:55.547000;3;102663;1;2;21600.0000;1;21315.0000;None;230200.0000
7030;2023-03-10 19:36:45.610000;1;103813;1;1;59800.0000;1;21315.0000;None;230200.0000
7030;2023-03-10 19:36:45.610000;7;1002;1;1;0.0000;1;21315.0000;None;230200.0000
7030;2023-03-10 19:36:45.610000;7;1030;1;1;0.0000;1;21315.0000;None;230200.0000
7030;2023-03-10 19:55:36.537000;7;1220;1;1;0.0000;1;21315.0000;None;230200.0000
7030;2023-03-10 19:55:36.537000;7;1220;1;1;0.0000;1;21315.0000;None;230200.0000
7030;2023-03-10 20:22:37.510000;1;101195;1;1;14800.0000;1;21315.0000;None;230200.0000
7030;2023-03-10 20:22:37.510000;3;104554;1;1;4800.0000;1;21315.0000;None;230200.0000
7030;2023-03-10 20:22:37.510000;3;201269;1;1;6800.0000;1;21315.0000;None;230200.0000
7030;2023-03-10 20:50:14.167000;3;104554;1;1;4800.0000;1;21315.0000;None;230200.0000
7031;2023-03-10 19:36:21.883000;1;102447;1;1;16800.0000;1;16611.0000;None;179400.0000
7031;2023-03-10 19:36:21.883000;3;201211;1;1;5800.0000;1;16611.0000;None;179400.0000
7031;2023-03-10 19:36:21.883000;3;102633;1;1;12800.0000;1;16611.0000;None;179400.0000
7031;2023-03-10 19:36:38.637000;8;100953;1;1;44800.0000;1;16611.0000;None;179400.0000
7031;2023-03-10 19:36:38.637000;8;102754;1;1;66800.0000;1;16611.0000;None;179400.0000
7031;2023-03-10 19:36:38.637000;7;1020;1;1;0.0000;1;16611.0000;None;179400.0000
7031;2023-03-10 19:36:38.637000;7;1030;1;1;0.0000;1;16611.0000;None;179400.0000
7031;2023-03-10 19:49:12.330000;1;102447;1;1;16800.0000;1;16611.0000;None;179400.0000
7031;2023-03-10 20:00:49.737000;3;201211;1;1;5800.0000;1;16611.0000;None;179400.0000
7031;2023-03-10 20:00:49.737000;7;1207;1;1;0.0000;1;16611.0000;None;179400.0000
7031;2023-03-10 20:08:58.560000;3;102102;1;1;9800.0000;1;16611.0000;None;179400.0000
7032;2023-03-10 19:45:53.617000;3;201211;1;2;11600.0000;1;49093.0000;None;530200.0000
7032;2023-03-10 19:45:53.617000;3;200008;1;1;15800.0000;1;49093.0000;None;530200.0000
7032;2023-03-10 19:53:59.273000;8;101026;1;2;71600.0000;1;49093.0000;None;530200.0000
7032;2023-03-10 19:53:59.273000;7;1078;1;1;0.0000;1;49093.0000;None;530200.0000
7032;2023-03-10 19:53:59.273000;7;1078;1;1;0.0000;1;49093.0000;None;530200.0000
7032;2023-03-10 19:53:59.273000;7;1135;1;1;0.0000;1;49093.0000;None;530200.0000
7032;2023-03-10 19:54:17.843000;8;103615;1;1;37800.0000;1;49093.0000;None;530200.0000
7032;2023-03-10 19:54:17.843000;8;103746;1;1;39800.0000;1;49093.0000;None;530200.0000
7032;2023-03-10 19:54:17.843000;8;103690;1;2;83600.0000;1;49093.0000;None;530200.0000
7032;2023-03-10 19:54:17.843000;8;105731;1;1;0.0000;1;49093.0000;None;530200.0000
7032;2023-03-10 19:54:17.843000;8;103690;1;1;41800.0000;1;49093.0000;None;530200.0000
7032;2023-03-10 19:54:17.843000;8;105730;1;1;0.0000;1;49093.0000;None;530200.0000
7032;2023-03-10 20:05:23.460000;2;200478;1;1;14800.0000;1;49093.0000;None;530200.0000
7032;2023-03-10 20:05:23.460000;2;200478;1;1;14800.0000;1;49093.0000;None;530200.0000
7032;2023-03-10 20:05:23.460000;3;201211;1;1;5800.0000;1;49093.0000;None;530200.0000
7032;2023-03-10 20:12:40.943000;3;201211;1;1;5800.0000;1;49093.0000;None;530200.0000
7032;2023-03-10 20:27:45.790000;8;103615;1;1;37800.0000;1;49093.0000;None;530200.0000
7032;2023-03-10 20:27:45.790000;8;102790;1;1;37800.0000;1;49093.0000;None;530200.0000
7032;2023-03-10 20:27:45.790000;8;102790;1;1;37800.0000;1;49093.0000;None;530200.0000
7032;2023-03-10 20:27:45.790000;8;101026;1;1;35800.0000;1;49093.0000;None;530200.0000
7032;2023-03-10 20:27:45.790000;7;1078;1;1;0.0000;1;49093.0000;None;530200.0000
7032;2023-03-10 20:27:45.790000;7;1135;1;1;0.0000;1;49093.0000;None;530200.0000
7032;2023-03-10 21:23:46.697000;3;103912;1;1;7800.0000;1;49093.0000;None;530200.0000
7032;2023-03-10 21:23:46.697000;3;100999;1;1;5800.0000;1;49093.0000;None;530200.0000
7032;2023-03-10 21:23:46.697000;1;104004;1;1;15800.0000;1;49093.0000;None;530200.0000
7032;2023-03-10 21:23:46.697000;1;101088;1;3;8400.0000;1;49093.0000;None;530200.0000
7033;2023-03-10 20:15:09.073000;1;105023;1;1;55800.0000;1;14630.0000;None;158000.0000
7033;2023-03-10 20:15:23.117000;3;102747;1;1;4800.0000;1;14630.0000;None;158000.0000
7033;2023-03-10 20:15:23.117000;3;201237;1;1;5800.0000;1;14630.0000;None;158000.0000
7033;2023-03-10 20:15:23.117000;3;101641;1;1;0.0000;1;14630.0000;None;158000.0000
7033;2023-03-10 20:33:01.940000;8;101953;1;1;43800.0000;1;14630.0000;None;158000.0000
7033;2023-03-10 20:33:01.940000;8;103023;1;1;47800.0000;1;14630.0000;None;158000.0000
7034;2023-03-10 20:18:12.510000;3;102643;1;1;14800.0000;1;15722.0000;None;169800.0000
7034;2023-03-10 20:18:12.510000;3;201211;1;1;5800.0000;1;15722.0000;None;169800.0000
7034;2023-03-10 20:18:12.510000;1;102459;1;1;18800.0000;1;15722.0000;None;169800.0000
7034;2023-03-10 20:19:07.860000;8;103615;1;1;37800.0000;1;15722.0000;None;169800.0000
7034;2023-03-10 20:19:07.860000;7;1135;1;1;0.0000;1;15722.0000;None;169800.0000
7034;2023-03-10 20:19:07.860000;8;103028;1;1;56800.0000;1;15722.0000;None;169800.0000
7034;2023-03-10 20:19:07.860000;8;109320;1;1;35800.0000;1;15722.0000;None;169800.0000
7035;2023-03-10 20:28:04.213000;3;201206;1;1;6800.0000;1;11463.0000;None;123800.0000
7035;2023-03-10 20:28:04.213000;3;201211;1;1;5800.0000;1;11463.0000;None;123800.0000
7035;2023-03-10 20:28:04.213000;1;102458;1;1;19800.0000;1;11463.0000;None;123800.0000
7035;2023-03-10 20:28:04.213000;7;1029;1;1;0.0000;1;11463.0000;None;123800.0000
7035;2023-03-10 20:57:09.937000;8;102691;1;1;77800.0000;1;11463.0000;None;123800.0000
7035;2023-03-10 22:22:41.863000;3;100607;1;1;6800.0000;1;11463.0000;None;123800.0000
7035;2023-03-10 22:22:41.863000;3;100607;1;1;6800.0000;1;11463.0000;None;123800.0000
7035;2023-03-10 14:14:26.173000;2;105918;1;1;27800.0000;1;11463.0000;None;123800.0000
7035;2023-03-10 14:14:26.173000;2;105918;1;1;27800.0000;1;11463.0000;None;123800.0000
7035;2023-03-10 14:02:06.740000;3;200007;1;1;12800.0000;1;11463.0000;None;123800.0000
7035;2023-03-10 22:36:46.153000;2;105918;1;-1;-27800.0000;1;11463.0000;None;123800.0000
7035;2023-03-10 22:36:46.153000;2;105918;1;-1;-27800.0000;1;11463.0000;None;123800.0000
7035;2023-03-10 22:36:46.153000;3;200007;1;-1;-12800.0000;1;11463.0000;None;123800.0000
7036;2023-03-10 20:47:35.217000;2;106012;1;1;49800.0000;1;22296.0000;None;240800.0000
7036;2023-03-10 20:47:35.217000;2;201187;1;1;10800.0000;1;22296.0000;None;240800.0000
7036;2023-03-10 20:47:35.217000;3;108191;1;1;0.0000;1;22296.0000;None;240800.0000
7036;2023-03-10 20:47:35.217000;1;101930;1;1;51800.0000;1;22296.0000;None;240800.0000
7036;2023-03-10 20:47:35.217000;7;1029;1;1;0.0000;1;22296.0000;None;240800.0000
7036;2023-03-10 20:49:31.553000;8;100954;1;1;39800.0000;1;22296.0000;None;240800.0000
7036;2023-03-10 20:49:31.553000;8;104655;1;1;38800.0000;1;22296.0000;None;240800.0000
7036;2023-03-10 20:49:31.553000;7;1020;1;1;0.0000;1;22296.0000;None;240800.0000
7036;2023-03-10 20:49:31.553000;7;1030;1;1;0.0000;1;22296.0000;None;240800.0000
7036;2023-03-10 20:49:31.553000;7;1186;1;1;0.0000;1;22296.0000;None;240800.0000
7036;2023-03-10 21:15:50.663000;2;106012;1;1;49800.0000;1;22296.0000;None;240800.0000
15026;2023-03-10 12:40:22.897000;2;101728;1;1;33800.0000;1;16204.0000;None;175000.0000
15026;2023-03-10 12:46:53.227000;1;108437;1;1;79800.0000;1;16204.0000;None;175000.0000
15026;2023-03-10 12:46:53.227000;1;101050;1;1;49800.0000;1;16204.0000;None;175000.0000
15026;2023-03-10 12:46:59.837000;3;201211;1;1;5800.0000;1;16204.0000;None;175000.0000
15026;2023-03-10 13:19:59.950000;3;100596;1;1;5800.0000;1;16204.0000;None;175000.0000
15027;2023-03-10 12:44:33.450000;3;104446;1;1;5800.0000;1;None;None;82400.0000
15027;2023-03-10 12:44:42.840000;8;103690;1;1;41800.0000;1;None;None;82400.0000
15027;2023-03-10 12:44:42.840000;8;105730;1;1;0.0000;1;None;None;82400.0000
15027;2023-03-10 12:49:51.780000;1;105480;1;1;34800.0000;1;None;None;82400.0000
15027;2023-03-10 12:52:05.543000;8;109217;1;1;0.0000;1;None;None;82400.0000
15028;2023-03-10 13:00:28.303000;3;200008;1;1;15800.0000;1;26630.0000;None;287600.0000
15028;2023-03-10 13:00:28.303000;3;101641;1;1;0.0000;1;26630.0000;None;287600.0000
15028;2023-03-10 13:00:28.303000;7;1207;1;1;0.0000;1;26630.0000;None;287600.0000
15028;2023-03-10 13:09:13.443000;1;104216;1;1;17800.0000;1;26630.0000;None;287600.0000
15028;2023-03-10 13:09:13.443000;1;108429;1;1;69800.0000;1;26630.0000;None;287600.0000
15028;2023-03-10 13:09:13.443000;7;1020;1;1;0.0000;1;26630.0000;None;287600.0000
15028;2023-03-10 13:40:23.480000;1;101047;1;1;46800.0000;1;26630.0000;None;287600.0000
15028;2023-03-10 13:40:23.480000;7;1002;1;1;0.0000;1;26630.0000;None;287600.0000
15028;2023-03-10 13:40:23.480000;1;101050;1;1;49800.0000;1;26630.0000;None;287600.0000
15028;2023-03-10 13:40:23.480000;7;1006;1;1;0.0000;1;26630.0000;None;287600.0000
15028;2023-03-10 13:40:23.480000;1;104261;1;1;18800.0000;1;26630.0000;None;287600.0000
15028;2023-03-10 13:40:23.480000;7;1020;1;1;0.0000;1;26630.0000;None;287600.0000
15028;2023-03-10 14:03:47.887000;3;200008;1;1;15800.0000;1;26630.0000;None;287600.0000
15028;2023-03-10 14:30:11.063000;3;104554;1;1;4800.0000;1;26630.0000;None;287600.0000
15028;2023-03-10 14:30:11.063000;3;104554;1;1;4800.0000;1;26630.0000;None;287600.0000
15028;2023-03-10 14:30:11.063000;3;102102;1;1;9800.0000;1;26630.0000;None;287600.0000
15028;2023-03-10 14:30:11.063000;1;103780;1;1;16800.0000;1;26630.0000;None;287600.0000
15028;2023-03-10 14:30:11.063000;1;102771;1;1;16800.0000;1;26630.0000;None;287600.0000
15029;2023-03-10 13:11:55.293000;3;200644;1;1;6800.0000;1;14148.0000;None;152800.0000
15029;2023-03-10 13:11:55.293000;3;101641;1;1;0.0000;1;14148.0000;None;152800.0000
15029;2023-03-10 13:11:55.293000;3;102663;1;1;10800.0000;1;14148.0000;None;152800.0000
15029;2023-03-10 13:12:46.867000;8;107526;1;1;29800.0000;1;14148.0000;None;152800.0000
15029;2023-03-10 13:12:46.867000;7;1029;1;1;0.0000;1;14148.0000;None;152800.0000
15029;2023-03-10 13:12:46.867000;7;1001;1;1;0.0000;1;14148.0000;None;152800.0000
15029;2023-03-10 13:12:46.867000;7;1001;1;1;0.0000;1;14148.0000;None;152800.0000
15029;2023-03-10 13:12:46.867000;8;109318;1;1;40800.0000;1;14148.0000;None;152800.0000
15029;2023-03-10 13:12:46.867000;1;103075;1;1;57800.0000;1;14148.0000;None;152800.0000
15029;2023-03-10 13:12:46.867000;7;1020;1;1;0.0000;1;14148.0000;None;152800.0000
15029;2023-03-10 13:12:46.867000;7;1030;1;1;0.0000;1;14148.0000;None;152800.0000
15029;2023-03-10 13:32:33.317000;7;1220;1;1;0.0000;1;14148.0000;None;152800.0000
15029;2023-03-10 13:32:33.317000;7;1220;1;1;0.0000;1;14148.0000;None;152800.0000
15029;2023-03-10 13:33:10.027000;3;201146;1;1;6800.0000;1;14148.0000;None;152800.0000
15030;2023-03-10 13:23:23.713000;8;101953;1;1;43800.0000;1;21648.0000;None;233800.0000
15030;2023-03-10 13:23:23.713000;8;103615;1;1;37800.0000;1;21648.0000;None;233800.0000
15030;2023-03-10 13:23:23.713000;7;1020;1;1;0.0000;1;21648.0000;None;233800.0000
15030;2023-03-10 13:23:23.713000;3;200644;1;1;6800.0000;1;21648.0000;None;233800.0000
15030;2023-03-10 13:23:23.713000;3;101641;1;1;0.0000;1;21648.0000;None;233800.0000
15030;2023-03-10 13:29:34.763000;3;201211;1;1;5800.0000;1;21648.0000;None;233800.0000
15030;2023-03-10 13:30:24.033000;1;103520;1;1;97800.0000;1;21648.0000;None;233800.0000
15030;2023-03-10 13:30:24.033000;1;101180;1;1;41800.0000;1;21648.0000;None;233800.0000
15030;2023-03-10 13:30:24.033000;7;1020;1;1;0.0000;1;21648.0000;None;233800.0000
15030;2023-03-10 13:30:24.033000;7;1030;1;1;0.0000;1;21648.0000;None;233800.0000
15031;2023-03-10 13:24:21.607000;3;200644;1;1;6800.0000;1;19870.0000;None;214600.0000
15031;2023-03-10 13:24:21.607000;3;101641;1;1;0.0000;1;19870.0000;None;214600.0000
15031;2023-03-10 13:24:21.607000;3;102643;1;1;14800.0000;1;19870.0000;None;214600.0000
15031;2023-03-10 13:24:31.127000;8;103615;1;1;37800.0000;1;19870.0000;None;214600.0000
15031;2023-03-10 13:24:31.127000;1;103596;1;1;79800.0000;1;19870.0000;None;214600.0000
15031;2023-03-10 13:24:31.127000;1;105010;1;1;0.0000;1;19870.0000;None;214600.0000
15031;2023-03-10 13:24:31.127000;1;106337;1;1;0.0000;1;19870.0000;None;214600.0000
15031;2023-03-10 13:24:31.127000;7;1020;1;1;0.0000;1;19870.0000;None;214600.0000
15031;2023-03-10 13:26:52.910000;1;109502;1;1;25800.0000;1;19870.0000;None;214600.0000
15031;2023-03-10 13:28:12.627000;8;102692;1;1;34800.0000;1;19870.0000;None;214600.0000
15031;2023-03-10 13:28:12.627000;7;1030;1;1;0.0000;1;19870.0000;None;214600.0000
15031;2023-03-10 13:35:30.527000;6;101613;1;1;0.0000;1;19870.0000;None;214600.0000
15031;2023-03-10 13:48:14.843000;3;102643;1;1;14800.0000;1;19870.0000;None;214600.0000
15031;2023-03-10 13:49:44.250000;6;101613;1;5;0.0000;1;19870.0000;None;214600.0000
15032;2023-03-10 13:27:59.760000;8;101996;1;1;15800.0000;1;30259.0000;None;326800.0000
15032;2023-03-10 13:27:59.760000;3;201146;1;1;6800.0000;1;30259.0000;None;326800.0000
15032;2023-03-10 13:27:59.760000;3;101641;1;1;0.0000;1;30259.0000;None;326800.0000
15032;2023-03-10 13:35:18.917000;8;104655;1;1;38800.0000;1;30259.0000;None;326800.0000
15032;2023-03-10 13:35:18.917000;1;101927;1;1;129800.0000;1;30259.0000;None;326800.0000
15032;2023-03-10 13:47:33.990000;1;101318;1;1;35800.0000;1;30259.0000;None;326800.0000
15032;2023-03-10 13:47:33.990000;1;103025;1;1;69800.0000;1;30259.0000;None;326800.0000
15032;2023-03-10 13:47:33.990000;7;1006;1;1;0.0000;1;30259.0000;None;326800.0000
15032;2023-03-10 13:47:33.990000;7;1020;1;1;0.0000;1;30259.0000;None;326800.0000
15032;2023-03-10 13:50:31.560000;7;1166;1;5;0.0000;1;30259.0000;None;326800.0000
15032;2023-03-10 13:50:59.583000;3;200644;1;1;6800.0000;1;30259.0000;None;326800.0000
15032;2023-03-10 14:07:23.803000;3;201211;1;1;5800.0000;1;30259.0000;None;326800.0000
15032;2023-03-10 14:24:18.417000;1;101425;1;1;17800.0000;1;30259.0000;None;326800.0000
15032;2023-03-10 14:24:18.417000;3;100614;1;3;17400.0000;1;30259.0000;None;326800.0000
15032;2023-03-10 14:43:49.077000;None;1;None;1;-17800.0000;2;30259.0000;None;326800.0000
15033;2023-03-10 13:47:51.240000;2;107767;1;1;50800.0000;1;37778.0000;None;408000.0000
15033;2023-03-10 13:47:51.240000;3;105735;1;1;0.0000;1;37778.0000;None;408000.0000
15033;2023-03-10 13:47:51.240000;2;107767;1;1;50800.0000;1;37778.0000;None;408000.0000
15033;2023-03-10 13:47:51.240000;3;105735;1;1;0.0000;1;37778.0000;None;408000.0000
15033;2023-03-10 13:52:13.357000;8;107525;1;1;59800.0000;1;37778.0000;None;408000.0000
15033;2023-03-10 14:19:12.677000;8;103679;1;1;198800.0000;1;37778.0000;None;408000.0000
15033;2023-03-10 14:19:12.677000;8;105868;1;1;0.0000;1;37778.0000;None;408000.0000
15033;2023-03-10 14:19:12.677000;8;105752;1;1;0.0000;1;37778.0000;None;408000.0000
15033;2023-03-10 14:19:12.677000;8;105730;1;1;0.0000;1;37778.0000;None;408000.0000
15033;2023-03-10 14:19:12.677000;8;105731;1;1;0.0000;1;37778.0000;None;408000.0000
15033;2023-03-10 14:19:12.677000;8;103691;1;1;0.0000;1;37778.0000;None;408000.0000
15033;2023-03-10 14:58:23.783000;3;202114;1;1;11800.0000;1;37778.0000;None;408000.0000
15033;2023-03-10 15:35:56.900000;1;104004;1;1;15800.0000;1;37778.0000;None;408000.0000
15033;2023-03-10 15:35:56.900000;1;101088;1;1;2800.0000;1;37778.0000;None;408000.0000
15033;2023-03-10 15:35:56.900000;3;100614;1;1;5800.0000;1;37778.0000;None;408000.0000
15033;2023-03-10 15:35:56.900000;3;100614;1;1;5800.0000;1;37778.0000;None;408000.0000
15033;2023-03-10 15:53:03.933000;3;100614;1;1;5800.0000;1;37778.0000;None;408000.0000
15034;2023-03-10 14:36:20.957000;3;201146;1;1;6800.0000;1;10185.0000;None;110000.0000
15034;2023-03-10 14:36:20.957000;3;102748;1;1;15800.0000;1;10185.0000;None;110000.0000
15034;2023-03-10 14:36:20.957000;1;103058;1;1;32800.0000;1;10185.0000;None;110000.0000
15034;2023-03-10 14:36:20.957000;1;106922;1;1;0.0000;1;10185.0000;None;110000.0000
15034;2023-03-10 14:36:20.957000;1;103536;1;1;39800.0000;1;10185.0000;None;110000.0000
15034;2023-03-10 14:36:20.957000;7;1020;1;1;0.0000;1;10185.0000;None;110000.0000
15034;2023-03-10 15:09:21.187000;1;101195;1;1;14800.0000;1;10185.0000;None;110000.0000
15035;2023-03-10 14:42:38.073000;2;105451;1;1;79800.0000;1;20593.0000;None;222400.0000
15035;2023-03-10 14:42:38.073000;7;1207;1;1;0.0000;1;20593.0000;None;222400.0000
15035;2023-03-10 14:42:38.073000;2;201615;1;1;14800.0000;1;20593.0000;None;222400.0000
15035;2023-03-10 14:42:38.073000;3;102749;1;1;4800.0000;1;20593.0000;None;222400.0000
15035;2023-03-10 14:48:37.833000;8;102797;1;1;56800.0000;1;20593.0000;None;222400.0000
15035;2023-03-10 14:48:37.833000;8;103539;1;1;32800.0000;1;20593.0000;None;222400.0000
15035;2023-03-10 14:48:37.833000;7;1020;1;1;0.0000;1;20593.0000;None;222400.0000
15035;2023-03-10 15:16:33.947000;1;104004;1;1;15800.0000;1;20593.0000;None;222400.0000
15035;2023-03-10 15:16:33.947000;1;101088;1;1;2800.0000;1;20593.0000;None;222400.0000
15035;2023-03-10 15:16:33.947000;2;201615;1;1;14800.0000;1;20593.0000;None;222400.0000
15036;2023-03-10 16:46:39.277000;3;102637;1;1;9800.0000;1;11778.0000;None;127200.0000
15036;2023-03-10 16:46:39.277000;3;201146;1;1;6800.0000;1;11778.0000;None;127200.0000
15036;2023-03-10 16:46:39.277000;3;101641;1;1;0.0000;1;11778.0000;None;127200.0000
15036;2023-03-10 16:47:02.343000;8;101971;1;1;50800.0000;1;11778.0000;None;127200.0000
15036;2023-03-10 16:47:02.343000;1;103714;1;1;59800.0000;1;11778.0000;None;127200.0000
15036;2023-03-10 16:47:02.343000;7;1020;1;1;0.0000;1;11778.0000;None;127200.0000
15038;2023-03-10 19:50:45.557000;3;102635;1;1;8800.0000;1;14037.0000;None;151600.0000
15038;2023-03-10 19:50:45.557000;3;102635;1;1;8800.0000;1;14037.0000;None;151600.0000
15038;2023-03-10 20:02:49.413000;1;101322;1;1;24800.0000;1;14037.0000;None;151600.0000
15038;2023-03-10 20:02:49.413000;8;100953;1;1;44800.0000;1;14037.0000;None;151600.0000
15038;2023-03-10 20:02:49.413000;8;101953;1;1;43800.0000;1;14037.0000;None;151600.0000
15038;2023-03-10 20:02:49.413000;7;1020;1;1;0.0000;1;14037.0000;None;151600.0000
15038;2023-03-10 21:06:01.653000;1;101195;1;1;14800.0000;1;14037.0000;None;151600.0000
15038;2023-03-10 21:06:01.653000;7;1135;1;1;0.0000;1;14037.0000;None;151600.0000
15038;2023-03-10 21:06:01.653000;3;100999;1;1;5800.0000;1;14037.0000;None;151600.0000
15039;2023-03-10 19:51:36.117000;8;102692;1;1;34800.0000;1;8278.0000;None;89400.0000
15039;2023-03-10 19:51:36.117000;7;1135;1;1;0.0000;1;8278.0000;None;89400.0000
15039;2023-03-10 19:51:36.117000;8;100953;1;1;44800.0000;1;8278.0000;None;89400.0000
15039;2023-03-10 19:51:36.117000;7;1020;1;1;0.0000;1;8278.0000;None;89400.0000
15039;2023-03-10 19:59:02.773000;3;202112;1;1;9800.0000;1;8278.0000;None;89400.0000
15040;2023-03-10 19:58:06.767000;1;102456;1;1;16800.0000;1;11370.0000;None;122800.0000
15040;2023-03-10 20:05:17.250000;2;201959;1;1;13800.0000;1;11370.0000;None;122800.0000
15040;2023-03-10 20:05:17.250000;3;201146;1;1;6800.0000;1;11370.0000;None;122800.0000
15040;2023-03-10 20:05:17.250000;1;103058;1;1;32800.0000;1;11370.0000;None;122800.0000
15040;2023-03-10 20:05:17.250000;1;106922;1;1;0.0000;1;11370.0000;None;122800.0000
15040;2023-03-10 20:05:17.250000;8;104655;1;1;38800.0000;1;11370.0000;None;122800.0000
15040;2023-03-10 20:05:17.250000;7;1020;1;1;0.0000;1;11370.0000;None;122800.0000
15040;2023-03-10 20:06:54.870000;6;101613;1;5;0.0000;1;11370.0000;None;122800.0000
15040;2023-03-10 20:42:32.643000;2;201959;1;1;13800.0000;1;11370.0000;None;122800.0000
15041;2023-03-10 20:00:15.390000;3;102635;1;3;26400.0000;1;17000.0000;None;183600.0000
15041;2023-03-10 20:00:15.390000;8;100953;1;1;44800.0000;1;17000.0000;None;183600.0000
15041;2023-03-10 20:00:15.390000;8;103867;1;1;28800.0000;1;17000.0000;None;183600.0000
15041;2023-03-10 20:12:46.713000;6;101613;1;5;0.0000;1;17000.0000;None;183600.0000
15041;2023-03-10 20:25:50.467000;1;102842;1;1;76800.0000;1;17000.0000;None;183600.0000
15041;2023-03-10 20:40:26.570000;3;201146;1;1;6800.0000;1;17000.0000;None;183600.0000
15041;2023-03-10 20:40:26.570000;7;2042;1;1;0.0000;1;17000.0000;None;183600.0000
15042;2023-03-10 20:02:00.027000;3;201237;1;2;11600.0000;1;8611.0000;None;93000.0000
15042;2023-03-10 20:02:00.027000;3;108191;1;2;0.0000;1;8611.0000;None;93000.0000
15042;2023-03-10 20:02:06.660000;1;104214;1;1;15800.0000;1;8611.0000;None;93000.0000
15042;2023-03-10 20:02:23.323000;8;109320;1;1;35800.0000;1;8611.0000;None;93000.0000
15042;2023-03-10 20:02:23.323000;8;103866;1;1;29800.0000;1;8611.0000;None;93000.0000
15042;2023-03-10 20:02:23.323000;7;1020;1;1;0.0000;1;8611.0000;None;93000.0000
15042;2023-03-10 20:02:23.323000;7;1030;1;1;0.0000;1;8611.0000;None;93000.0000
15042;2023-03-10 20:07:59.750000;7;1220;1;1;0.0000;1;8611.0000;None;93000.0000
15043;2023-03-10 20:23:55.780000;2;201187;1;1;10800.0000;1;15167.0000;None;163800.0000
15043;2023-03-10 20:23:55.780000;2;201187;1;1;10800.0000;1;15167.0000;None;163800.0000
15043;2023-03-10 20:24:29.750000;8;101953;1;1;43800.0000;1;15167.0000;None;163800.0000
15043;2023-03-10 20:24:29.750000;7;1029;1;1;0.0000;1;15167.0000;None;163800.0000
15043;2023-03-10 20:24:29.750000;7;1001;1;1;0.0000;1;15167.0000;None;163800.0000
15043;2023-03-10 20:24:29.750000;7;1001;1;1;0.0000;1;15167.0000;None;163800.0000
15043;2023-03-10 20:24:29.750000;1;103813;1;1;59800.0000;1;15167.0000;None;163800.0000
15043;2023-03-10 20:24:29.750000;7;1006;1;1;0.0000;1;15167.0000;None;163800.0000
15043;2023-03-10 20:24:29.750000;1;109504;1;1;27800.0000;1;15167.0000;None;163800.0000
15043;2023-03-10 20:24:29.750000;7;1020;1;1;0.0000;1;15167.0000;None;163800.0000
15043;2023-03-10 20:24:29.750000;7;1030;1;1;0.0000;1;15167.0000;None;163800.0000
15043;2023-03-10 20:41:39.813000;7;1220;1;1;0.0000;1;15167.0000;None;163800.0000
15043;2023-03-10 20:41:39.813000;7;1220;1;1;0.0000;1;15167.0000;None;163800.0000
15043;2023-03-10 20:48:14.617000;2;201187;1;1;10800.0000;1;15167.0000;None;163800.0000
15044;2023-03-10 21:04:35.427000;2;108101;1;1;36800.0000;1;18593.0000;None;200800.0000
15044;2023-03-10 21:04:35.427000;2;108101;1;1;36800.0000;1;18593.0000;None;200800.0000
15044;2023-03-10 21:04:41.810000;1;102458;1;1;19800.0000;1;18593.0000;None;200800.0000
15044;2023-03-10 21:04:58.297000;8;102850;1;1;43800.0000;1;18593.0000;None;200800.0000
15044;2023-03-10 21:04:58.297000;8;103867;1;1;28800.0000;1;18593.0000;None;200800.0000
15044;2023-03-10 21:04:58.297000;8;102692;1;1;34800.0000;1;18593.0000;None;200800.0000
15044;2023-03-10 21:17:05.483000;7;1220;1;1;0.0000;1;18593.0000;None;200800.0000
15044;2023-03-10 21:17:05.483000;7;1220;1;1;0.0000;1;18593.0000;None;200800.0000
15045;2023-03-10 21:28:25.487000;3;201211;1;1;5800.0000;1;6778.0000;None;73200.0000
15045;2023-03-10 21:28:43.510000;1;102457;1;1;18800.0000;1;6778.0000;None;73200.0000
15045;2023-03-10 21:28:43.510000;1;101929;1;1;16800.0000;1;6778.0000;None;73200.0000
15045;2023-03-10 21:28:43.510000;8;101992;1;1;31800.0000;1;6778.0000;None;73200.0000
15046;2023-03-10 21:46:44.723000;2;101878;1;1;29800.0000;1;51352.0000;None;554600.0000
15046;2023-03-10 21:46:44.723000;2;101878;1;1;29800.0000;1;51352.0000;None;554600.0000
15046;2023-03-10 21:50:12.053000;1;102447;1;1;16800.0000;1;51352.0000;None;554600.0000
15046;2023-03-10 21:50:12.053000;2;108101;1;1;36800.0000;1;51352.0000;None;554600.0000
15046;2023-03-10 21:50:12.053000;2;108101;1;1;36800.0000;1;51352.0000;None;554600.0000
15046;2023-03-10 22:04:30.930000;8;101953;1;1;43800.0000;1;51352.0000;None;554600.0000
15046;2023-03-10 22:04:30.930000;8;102797;1;1;56800.0000;1;51352.0000;None;554600.0000
15046;2023-03-10 22:04:30.930000;8;103028;1;1;56800.0000;1;51352.0000;None;554600.0000
15046;2023-03-10 22:04:30.930000;8;105457;1;1;21800.0000;1;51352.0000;None;554600.0000
15046;2023-03-10 22:04:30.930000;7;1020;1;1;0.0000;1;51352.0000;None;554600.0000
15046;2023-03-10 22:04:30.930000;7;1040;1;1;0.0000;1;51352.0000;None;554600.0000
15046;2023-03-10 22:04:30.930000;7;1040;1;1;0.0000;1;51352.0000;None;554600.0000
15046;2023-03-10 22:22:52.577000;2;101878;1;1;29800.0000;1;51352.0000;None;554600.0000
15046;2023-03-10 22:22:52.577000;2;101878;1;1;29800.0000;1;51352.0000;None;554600.0000
15046;2023-03-10 22:40:58.813000;8;101953;1;1;43800.0000;1;51352.0000;None;554600.0000
15046;2023-03-10 22:40:58.813000;8;105457;1;1;21800.0000;1;51352.0000;None;554600.0000
15046;2023-03-10 22:41:45.843000;2;108101;1;1;36800.0000;1;51352.0000;None;554600.0000
15046;2023-03-10 23:02:27.557000;2;101878;1;1;29800.0000;1;51352.0000;None;554600.0000
15046;2023-03-10 23:09:58.433000;1;103780;1;1;16800.0000;1;51352.0000;None;554600.0000
15046;2023-03-10 23:09:58.433000;1;101891;1;1;16800.0000;1;51352.0000;None;554600.0000
21556;2023-03-10 09:42:57.910000;8;102790;1;10;378000.0000;1;None;None;453600.0000
21556;2023-03-10 09:42:57.910000;7;1135;1;1;0.0000;1;None;None;453600.0000
21556;2023-03-10 09:42:57.910000;7;1135;1;1;0.0000;1;None;None;453600.0000
21556;2023-03-10 09:44:07.790000;8;102790;1;2;75600.0000;1;None;None;453600.0000
21556;2023-03-10 09:44:07.790000;7;1135;1;1;0.0000;1;None;None;453600.0000
21557;2023-03-10 11:56:15.340000;1;202274;1;24;46656.0000;1;None;None;46656.0000
21559;2023-03-10 14:15:33.673000;8;109318;1;1;40800.0000;1;None;None;40800.0000
21561;2023-03-10 15:39:22.737000;8;103923;1;1;24600.0000;1;None;None;24600.0000
21561;2023-03-10 15:39:22.737000;7;1135;1;1;0.0000;1;None;None;24600.0000
