7055;2023-03-11 12:01:57.350000;1;104261;1;1;18800.0000;1;None;None;18800.0000
7055;2023-03-11 12:01:57.350000;7;1135;1;1;0.0000;1;None;None;18800.0000
7056;2023-03-11 12:16:46.750000;3;104554;1;1;4800.0000;1;20982.0000;None;226600.0000
7056;2023-03-11 12:16:46.750000;3;102637;1;1;9800.0000;1;20982.0000;None;226600.0000
7056;2023-03-11 12:16:46.750000;7;2072;1;1;0.0000;1;20982.0000;None;226600.0000
7056;2023-03-11 12:16:46.750000;1;102926;1;1;62800.0000;1;20982.0000;None;226600.0000
7056;2023-03-11 12:16:46.750000;1;105010;1;1;0.0000;1;20982.0000;None;226600.0000
7056;2023-03-11 12:16:46.750000;1;106337;1;1;0.0000;1;20982.0000;None;226600.0000
7056;2023-03-11 12:16:46.750000;6;101546;2;1;0.0000;1;20982.0000;None;226600.0000
7056;2023-03-11 12:16:46.750000;6;105081;1;1;0.0000;1;20982.0000;None;226600.0000
7056;2023-03-11 12:16:46.750000;6;105509;2;1;0.0000;1;20982.0000;None;226600.0000
7056;2023-03-11 12:16:46.750000;7;1020;1;1;0.0000;1;20982.0000;None;226600.0000
7056;2023-03-11 12:16:46.750000;8;101040;1;1;45800.0000;1;20982.0000;None;226600.0000
7056;2023-03-11 12:16:46.750000;8;106077;1;1;32800.0000;1;20982.0000;None;226600.0000
7056;2023-03-11 12:16:46.750000;8;101883;1;1;54800.0000;1;20982.0000;None;226600.0000
7056;2023-03-11 12:16:46.750000;7;1020;1;1;0.0000;1;20982.0000;None;226600.0000
7056;2023-03-11 12:16:46.750000;7;1040;1;1;0.0000;1;20982.0000;None;226600.0000
7056;2023-03-11 12:22:51.577000;3;102748;1;1;15800.0000;1;20982.0000;None;226600.0000
7057;2023-03-11 13:31:29.727000;1;109512;1;1;64800.0000;1;20889.0000;None;225600.0000
7057;2023-03-11 13:31:39.980000;3;102749;1;1;4800.0000;1;20889.0000;None;225600.0000
7057;2023-03-11 13:31:39.980000;3;200644;1;1;6800.0000;1;20889.0000;None;225600.0000
7057;2023-03-11 13:31:39.980000;3;101641;1;1;0.0000;1;20889.0000;None;225600.0000
7057;2023-03-11 13:31:48.260000;8;103867;1;1;28800.0000;1;20889.0000;None;225600.0000
7057;2023-03-11 13:31:48.260000;8;103023;1;1;47800.0000;1;20889.0000;None;225600.0000
7057;2023-03-11 13:31:48.260000;7;1020;1;1;0.0000;1;20889.0000;None;225600.0000
7057;2023-03-11 13:31:48.260000;7;1030;1;1;0.0000;1;20889.0000;None;225600.0000
7057;2023-03-11 13:34:10.683000;8;101953;1;1;43800.0000;1;20889.0000;None;225600.0000
7057;2023-03-11 13:47:04.243000;6;101613;1;10;0.0000;1;20889.0000;None;225600.0000
7057;2023-03-11 14:08:35.260000;8;103867;1;1;28800.0000;1;20889.0000;None;225600.0000
7057;2023-03-11 14:08:35.260000;7;1135;1;1;0.0000;1;20889.0000;None;225600.0000
7060;2023-03-11 15:18:26.547000;8;103867;1;1;28800.0000;1;9815.0000;None;106000.0000
7060;2023-03-11 15:18:26.547000;8;100953;1;1;44800.0000;1;9815.0000;None;106000.0000
7060;2023-03-11 15:18:26.547000;7;1020;1;1;0.0000;1;9815.0000;None;106000.0000
7060;2023-03-11 15:18:26.547000;3;201146;1;1;6800.0000;1;9815.0000;None;106000.0000
7060;2023-03-11 15:18:26.547000;7;2050;1;1;0.0000;1;9815.0000;None;106000.0000
7060;2023-03-11 15:18:26.547000;2;200480;1;1;12800.0000;1;9815.0000;None;106000.0000
7060;2023-03-11 15:51:25.740000;2;200480;1;1;12800.0000;1;9815.0000;None;106000.0000
7064;2023-03-11 20:03:17.183000;3;102747;1;1;4800.0000;1;13482.0000;None;145600.0000
7064;2023-03-11 20:03:17.183000;3;102749;1;1;4800.0000;1;13482.0000;None;145600.0000
7064;2023-03-11 20:03:17.183000;2;200478;1;1;14800.0000;1;13482.0000;None;145600.0000
7064;2023-03-11 20:10:28.610000;8;104655;1;1;38800.0000;1;13482.0000;None;145600.0000
7064;2023-03-11 20:10:28.610000;8;103867;1;1;28800.0000;1;13482.0000;None;145600.0000
7064;2023-03-11 20:10:28.610000;8;107043;1;1;39800.0000;1;13482.0000;None;145600.0000
7064;2023-03-11 20:30:37.127000;8;104259;1;1;13800.0000;1;13482.0000;None;145600.0000
7065;2023-03-11 20:19:04.200000;3;102619;1;1;7800.0000;1;8259.0000;None;89200.0000
7065;2023-03-11 20:19:04.200000;7;2042;1;1;0.0000;1;8259.0000;None;89200.0000
7065;2023-03-11 20:19:04.200000;3;102749;1;1;4800.0000;1;8259.0000;None;89200.0000
7065;2023-03-11 20:19:04.200000;1;102457;1;1;18800.0000;1;8259.0000;None;89200.0000
7065;2023-03-11 20:19:13.407000;1;102689;1;1;57800.0000;1;8259.0000;None;89200.0000
7065;2023-03-11 20:19:13.407000;7;1030;1;1;0.0000;1;8259.0000;None;89200.0000
7065;2023-03-11 20:27:28.793000;7;1220;1;1;0.0000;1;8259.0000;None;89200.0000
15052;2023-03-11 14:02:55.187000;3;102619;1;1;7800.0000;1;93112.0000;None;1005600.0000
15052;2023-03-11 14:02:55.187000;7;2072;1;1;0.0000;1;93112.0000;None;1005600.0000
15052;2023-03-11 14:02:55.187000;3;102635;1;1;8800.0000;1;93112.0000;None;1005600.0000
15052;2023-03-11 14:02:55.187000;2;104234;1;1;36800.0000;1;93112.0000;None;1005600.0000
15052;2023-03-11 14:03:06.460000;8;103867;1;1;28800.0000;1;93112.0000;None;1005600.0000
15052;2023-03-11 14:03:06.460000;8;102692;1;1;34800.0000;1;93112.0000;None;1005600.0000
15052;2023-03-11 14:03:06.460000;7;1020;1;1;0.0000;1;93112.0000;None;1005600.0000
15052;2023-03-11 14:07:09.073000;8;100954;1;1;39800.0000;1;93112.0000;None;1005600.0000
15052;2023-03-11 14:09:55.527000;3;201206;1;1;6800.0000;1;93112.0000;None;1005600.0000
15052;2023-03-11 14:09:55.527000;2;104234;1;1;36800.0000;1;93112.0000;None;1005600.0000
15052;2023-03-11 14:14:24.373000;3;102748;1;1;15800.0000;1;93112.0000;None;1005600.0000
15052;2023-03-11 14:14:24.373000;2;200478;1;1;14800.0000;1;93112.0000;None;1005600.0000
15052;2023-03-11 14:14:24.373000;2;200478;1;1;14800.0000;1;93112.0000;None;1005600.0000
15052;2023-03-11 14:33:19.233000;1;101927;1;1;129800.0000;1;93112.0000;None;1005600.0000
15052;2023-03-11 14:33:19.233000;1;101927;1;1;129800.0000;1;93112.0000;None;1005600.0000
15052;2023-03-11 14:33:19.233000;1;102927;1;1;66800.0000;1;93112.0000;None;1005600.0000
15052;2023-03-11 14:33:19.233000;6;101546;1;1;0.0000;1;93112.0000;None;1005600.0000
15052;2023-03-11 14:33:19.233000;6;105090;1;1;0.0000;1;93112.0000;None;1005600.0000
15052;2023-03-11 14:33:19.233000;6;105509;1;1;0.0000;1;93112.0000;None;1005600.0000
15052;2023-03-11 14:33:19.233000;1;102927;1;1;66800.0000;1;93112.0000;None;1005600.0000
15052;2023-03-11 14:33:19.233000;6;101546;1;1;0.0000;1;93112.0000;None;1005600.0000
15052;2023-03-11 14:33:19.233000;6;105090;1;1;0.0000;1;93112.0000;None;1005600.0000
15052;2023-03-11 14:33:19.233000;6;105509;1;1;0.0000;1;93112.0000;None;1005600.0000
15052;2023-03-11 14:33:19.233000;8;103028;1;1;56800.0000;1;93112.0000;None;1005600.0000
15052;2023-03-11 14:33:19.233000;8;100953;1;1;44800.0000;1;93112.0000;None;1005600.0000
15052;2023-03-11 14:33:19.233000;1;102842;1;1;76800.0000;1;93112.0000;None;1005600.0000
15052;2023-03-11 14:33:19.233000;1;103813;1;1;59800.0000;1;93112.0000;None;1005600.0000
15052;2023-03-11 14:33:19.233000;7;1002;1;1;0.0000;1;93112.0000;None;1005600.0000
15052;2023-03-11 14:33:19.233000;7;1020;1;1;0.0000;1;93112.0000;None;1005600.0000
15052;2023-03-11 14:39:13.463000;2;200478;1;2;29600.0000;1;93112.0000;None;1005600.0000
15052;2023-03-11 14:39:13.463000;2;104234;1;2;73600.0000;1;93112.0000;None;1005600.0000
15052;2023-03-11 14:43:32.757000;3;201206;1;1;6800.0000;1;93112.0000;None;1005600.0000
15052;2023-03-11 14:57:39.153000;3;201146;1;1;6800.0000;1;93112.0000;None;1005600.0000
15052;2023-03-11 15:00:32.280000;6;101613;1;10;0.0000;1;93112.0000;None;1005600.0000
15052;2023-03-11 15:00:57.763000;3;100614;1;1;5800.0000;1;93112.0000;None;1005600.0000
15052;2023-03-11 15:00:57.763000;3;100999;1;1;5800.0000;1;93112.0000;None;1005600.0000
15053;2023-03-11 14:07:31.093000;3;201206;1;2;13600.0000;1;29963.0000;None;323600.0000
15053;2023-03-11 14:07:31.093000;7;2042;1;2;0.0000;1;29963.0000;None;323600.0000
15053;2023-03-11 14:07:31.093000;3;102633;1;1;12800.0000;1;29963.0000;None;323600.0000
15053;2023-03-11 14:07:31.093000;7;2039;1;1;0.0000;1;29963.0000;None;323600.0000
15053;2023-03-11 14:07:31.093000;3;104446;1;1;5800.0000;1;29963.0000;None;323600.0000
15053;2023-03-11 14:20:52.383000;1;102457;1;1;18800.0000;1;29963.0000;None;323600.0000
15053;2023-03-11 14:20:52.383000;7;1135;1;1;0.0000;1;29963.0000;None;323600.0000
15053;2023-03-11 14:22:17.950000;8;102691;1;1;77800.0000;1;29963.0000;None;323600.0000
15053;2023-03-11 14:22:17.950000;8;102692;1;1;34800.0000;1;29963.0000;None;323600.0000
15053;2023-03-11 14:22:17.950000;7;1135;1;1;0.0000;1;29963.0000;None;323600.0000
15053;2023-03-11 14:22:17.950000;8;103867;1;1;28800.0000;1;29963.0000;None;323600.0000
15053;2023-03-11 14:22:17.950000;8;103615;1;1;37800.0000;1;29963.0000;None;323600.0000
15053;2023-03-11 14:22:17.950000;7;1135;1;1;0.0000;1;29963.0000;None;323600.0000
15053;2023-03-11 14:22:17.950000;7;1020;1;1;0.0000;1;29963.0000;None;323600.0000
15053;2023-03-11 14:22:17.950000;7;1042;1;1;0.0000;1;29963.0000;None;323600.0000
15053;2023-03-11 14:34:21.067000;8;109180;1;1;40800.0000;1;29963.0000;None;323600.0000
15053;2023-03-11 14:36:53.510000;8;103615;1;1;37800.0000;1;29963.0000;None;323600.0000
15053;2023-03-11 14:36:53.510000;7;1135;1;1;0.0000;1;29963.0000;None;323600.0000
15053;2023-03-11 15:00:41.297000;1;101195;1;1;14800.0000;1;29963.0000;None;323600.0000
15055;2023-03-11 14:37:14.383000;8;109165;1;1;69800.0000;1;15000.0000;None;162000.0000
15055;2023-03-11 14:37:21.267000;3;200644;1;1;6800.0000;1;15000.0000;None;162000.0000
15055;2023-03-11 14:37:21.267000;3;200644;1;1;6800.0000;1;15000.0000;None;162000.0000
15055;2023-03-11 14:37:21.267000;3;101641;1;1;0.0000;1;15000.0000;None;162000.0000
15055;2023-03-11 14:37:21.267000;3;101641;1;1;0.0000;1;15000.0000;None;162000.0000
15055;2023-03-11 14:37:31.090000;8;102850;1;1;43800.0000;1;15000.0000;None;162000.0000
15055;2023-03-11 14:37:31.090000;8;102692;1;1;34800.0000;1;15000.0000;None;162000.0000
15055;2023-03-11 14:37:31.090000;7;1020;1;1;0.0000;1;15000.0000;None;162000.0000
15055;2023-03-11 14:37:31.090000;7;1030;1;1;0.0000;1;15000.0000;None;162000.0000
15055;2023-03-11 14:55:11.680000;7;1220;1;1;0.0000;1;15000.0000;None;162000.0000
15055;2023-03-11 14:55:11.680000;7;1220;1;1;0.0000;1;15000.0000;None;162000.0000
15056;2023-03-11 15:39:05.157000;1;102456;1;1;16800.0000;1;10648.0000;None;115000.0000
15056;2023-03-11 15:39:05.157000;3;201211;1;1;5800.0000;1;10648.0000;None;115000.0000
15056;2023-03-11 15:39:05.157000;3;201211;1;1;5800.0000;1;10648.0000;None;115000.0000
15056;2023-03-11 15:39:32.817000;1;103638;1;1;66800.0000;1;10648.0000;None;115000.0000
15056;2023-03-11 15:39:32.817000;1;109505;1;1;19800.0000;1;10648.0000;None;115000.0000
15056;2023-03-11 15:39:32.817000;7;1020;1;1;0.0000;1;10648.0000;None;115000.0000
15057;2023-03-11 15:42:35.577000;2;105451;1;1;79800.0000;1;7389.0000;None;79800.0000
15057;2023-03-11 15:42:35.577000;7;1207;1;1;0.0000;1;7389.0000;None;79800.0000
15057;2023-03-11 15:42:35.577000;7;1207;1;1;0.0000;1;7389.0000;None;79800.0000
15059;2023-03-11 16:15:23.357000;3;100614;1;1;5800.0000;1;13778.0000;None;148800.0000
15059;2023-03-11 16:15:23.357000;3;102635;1;1;8800.0000;1;13778.0000;None;148800.0000
15059;2023-03-11 16:15:23.357000;3;102619;1;1;7800.0000;1;13778.0000;None;148800.0000
15059;2023-03-11 16:15:23.357000;7;2042;1;1;0.0000;1;13778.0000;None;148800.0000
15059;2023-03-11 16:15:53.403000;1;103730;1;1;20800.0000;1;13778.0000;None;148800.0000
15059;2023-03-11 16:15:53.403000;8;109318;1;1;40800.0000;1;13778.0000;None;148800.0000
15059;2023-03-11 16:15:53.403000;1;109512;1;1;64800.0000;1;13778.0000;None;148800.0000
15059;2023-03-11 16:15:53.403000;7;1020;1;1;0.0000;1;13778.0000;None;148800.0000
15060;2023-03-11 16:36:28.683000;3;100606;1;1;6800.0000;1;6148.0000;None;66400.0000
15060;2023-03-11 16:36:28.683000;3;100614;1;1;5800.0000;1;6148.0000;None;66400.0000
15060;2023-03-11 16:36:28.683000;3;100614;1;1;5800.0000;1;6148.0000;None;66400.0000
15060;2023-03-11 16:36:28.683000;2;201615;1;1;14800.0000;1;6148.0000;None;66400.0000
15060;2023-03-11 16:45:31.047000;3;100606;1;1;6800.0000;1;6148.0000;None;66400.0000
15060;2023-03-11 16:45:31.047000;3;100999;1;1;5800.0000;1;6148.0000;None;66400.0000
15060;2023-03-11 16:45:31.047000;3;100999;1;1;5800.0000;1;6148.0000;None;66400.0000
15060;2023-03-11 17:01:17.410000;2;201615;1;1;14800.0000;1;6148.0000;None;66400.0000
15062;2023-03-11 19:02:54.647000;3;201146;1;1;6800.0000;1;8315.0000;None;89800.0000
15062;2023-03-11 19:07:41.957000;3;102747;1;1;4800.0000;1;8315.0000;None;89800.0000
15062;2023-03-11 19:07:41.957000;7;2042;1;1;0.0000;1;8315.0000;None;89800.0000
15062;2023-03-11 19:07:41.957000;7;2072;1;1;0.0000;1;8315.0000;None;89800.0000
15062;2023-03-11 19:07:41.957000;2;101728;1;1;33800.0000;1;8315.0000;None;89800.0000
15062;2023-03-11 19:12:15.477000;1;102447;1;1;16800.0000;1;8315.0000;None;89800.0000
15062;2023-03-11 19:12:15.477000;8;104259;1;1;13800.0000;1;8315.0000;None;89800.0000
15062;2023-03-11 19:12:15.477000;8;104259;1;1;13800.0000;1;8315.0000;None;89800.0000
15062;2023-03-11 19:12:15.477000;7;1020;1;1;0.0000;1;8315.0000;None;89800.0000
15064;2023-03-11 19:04:06.183000;3;201237;1;1;5800.0000;1;13704.0000;None;148000.0000
15064;2023-03-11 19:04:06.183000;3;201146;1;1;6800.0000;1;13704.0000;None;148000.0000
15064;2023-03-11 19:04:55.817000;1;104214;1;1;15800.0000;1;13704.0000;None;148000.0000
15064;2023-03-11 19:19:28.197000;1;102923;1;1;68800.0000;1;13704.0000;None;148000.0000
15064;2023-03-11 19:19:28.197000;8;101971;1;1;50800.0000;1;13704.0000;None;148000.0000
15065;2023-03-11 19:13:45.697000;3;102633;1;1;12800.0000;1;9056.0000;None;97800.0000
15065;2023-03-11 19:13:45.697000;7;2039;1;1;0.0000;1;9056.0000;None;97800.0000
15065;2023-03-11 19:13:45.697000;3;102747;1;1;4800.0000;1;9056.0000;None;97800.0000
15065;2023-03-11 19:15:50.357000;1;104256;1;1;28800.0000;1;9056.0000;None;97800.0000
15065;2023-03-11 19:15:50.357000;8;103867;1;1;28800.0000;1;9056.0000;None;97800.0000
15065;2023-03-11 19:15:50.357000;7;1020;1;1;0.0000;1;9056.0000;None;97800.0000
15065;2023-03-11 19:37:05.753000;1;101891;1;1;16800.0000;1;9056.0000;None;97800.0000
15065;2023-03-11 19:37:05.753000;3;100614;1;1;5800.0000;1;9056.0000;None;97800.0000
15066;2023-03-11 19:16:46.457000;3;201206;1;1;6800.0000;1;6426.0000;None;69400.0000
15066;2023-03-11 19:16:46.457000;8;102340;1;1;33800.0000;1;6426.0000;None;69400.0000
15066;2023-03-11 19:16:46.457000;8;103867;1;1;28800.0000;1;6426.0000;None;69400.0000
15066;2023-03-11 19:16:46.457000;7;1020;1;1;0.0000;1;6426.0000;None;69400.0000
15066;2023-03-11 19:28:54.197000;7;2004;2;1;0.0000;1;6426.0000;None;69400.0000
15066;2023-03-11 19:28:54.197000;7;1164;1;10;0.0000;1;6426.0000;None;69400.0000
15067;2023-03-11 19:20:57.270000;3;201237;1;1;5800.0000;1;10870.0000;None;117400.0000
15067;2023-03-11 19:20:57.270000;3;201237;1;1;5800.0000;1;10870.0000;None;117400.0000
15067;2023-03-11 19:20:57.270000;3;101641;1;1;0.0000;1;10870.0000;None;117400.0000
15067;2023-03-11 19:20:57.270000;3;101641;1;1;0.0000;1;10870.0000;None;117400.0000
15067;2023-03-11 19:20:57.270000;1;101929;1;1;16800.0000;1;10870.0000;None;117400.0000
15067;2023-03-11 19:21:06.497000;8;103549;1;1;31800.0000;1;10870.0000;None;117400.0000
15067;2023-03-11 19:21:06.497000;8;103867;1;1;28800.0000;1;10870.0000;None;117400.0000
15067;2023-03-11 19:21:06.497000;7;1020;1;1;0.0000;1;10870.0000;None;117400.0000
15067;2023-03-11 19:21:06.497000;7;1030;1;1;0.0000;1;10870.0000;None;117400.0000
15067;2023-03-11 20:46:58.690000;1;103780;1;1;16800.0000;1;10870.0000;None;117400.0000
15067;2023-03-11 20:46:58.690000;3;100614;1;1;5800.0000;1;10870.0000;None;117400.0000
15067;2023-03-11 20:46:58.690000;3;100614;1;1;5800.0000;1;10870.0000;None;117400.0000
15068;2023-03-11 19:38:25.633000;2;200608;1;1;106800.0000;1;60148.0000;None;649600.0000
15068;2023-03-11 19:38:25.633000;7;1207;1;6;0.0000;1;60148.0000;None;649600.0000
15068;2023-03-11 19:39:10.840000;3;102635;1;1;8800.0000;1;60148.0000;None;649600.0000
15068;2023-03-11 19:39:10.840000;3;102637;1;1;9800.0000;1;60148.0000;None;649600.0000
15068;2023-03-11 19:45:14.480000;8;107526;1;1;29800.0000;1;60148.0000;None;649600.0000
15068;2023-03-11 19:45:14.480000;8;102797;1;1;56800.0000;1;60148.0000;None;649600.0000
15068;2023-03-11 19:45:14.480000;1;102923;1;1;68800.0000;1;60148.0000;None;649600.0000
15068;2023-03-11 19:45:14.480000;7;1135;1;1;0.0000;1;60148.0000;None;649600.0000
15068;2023-03-11 19:45:14.480000;3;102619;1;1;7800.0000;1;60148.0000;None;649600.0000
15068;2023-03-11 19:45:14.480000;1;109513;1;1;38800.0000;1;60148.0000;None;649600.0000
15068;2023-03-11 19:46:21.180000;1;101304;1;1;76800.0000;1;60148.0000;None;649600.0000
15068;2023-03-11 19:46:21.180000;8;109181;1;1;65800.0000;1;60148.0000;None;649600.0000
15068;2023-03-11 19:46:21.197000;1;107168;1;1;34800.0000;1;60148.0000;None;649600.0000
15068;2023-03-11 19:46:21.197000;1;102459;1;1;18800.0000;1;60148.0000;None;649600.0000
15068;2023-03-11 19:46:21.197000;1;104216;1;1;17800.0000;1;60148.0000;None;649600.0000
15068;2023-03-11 19:46:21.197000;8;100953;1;1;44800.0000;1;60148.0000;None;649600.0000
15068;2023-03-11 19:46:21.197000;8;103615;1;1;37800.0000;1;60148.0000;None;649600.0000
15068;2023-03-11 19:46:21.197000;7;1020;1;1;0.0000;1;60148.0000;None;649600.0000
15068;2023-03-11 19:46:21.197000;7;1030;1;1;0.0000;1;60148.0000;None;649600.0000
15068;2023-03-11 20:12:58.177000;3;201146;1;1;6800.0000;1;60148.0000;None;649600.0000
15068;2023-03-11 20:20:48.817000;1;102459;1;1;18800.0000;1;60148.0000;None;649600.0000
15069;2023-03-11 19:47:34.860000;3;200644;1;2;13600.0000;1;13870.0000;None;149800.0000
15069;2023-03-11 19:47:34.860000;3;108191;1;2;0.0000;1;13870.0000;None;149800.0000
15069;2023-03-11 19:47:34.860000;3;201206;1;1;6800.0000;1;13870.0000;None;149800.0000
15069;2023-03-11 19:53:29.280000;8;103023;1;1;47800.0000;1;13870.0000;None;149800.0000
15069;2023-03-11 19:53:29.280000;1;102923;1;1;68800.0000;1;13870.0000;None;149800.0000
15069;2023-03-11 19:53:29.280000;7;1135;1;1;0.0000;1;13870.0000;None;149800.0000
15069;2023-03-11 19:53:29.280000;7;1020;1;1;0.0000;1;13870.0000;None;149800.0000
15069;2023-03-11 20:27:14.260000;3;102633;1;1;12800.0000;1;13870.0000;None;149800.0000
15069;2023-03-11 20:27:14.260000;7;2039;1;1;0.0000;1;13870.0000;None;149800.0000
15069;2023-03-11 20:27:14.260000;7;1207;1;1;0.0000;1;13870.0000;None;149800.0000
15070;2023-03-11 19:56:14.917000;2;201187;1;1;10800.0000;1;12852.0000;None;138800.0000
15070;2023-03-11 19:56:14.917000;3;103912;1;1;7800.0000;1;12852.0000;None;138800.0000
15070;2023-03-11 19:56:14.917000;3;201206;1;1;6800.0000;1;12852.0000;None;138800.0000
15070;2023-03-11 19:56:14.917000;1;102456;1;1;16800.0000;1;12852.0000;None;138800.0000
15070;2023-03-11 20:01:55.260000;1;101051;1;1;49800.0000;1;12852.0000;None;138800.0000
15070;2023-03-11 20:01:55.260000;7;1135;1;1;0.0000;1;12852.0000;None;138800.0000
15070;2023-03-11 20:01:55.260000;1;109511;1;1;46800.0000;1;12852.0000;None;138800.0000
15071;2023-03-11 20:02:33.990000;1;102457;1;1;18800.0000;1;6778.0000;None;73200.0000
15071;2023-03-11 20:02:33.990000;8;103539;1;1;32800.0000;1;6778.0000;None;73200.0000
15071;2023-03-11 20:02:33.990000;7;1020;1;1;0.0000;1;6778.0000;None;73200.0000
15071;2023-03-11 20:02:33.990000;3;201146;1;1;6800.0000;1;6778.0000;None;73200.0000
15071;2023-03-11 20:02:33.990000;2;201615;1;1;14800.0000;1;6778.0000;None;73200.0000
15071;2023-03-11 20:02:33.990000;3;108191;1;1;0.0000;1;6778.0000;None;73200.0000
15073;2023-03-11 20:10:22.720000;1;109514;1;1;38800.0000;1;11019.0000;None;119000.0000
15073;2023-03-11 20:10:49.753000;3;201269;1;1;6800.0000;1;11019.0000;None;119000.0000
15073;2023-03-11 20:10:49.753000;3;108191;1;1;0.0000;1;11019.0000;None;119000.0000
15073;2023-03-11 20:10:49.753000;3;201211;1;1;5800.0000;1;11019.0000;None;119000.0000
15073;2023-03-11 20:11:02.783000;8;104655;1;1;38800.0000;1;11019.0000;None;119000.0000
15073;2023-03-11 20:11:02.783000;8;103867;1;1;28800.0000;1;11019.0000;None;119000.0000
15073;2023-03-11 20:11:02.783000;7;1020;1;1;0.0000;1;11019.0000;None;119000.0000
15073;2023-03-11 20:11:02.783000;7;1030;1;1;0.0000;1;11019.0000;None;119000.0000
15074;2023-03-11 20:20:02.007000;2;200478;1;1;14800.0000;1;15463.0000;None;167000.0000
15074;2023-03-11 20:20:02.007000;2;104234;1;1;36800.0000;1;15463.0000;None;167000.0000
15074;2023-03-11 20:20:02.007000;1;101929;1;1;16800.0000;1;15463.0000;None;167000.0000
15074;2023-03-11 20:20:02.007000;7;1029;1;1;0.0000;1;15463.0000;None;167000.0000
15074;2023-03-11 20:20:02.007000;7;1001;1;1;0.0000;1;15463.0000;None;167000.0000
15074;2023-03-11 20:20:02.007000;7;1001;1;1;0.0000;1;15463.0000;None;167000.0000
15074;2023-03-11 20:20:02.007000;8;108518;1;1;41800.0000;1;15463.0000;None;167000.0000
15074;2023-03-11 20:20:02.007000;8;103028;1;1;56800.0000;1;15463.0000;None;167000.0000
15074;2023-03-11 20:20:02.007000;7;1020;1;1;0.0000;1;15463.0000;None;167000.0000
15074;2023-03-11 20:20:02.007000;7;1030;1;1;0.0000;1;15463.0000;None;167000.0000
15075;2023-03-11 20:22:06.157000;3;102748;1;1;15800.0000;1;37667.0000;None;406800.0000
15075;2023-03-11 20:22:06.157000;2;107767;1;1;50800.0000;1;37667.0000;None;406800.0000
15075;2023-03-11 20:22:06.157000;3;105735;1;1;0.0000;1;37667.0000;None;406800.0000
15075;2023-03-11 20:22:06.157000;2;108101;1;1;36800.0000;1;37667.0000;None;406800.0000
15075;2023-03-11 20:56:27.187000;1;107168;1;1;34800.0000;1;37667.0000;None;406800.0000
15075;2023-03-11 20:56:27.187000;8;101996;1;1;15800.0000;1;37667.0000;None;406800.0000
15075;2023-03-11 21:11:38.833000;8;100990;1;1;75800.0000;1;37667.0000;None;406800.0000
15075;2023-03-11 21:11:38.833000;8;101953;1;1;43800.0000;1;37667.0000;None;406800.0000
15075;2023-03-11 21:11:38.833000;8;100953;1;1;44800.0000;1;37667.0000;None;406800.0000
15075;2023-03-11 21:11:38.833000;8;103022;1;1;69800.0000;1;37667.0000;None;406800.0000
15075;2023-03-11 21:11:38.833000;7;1020;1;1;0.0000;1;37667.0000;None;406800.0000
15075;2023-03-11 21:11:38.833000;7;1040;1;1;0.0000;1;37667.0000;None;406800.0000
15075;2023-03-11 21:49:06.773000;1;104004;1;1;15800.0000;1;37667.0000;None;406800.0000
15075;2023-03-11 21:49:06.773000;1;101088;1;1;2800.0000;1;37667.0000;None;406800.0000
15076;2023-03-11 20:26:32.853000;1;103073;1;1;32800.0000;1;10019.0000;None;108200.0000
15076;2023-03-11 20:26:32.853000;8;106491;1;1;55800.0000;1;10019.0000;None;108200.0000
15076;2023-03-11 20:26:32.853000;7;1135;1;1;0.0000;1;10019.0000;None;108200.0000
15076;2023-03-11 20:26:32.853000;7;1020;1;1;0.0000;1;10019.0000;None;108200.0000
15076;2023-03-11 20:26:32.853000;3;201206;1;1;6800.0000;1;10019.0000;None;108200.0000
15076;2023-03-11 20:31:51.593000;3;102633;1;1;12800.0000;1;10019.0000;None;108200.0000
15076;2023-03-11 20:31:51.593000;7;2039;1;1;0.0000;1;10019.0000;None;108200.0000
15077;2023-03-11 20:30:24.477000;1;109514;1;1;38800.0000;1;36482.0000;None;394000.0000
15077;2023-03-11 20:30:24.477000;1;104214;1;1;15800.0000;1;36482.0000;None;394000.0000
15077;2023-03-11 20:33:19.100000;3;200644;1;1;6800.0000;1;36482.0000;None;394000.0000
15077;2023-03-11 20:33:19.100000;3;200644;1;1;6800.0000;1;36482.0000;None;394000.0000
15077;2023-03-11 20:33:19.100000;3;101641;1;1;0.0000;1;36482.0000;None;394000.0000
15077;2023-03-11 20:33:19.100000;3;101641;1;1;0.0000;1;36482.0000;None;394000.0000
15077;2023-03-11 20:33:19.100000;3;201211;1;1;5800.0000;1;36482.0000;None;394000.0000
15077;2023-03-11 20:33:19.100000;3;102635;1;1;8800.0000;1;36482.0000;None;394000.0000
15077;2023-03-11 20:33:19.100000;2;102933;1;3;77400.0000;1;36482.0000;None;394000.0000
15077;2023-03-11 20:34:52.617000;1;102824;1;1;47800.0000;1;36482.0000;None;394000.0000
15077;2023-03-11 20:34:52.617000;8;102797;1;1;56800.0000;1;36482.0000;None;394000.0000
15077;2023-03-11 20:34:52.617000;8;103800;1;1;59800.0000;1;36482.0000;None;394000.0000
15077;2023-03-11 20:34:52.617000;8;102850;1;1;43800.0000;1;36482.0000;None;394000.0000
15077;2023-03-11 20:34:52.617000;7;1020;1;1;0.0000;1;36482.0000;None;394000.0000
15077;2023-03-11 20:34:52.617000;7;1030;1;1;0.0000;1;36482.0000;None;394000.0000
15077;2023-03-11 20:34:52.617000;7;1042;1;1;0.0000;1;36482.0000;None;394000.0000
15077;2023-03-11 20:57:13.313000;3;102635;1;1;8800.0000;1;36482.0000;None;394000.0000
15077;2023-03-11 20:58:03.830000;6;101613;1;5;0.0000;1;36482.0000;None;394000.0000
15077;2023-03-11 21:14:02.983000;1;103780;1;1;16800.0000;1;36482.0000;None;394000.0000
15078;2023-03-11 20:54:06.713000;2;200480;1;1;12800.0000;1;21445.0000;None;231600.0000
15078;2023-03-11 20:54:06.713000;2;201615;1;1;14800.0000;1;21445.0000;None;231600.0000
15078;2023-03-11 20:54:06.713000;1;102455;1;1;37800.0000;1;21445.0000;None;231600.0000
15078;2023-03-11 20:54:06.713000;3;201146;1;1;6800.0000;1;21445.0000;None;231600.0000
15078;2023-03-11 20:54:47.143000;1;109512;1;1;64800.0000;1;21445.0000;None;231600.0000
15078;2023-03-11 20:54:47.143000;8;101953;1;1;43800.0000;1;21445.0000;None;231600.0000
15078;2023-03-11 21:29:23.467000;8;101971;1;1;50800.0000;1;21445.0000;None;231600.0000
21562;2023-03-11 11:42:57.853000;1;103596;1;1;79800.0000;1;11167.0000;None;120600.0000
21562;2023-03-11 11:42:57.853000;7;1135;1;1;0.0000;1;11167.0000;None;120600.0000
21562;2023-03-11 11:42:57.853000;8;109318;1;1;40800.0000;1;11167.0000;None;120600.0000
21562;2023-03-11 11:42:57.853000;7;1135;1;1;0.0000;1;11167.0000;None;120600.0000
21562;2023-03-11 11:42:57.853000;7;2004;2;1;0.0000;1;11167.0000;None;120600.0000
21562;2023-03-11 11:42:57.853000;7;2004;2;1000;0.0000;1;11167.0000;None;120600.0000
