7067;2023-03-12 12:05:25.490000;3;201237;1;1;5800.0000;1;20926.0000;None;226000.0000
7067;2023-03-12 12:05:25.490000;1;101318;1;1;35800.0000;1;20926.0000;None;226000.0000
7067;2023-03-12 12:05:25.490000;1;105197;1;1;9800.0000;1;20926.0000;None;226000.0000
7067;2023-03-12 12:05:25.490000;8;103028;1;1;56800.0000;1;20926.0000;None;226000.0000
7067;2023-03-12 12:05:25.490000;7;1020;1;1;0.0000;1;20926.0000;None;226000.0000
7067;2023-03-12 12:05:25.490000;7;1020;1;1;0.0000;1;20926.0000;None;226000.0000
7067;2023-03-12 12:06:06.257000;6;101613;1;1;0.0000;1;20926.0000;None;226000.0000
7067;2023-03-12 12:06:06.257000;6;101613;1;1;0.0000;1;20926.0000;None;226000.0000
7067;2023-03-12 12:08:26.880000;1;101929;1;1;16800.0000;1;20926.0000;None;226000.0000
7067;2023-03-12 12:08:26.880000;7;1135;1;1;0.0000;1;20926.0000;None;226000.0000
7067;2023-03-12 12:08:26.880000;1;103058;1;1;32800.0000;1;20926.0000;None;226000.0000
7067;2023-03-12 12:08:26.880000;1;106922;1;1;0.0000;1;20926.0000;None;226000.0000
7067;2023-03-12 12:08:26.880000;7;1135;1;1;0.0000;1;20926.0000;None;226000.0000
7067;2023-03-12 12:08:26.880000;8;102920;1;1;42800.0000;1;20926.0000;None;226000.0000
7067;2023-03-12 12:08:26.880000;7;1135;1;1;0.0000;1;20926.0000;None;226000.0000
7067;2023-03-12 12:30:08.323000;1;103780;1;1;16800.0000;1;20926.0000;None;226000.0000
7067;2023-03-12 12:33:24.637000;3;100613;1;1;5800.0000;1;20926.0000;None;226000.0000
7067;2023-03-12 12:38:36.013000;1;101088;1;1;2800.0000;1;20926.0000;None;226000.0000
7068;2023-03-12 12:24:12.230000;1;102459;1;1;18800.0000;1;49463.0000;None;534200.0000
7068;2023-03-12 12:38:16.080000;8;100953;1;1;44800.0000;1;49463.0000;None;534200.0000
7068;2023-03-12 12:38:16.080000;7;1029;1;1;0.0000;1;49463.0000;None;534200.0000
7068;2023-03-12 12:43:47.230000;1;101305;1;1;21800.0000;1;49463.0000;None;534200.0000
7068;2023-03-12 12:43:47.230000;1;104211;1;1;25800.0000;1;49463.0000;None;534200.0000
7068;2023-03-12 12:43:47.230000;1;104266;1;1;19800.0000;1;49463.0000;None;534200.0000
7068;2023-03-12 12:43:47.230000;7;1020;1;1;0.0000;1;49463.0000;None;534200.0000
7068;2023-03-12 12:43:47.230000;1;103980;1;1;94800.0000;1;49463.0000;None;534200.0000
7068;2023-03-12 12:43:47.230000;1;103851;1;1;99800.0000;1;49463.0000;None;534200.0000
7068;2023-03-12 12:43:47.230000;1;106922;1;1;0.0000;1;49463.0000;None;534200.0000
7068;2023-03-12 12:43:47.230000;7;1020;1;1;0.0000;1;49463.0000;None;534200.0000
7068;2023-03-12 12:43:47.230000;7;1020;1;1;0.0000;1;49463.0000;None;534200.0000
7068;2023-03-12 12:45:27.387000;3;201269;1;1;6800.0000;1;49463.0000;None;534200.0000
7068;2023-03-12 12:53:21.070000;2;202509;1;1;201800.0000;1;49463.0000;None;534200.0000
7070;2023-03-12 12:50:28.380000;1;103712;1;1;38800.0000;1;12130.0000;None;131000.0000
7070;2023-03-12 12:50:28.380000;1;103937;1;1;56800.0000;1;12130.0000;None;131000.0000
7070;2023-03-12 12:50:28.380000;7;1020;1;1;0.0000;1;12130.0000;None;131000.0000
7070;2023-03-12 12:50:32.777000;3;102619;1;1;7800.0000;1;12130.0000;None;131000.0000
7070;2023-03-12 12:50:32.777000;3;102637;1;1;9800.0000;1;12130.0000;None;131000.0000
7070;2023-03-12 13:02:55.790000;8;103002;1;1;17800.0000;1;12130.0000;None;131000.0000
7071;2023-03-12 13:03:40.057000;3;102635;1;1;8800.0000;1;20574.0000;None;222200.0000
7071;2023-03-12 13:03:40.057000;7;2046;1;1;0.0000;1;20574.0000;None;222200.0000
7071;2023-03-12 13:03:40.057000;3;102747;1;1;4800.0000;1;20574.0000;None;222200.0000
7071;2023-03-12 13:07:39.837000;1;104253;1;1;16800.0000;1;20574.0000;None;222200.0000
7071;2023-03-12 13:07:39.837000;1;103135;1;1;10800.0000;1;20574.0000;None;222200.0000
7071;2023-03-12 13:07:39.837000;8;102997;1;3;35400.0000;1;20574.0000;None;222200.0000
7071;2023-03-12 13:07:39.837000;8;103615;1;1;37800.0000;1;20574.0000;None;222200.0000
7071;2023-03-12 13:07:39.837000;8;103544;1;1;25800.0000;1;20574.0000;None;222200.0000
7071;2023-03-12 13:07:39.837000;7;1020;1;1;0.0000;1;20574.0000;None;222200.0000
7071;2023-03-12 13:07:39.837000;3;201211;1;1;5800.0000;1;20574.0000;None;222200.0000
7071;2023-03-12 13:22:45.203000;8;109318;1;1;40800.0000;1;20574.0000;None;222200.0000
7071;2023-03-12 13:22:45.203000;7;1135;1;1;0.0000;1;20574.0000;None;222200.0000
7071;2023-03-12 13:22:52.640000;8;102997;1;3;35400.0000;1;20574.0000;None;222200.0000
7072;2023-03-12 13:21:30.763000;2;104234;1;1;36800.0000;1;24222.0000;None;261600.0000
7072;2023-03-12 13:21:30.763000;2;104234;1;1;36800.0000;1;24222.0000;None;261600.0000
7072;2023-03-12 13:21:30.763000;1;103073;1;1;32800.0000;1;24222.0000;None;261600.0000
7072;2023-03-12 13:21:30.763000;1;102927;1;1;66800.0000;1;24222.0000;None;261600.0000
7072;2023-03-12 13:21:30.763000;6;101546;1;1;0.0000;1;24222.0000;None;261600.0000
7072;2023-03-12 13:21:30.763000;6;105090;1;1;0.0000;1;24222.0000;None;261600.0000
7072;2023-03-12 13:21:30.763000;6;105509;1;1;0.0000;1;24222.0000;None;261600.0000
7072;2023-03-12 13:21:30.763000;7;1020;1;1;0.0000;1;24222.0000;None;261600.0000
7072;2023-03-12 13:21:30.763000;7;1020;1;1;0.0000;1;24222.0000;None;261600.0000
7072;2023-03-12 14:01:29.897000;2;104234;1;1;36800.0000;1;24222.0000;None;261600.0000
7072;2023-03-12 14:01:29.897000;2;104234;1;1;36800.0000;1;24222.0000;None;261600.0000
7072;2023-03-12 14:01:29.897000;1;101195;1;1;14800.0000;1;24222.0000;None;261600.0000
7073;2023-03-12 13:28:58.007000;2;201187;1;1;10800.0000;1;51834.0000;None;559800.0000
7073;2023-03-12 13:28:58.007000;3;201206;1;1;6800.0000;1;51834.0000;None;559800.0000
7073;2023-03-12 13:28:58.007000;3;201206;1;1;6800.0000;1;51834.0000;None;559800.0000
7073;2023-03-12 13:28:58.007000;3;202134;1;1;9800.0000;1;51834.0000;None;559800.0000
7073;2023-03-12 13:28:58.007000;3;200644;1;1;6800.0000;1;51834.0000;None;559800.0000
7073;2023-03-12 13:28:58.007000;3;102635;1;1;8800.0000;1;51834.0000;None;559800.0000
7073;2023-03-12 13:28:58.007000;7;1207;1;1;0.0000;1;51834.0000;None;559800.0000
7073;2023-03-12 13:37:55.917000;1;109513;1;1;38800.0000;1;51834.0000;None;559800.0000
7073;2023-03-12 13:37:55.917000;1;109512;1;1;64800.0000;1;51834.0000;None;559800.0000
7073;2023-03-12 13:37:55.917000;1;109516;1;1;54800.0000;1;51834.0000;None;559800.0000
7073;2023-03-12 13:37:55.917000;8;106867;1;1;29800.0000;1;51834.0000;None;559800.0000
7073;2023-03-12 13:37:55.917000;8;103028;1;1;56800.0000;1;51834.0000;None;559800.0000
7073;2023-03-12 13:37:55.917000;8;109357;1;1;29800.0000;1;51834.0000;None;559800.0000
7073;2023-03-12 13:49:30.747000;1;102927;1;1;66800.0000;1;51834.0000;None;559800.0000
7073;2023-03-12 13:49:30.747000;6;101546;1;1;0.0000;1;51834.0000;None;559800.0000
7073;2023-03-12 13:49:30.747000;6;105090;1;1;0.0000;1;51834.0000;None;559800.0000
7073;2023-03-12 13:49:30.747000;6;105509;1;1;0.0000;1;51834.0000;None;559800.0000
7073;2023-03-12 14:13:58.430000;2;201187;1;1;10800.0000;1;51834.0000;None;559800.0000
7073;2023-03-12 14:19:46.333000;1;102535;1;4;79200.0000;1;51834.0000;None;559800.0000
7073;2023-03-12 14:19:46.333000;3;100613;1;1;5800.0000;1;51834.0000;None;559800.0000
7073;2023-03-12 14:19:46.333000;3;100614;1;1;5800.0000;1;51834.0000;None;559800.0000
7073;2023-03-12 14:51:24.737000;1;102927;1;1;66800.0000;1;51834.0000;None;559800.0000
7073;2023-03-12 14:51:24.737000;6;101546;1;1;0.0000;1;51834.0000;None;559800.0000
7073;2023-03-12 14:51:24.737000;6;105090;1;1;0.0000;1;51834.0000;None;559800.0000
7073;2023-03-12 14:51:24.737000;6;105509;1;1;0.0000;1;51834.0000;None;559800.0000
7073;2023-03-12 14:51:24.737000;7;1157;1;1;0.0000;1;51834.0000;None;559800.0000
7074;2023-03-12 13:29:28.247000;3;201146;1;1;6800.0000;1;15445.0000;None;166800.0000
7074;2023-03-12 13:29:28.247000;7;2007;1;1;0.0000;1;15445.0000;None;166800.0000
7074;2023-03-12 13:29:28.247000;3;201211;1;1;5800.0000;1;15445.0000;None;166800.0000
7074;2023-03-12 13:30:50.413000;8;109318;1;1;40800.0000;1;15445.0000;None;166800.0000
7074;2023-03-12 13:30:50.413000;1;102337;1;1;89800.0000;1;15445.0000;None;166800.0000
7074;2023-03-12 13:30:50.413000;1;102319;1;1;3800.0000;1;15445.0000;None;166800.0000
7074;2023-03-12 13:38:08.803000;1;104266;1;1;19800.0000;1;15445.0000;None;166800.0000
7074;2023-03-12 13:38:08.803000;7;1020;1;1;0.0000;1;15445.0000;None;166800.0000
7075;2023-03-12 13:55:02.977000;1;102457;1;1;18800.0000;1;9815.0000;None;106000.0000
7075;2023-03-12 13:55:02.977000;7;1135;1;1;0.0000;1;9815.0000;None;106000.0000
7075;2023-03-12 13:55:02.977000;7;1029;1;1;0.0000;1;9815.0000;None;106000.0000
7075;2023-03-12 13:55:49.557000;3;200644;1;1;6800.0000;1;9815.0000;None;106000.0000
7075;2023-03-12 13:55:49.557000;3;101641;1;1;0.0000;1;9815.0000;None;106000.0000
7075;2023-03-12 13:55:49.557000;3;102748;1;1;15800.0000;1;9815.0000;None;106000.0000
7075;2023-03-12 13:55:49.557000;8;101992;1;1;31800.0000;1;9815.0000;None;106000.0000
7075;2023-03-12 13:55:49.557000;7;1135;1;1;0.0000;1;9815.0000;None;106000.0000
7075;2023-03-12 13:55:49.557000;8;103539;1;1;32800.0000;1;9815.0000;None;106000.0000
7075;2023-03-12 13:55:49.557000;7;1020;1;1;0.0000;1;9815.0000;None;106000.0000
7075;2023-03-12 13:55:49.557000;7;1030;1;1;0.0000;1;9815.0000;None;106000.0000
7076;2023-03-12 14:22:18.687000;1;104215;1;1;18800.0000;1;29056.0000;None;313800.0000
7076;2023-03-12 14:22:18.687000;1;101929;1;1;16800.0000;1;29056.0000;None;313800.0000
7076;2023-03-12 14:22:18.687000;7;1029;1;1;0.0000;1;29056.0000;None;313800.0000
7076;2023-03-12 14:22:18.687000;7;1029;1;1;0.0000;1;29056.0000;None;313800.0000
7076;2023-03-12 14:32:30.017000;3;102749;1;1;4800.0000;1;29056.0000;None;313800.0000
7076;2023-03-12 14:32:30.017000;8;109320;1;1;35800.0000;1;29056.0000;None;313800.0000
7076;2023-03-12 14:32:30.017000;8;109181;1;1;65800.0000;1;29056.0000;None;313800.0000
7076;2023-03-12 14:32:30.017000;8;106491;1;1;55800.0000;1;29056.0000;None;313800.0000
7076;2023-03-12 14:32:30.017000;1;102927;1;1;66800.0000;1;29056.0000;None;313800.0000
7076;2023-03-12 14:32:30.017000;6;101546;1;1;0.0000;1;29056.0000;None;313800.0000
7076;2023-03-12 14:32:30.017000;6;105090;1;1;0.0000;1;29056.0000;None;313800.0000
7076;2023-03-12 14:32:30.017000;6;105509;1;1;0.0000;1;29056.0000;None;313800.0000
7076;2023-03-12 14:32:30.017000;6;105090;1;1;0.0000;1;29056.0000;None;313800.0000
7076;2023-03-12 14:32:30.017000;6;105509;1;1;0.0000;1;29056.0000;None;313800.0000
7076;2023-03-12 14:32:30.017000;7;1020;1;1;0.0000;1;29056.0000;None;313800.0000
7076;2023-03-12 14:32:30.017000;7;1020;1;1;0.0000;1;29056.0000;None;313800.0000
7076;2023-03-12 15:04:37.470000;2;200480;1;1;12800.0000;1;29056.0000;None;313800.0000
7076;2023-03-12 15:04:37.470000;2;200480;1;1;12800.0000;1;29056.0000;None;313800.0000
7076;2023-03-12 15:04:37.470000;3;201206;1;1;6800.0000;1;29056.0000;None;313800.0000
7076;2023-03-12 15:23:18.143000;1;103780;1;1;16800.0000;1;29056.0000;None;313800.0000
7077;2023-03-12 15:16:00.133000;3;201269;1;1;6800.0000;1;15667.0000;None;169200.0000
7077;2023-03-12 15:16:00.133000;3;201269;1;1;6800.0000;1;15667.0000;None;169200.0000
7077;2023-03-12 15:16:00.133000;3;108191;1;1;0.0000;1;15667.0000;None;169200.0000
7077;2023-03-12 15:16:00.133000;3;108191;1;1;0.0000;1;15667.0000;None;169200.0000
7077;2023-03-12 15:16:00.133000;1;101318;1;1;35800.0000;1;15667.0000;None;169200.0000
7077;2023-03-12 15:16:00.133000;7;1029;1;1;0.0000;1;15667.0000;None;169200.0000
7077;2023-03-12 15:16:00.133000;8;102997;1;1;11800.0000;1;15667.0000;None;169200.0000
7077;2023-03-12 15:16:00.133000;7;1029;1;1;0.0000;1;15667.0000;None;169200.0000
7077;2023-03-12 15:16:00.133000;7;1029;1;1;0.0000;1;15667.0000;None;169200.0000
7077;2023-03-12 15:16:00.133000;8;102997;1;1;11800.0000;1;15667.0000;None;169200.0000
7077;2023-03-12 15:16:31.370000;1;103058;1;1;32800.0000;1;15667.0000;None;169200.0000
7077;2023-03-12 15:16:31.370000;1;106922;1;1;0.0000;1;15667.0000;None;169200.0000
7077;2023-03-12 15:16:31.370000;1;101047;1;1;46800.0000;1;15667.0000;None;169200.0000
7077;2023-03-12 15:16:31.370000;7;1002;1;1;0.0000;1;15667.0000;None;169200.0000
7077;2023-03-12 15:16:31.370000;7;1020;1;1;0.0000;1;15667.0000;None;169200.0000
7077;2023-03-12 15:16:31.370000;7;1030;1;1;0.0000;1;15667.0000;None;169200.0000
7077;2023-03-12 15:53:03.330000;3;201269;1;1;6800.0000;1;15667.0000;None;169200.0000
7077;2023-03-12 15:53:03.330000;3;108191;1;1;0.0000;1;15667.0000;None;169200.0000
7077;2023-03-12 16:00:37.687000;1;105197;1;1;9800.0000;1;15667.0000;None;169200.0000
7078;2023-03-12 15:48:45.533000;2;201187;1;1;10800.0000;1;4667.0000;None;50400.0000
7078;2023-03-12 15:48:45.533000;2;201187;1;1;10800.0000;1;4667.0000;None;50400.0000
7078;2023-03-12 15:51:37.947000;8;103867;1;1;28800.0000;1;4667.0000;None;50400.0000
7079;2023-03-12 15:52:15.050000;2;200480;1;1;12800.0000;1;22389.0000;None;241800.0000
7079;2023-03-12 15:52:15.050000;2;201615;1;1;14800.0000;1;22389.0000;None;241800.0000
7079;2023-03-12 15:52:15.050000;2;108101;1;1;36800.0000;1;22389.0000;None;241800.0000
7079;2023-03-12 15:52:49.297000;8;102797;1;1;56800.0000;1;22389.0000;None;241800.0000
7079;2023-03-12 15:52:49.297000;8;101953;1;1;43800.0000;1;22389.0000;None;241800.0000
7079;2023-03-12 15:52:49.297000;7;1020;1;1;0.0000;1;22389.0000;None;241800.0000
7079;2023-03-12 15:52:49.297000;1;101304;1;1;76800.0000;1;22389.0000;None;241800.0000
7079;2023-03-12 15:52:49.297000;7;1020;1;1;0.0000;1;22389.0000;None;241800.0000
7079;2023-03-12 15:52:49.297000;7;1020;1;1;0.0000;1;22389.0000;None;241800.0000
7080;2023-03-12 16:31:49.550000;2;201187;1;1;10800.0000;1;1000.0000;None;10800.0000
15079;2023-03-12 13:00:18.243000;8;109165;1;1;69800.0000;1;53685.0000;None;579800.0000
15079;2023-03-12 13:00:18.243000;8;109180;1;1;40800.0000;1;53685.0000;None;579800.0000
15079;2023-03-12 13:00:35.193000;8;109217;1;10;0.0000;1;53685.0000;None;579800.0000
15079;2023-03-12 13:06:35.123000;2;108836;1;1;30800.0000;1;53685.0000;None;579800.0000
15079;2023-03-12 13:06:35.123000;2;108836;1;1;30800.0000;1;53685.0000;None;579800.0000
15079;2023-03-12 13:06:35.123000;2;108836;1;1;30800.0000;1;53685.0000;None;579800.0000
15079;2023-03-12 13:06:35.123000;1;201555;1;1;47400.0000;1;53685.0000;None;579800.0000
15079;2023-03-12 13:06:35.123000;7;1135;1;1;0.0000;1;53685.0000;None;579800.0000
15079;2023-03-12 13:14:56.480000;2;200136;1;1;109800.0000;1;53685.0000;None;579800.0000
15079;2023-03-12 13:14:56.480000;7;1207;1;1;0.0000;1;53685.0000;None;579800.0000
15079;2023-03-12 13:20:03.770000;1;103747;1;3;176400.0000;1;53685.0000;None;579800.0000
15079;2023-03-12 13:58:33.587000;1;101195;1;1;14800.0000;1;53685.0000;None;579800.0000
15079;2023-03-12 13:58:33.587000;1;101891;1;1;16800.0000;1;53685.0000;None;579800.0000
15079;2023-03-12 13:58:33.587000;3;100596;1;1;5800.0000;1;53685.0000;None;579800.0000
15079;2023-03-12 14:28:58.013000;3;100596;1;1;5800.0000;1;53685.0000;None;579800.0000
15080;2023-03-12 13:26:02.927000;8;103615;1;1;37800.0000;1;17945.0000;None;193800.0000
15080;2023-03-12 13:26:38.383000;1;103714;1;1;59800.0000;1;17945.0000;None;193800.0000
15080;2023-03-12 13:26:38.383000;1;102923;1;1;68800.0000;1;17945.0000;None;193800.0000
15080;2023-03-12 13:26:38.383000;7;1135;1;1;0.0000;1;17945.0000;None;193800.0000
15080;2023-03-12 13:26:38.383000;7;1020;1;1;0.0000;1;17945.0000;None;193800.0000
15080;2023-03-12 13:26:38.383000;7;1030;1;1;0.0000;1;17945.0000;None;193800.0000
15080;2023-03-12 13:26:38.383000;7;1030;1;1;0.0000;1;17945.0000;None;193800.0000
15080;2023-03-12 13:26:38.383000;3;102747;1;1;4800.0000;1;17945.0000;None;193800.0000
15080;2023-03-12 13:26:38.383000;3;102748;1;1;15800.0000;1;17945.0000;None;193800.0000
15080;2023-03-12 13:40:48.510000;7;1220;1;1;0.0000;1;17945.0000;None;193800.0000
15080;2023-03-12 13:40:48.510000;7;1220;1;1;0.0000;1;17945.0000;None;193800.0000
15080;2023-03-12 14:08:05.037000;3;201269;1;1;6800.0000;1;17945.0000;None;193800.0000
15080;2023-03-12 14:08:05.037000;7;1207;1;1;0.0000;1;17945.0000;None;193800.0000
15081;2023-03-12 13:42:24.827000;1;102927;1;1;66800.0000;1;10556.0000;None;114000.0000
15081;2023-03-12 13:42:24.827000;6;105509;1;1;0.0000;1;10556.0000;None;114000.0000
15081;2023-03-12 13:42:24.827000;6;105090;1;1;0.0000;1;10556.0000;None;114000.0000
15081;2023-03-12 13:42:24.827000;6;101546;1;1;0.0000;1;10556.0000;None;114000.0000
15081;2023-03-12 13:42:24.827000;8;103867;1;1;28800.0000;1;10556.0000;None;114000.0000
15081;2023-03-12 13:42:41.537000;3;201211;1;1;5800.0000;1;10556.0000;None;114000.0000
15081;2023-03-12 13:42:41.537000;3;201269;1;1;6800.0000;1;10556.0000;None;114000.0000
15081;2023-03-12 13:42:41.537000;3;101641;1;1;0.0000;1;10556.0000;None;114000.0000
15081;2023-03-12 13:42:41.537000;7;1207;1;1;0.0000;1;10556.0000;None;114000.0000
15081;2023-03-12 14:16:57.507000;3;100614;1;1;5800.0000;1;10556.0000;None;114000.0000
15082;2023-03-12 13:48:31.440000;1;101929;1;1;16800.0000;1;35667.0000;None;385200.0000
15082;2023-03-12 13:48:31.440000;1;102457;1;1;18800.0000;1;35667.0000;None;385200.0000
15082;2023-03-12 13:48:31.440000;8;101996;1;1;15800.0000;1;35667.0000;None;385200.0000
15082;2023-03-12 13:48:31.440000;2;101728;1;1;33800.0000;1;35667.0000;None;385200.0000
15082;2023-03-12 13:48:31.440000;2;101728;1;1;33800.0000;1;35667.0000;None;385200.0000
15082;2023-03-12 13:48:31.440000;3;104446;1;1;5800.0000;1;35667.0000;None;385200.0000
15082;2023-03-12 13:48:31.440000;3;102637;1;1;9800.0000;1;35667.0000;None;385200.0000
15082;2023-03-12 13:51:41.317000;8;103023;1;1;47800.0000;1;35667.0000;None;385200.0000
15082;2023-03-12 13:51:41.317000;7;1042;1;1;0.0000;1;35667.0000;None;385200.0000
15082;2023-03-12 13:51:41.317000;8;103023;1;1;47800.0000;1;35667.0000;None;385200.0000
15082;2023-03-12 13:51:41.317000;7;1042;1;1;0.0000;1;35667.0000;None;385200.0000
15082;2023-03-12 13:51:41.317000;1;101927;1;1;129800.0000;1;35667.0000;None;385200.0000
15082;2023-03-12 13:51:41.317000;7;1020;1;1;0.0000;1;35667.0000;None;385200.0000
15082;2023-03-12 13:51:41.317000;7;1030;1;1;0.0000;1;35667.0000;None;385200.0000
15082;2023-03-12 14:07:10.750000;8;102143;1;1;3800.0000;1;35667.0000;None;385200.0000
15082;2023-03-12 14:11:28.517000;3;201211;1;1;5800.0000;1;35667.0000;None;385200.0000
15082;2023-03-12 14:11:38.220000;3;104446;1;1;5800.0000;1;35667.0000;None;385200.0000
15082;2023-03-12 14:29:04.483000;3;102102;1;1;9800.0000;1;35667.0000;None;385200.0000
15083;2023-03-12 13:51:05.570000;1;104240;1;2;57600.0000;1;39871.0000;None;430600.0000
15083;2023-03-12 13:51:05.570000;3;102748;1;3;47400.0000;1;39871.0000;None;430600.0000
15083;2023-03-12 13:51:05.570000;2;200480;1;1;12800.0000;1;39871.0000;None;430600.0000
15083;2023-03-12 14:01:48.857000;1;101927;1;1;129800.0000;1;39871.0000;None;430600.0000
15083;2023-03-12 14:01:48.857000;1;103813;1;1;59800.0000;1;39871.0000;None;430600.0000
15083;2023-03-12 14:01:48.857000;7;1002;1;1;0.0000;1;39871.0000;None;430600.0000
15083;2023-03-12 14:01:48.857000;8;109181;1;1;65800.0000;1;39871.0000;None;430600.0000
15083;2023-03-12 14:01:48.857000;8;103165;1;1;34800.0000;1;39871.0000;None;430600.0000
15083;2023-03-12 14:01:48.857000;7;1020;1;1;0.0000;1;39871.0000;None;430600.0000
15083;2023-03-12 14:15:39.490000;3;201206;1;1;6800.0000;1;39871.0000;None;430600.0000
15083;2023-03-12 14:26:40.030000;3;102748;1;1;15800.0000;1;39871.0000;None;430600.0000
15084;2023-03-12 13:52:09.467000;3;102633;1;1;12800.0000;1;32259.0000;None;348400.0000
15084;2023-03-12 13:52:09.467000;7;2039;1;1;0.0000;1;32259.0000;None;348400.0000
15084;2023-03-12 13:52:09.467000;3;200644;1;1;6800.0000;1;32259.0000;None;348400.0000
15084;2023-03-12 13:52:09.467000;3;101641;1;1;0.0000;1;32259.0000;None;348400.0000
15084;2023-03-12 13:52:09.467000;3;103912;1;1;7800.0000;1;32259.0000;None;348400.0000
15084;2023-03-12 13:52:15.317000;1;101927;1;1;129800.0000;1;32259.0000;None;348400.0000
15084;2023-03-12 14:03:48.980000;1;102457;1;1;18800.0000;1;32259.0000;None;348400.0000
15084;2023-03-12 14:04:14.837000;1;101051;1;1;49800.0000;1;32259.0000;None;348400.0000
15084;2023-03-12 14:04:14.837000;1;102337;1;1;89800.0000;1;32259.0000;None;348400.0000
15084;2023-03-12 14:04:14.837000;1;106922;1;1;0.0000;1;32259.0000;None;348400.0000
15084;2023-03-12 14:04:14.837000;8;103539;1;1;32800.0000;1;32259.0000;None;348400.0000
15084;2023-03-12 14:04:14.837000;7;1020;1;1;0.0000;1;32259.0000;None;348400.0000
15084;2023-03-12 14:04:14.837000;7;1030;1;1;0.0000;1;32259.0000;None;348400.0000
15084;2023-03-12 14:07:04.360000;7;1166;1;2;0.0000;1;32259.0000;None;348400.0000
15084;2023-03-12 14:13:49.760000;7;1166;1;1;0.0000;1;32259.0000;None;348400.0000
15084;2023-03-12 14:20:22.707000;7;1220;1;1;0.0000;1;32259.0000;None;348400.0000
15084;2023-03-12 14:28:41.057000;6;101613;1;9;0.0000;1;32259.0000;None;348400.0000
15085;2023-03-12 13:53:25.557000;3;102747;1;1;4800.0000;1;34222.0000;None;369600.0000
15085;2023-03-12 13:53:25.557000;3;102747;1;1;4800.0000;1;34222.0000;None;369600.0000
15085;2023-03-12 13:53:25.557000;3;102635;1;1;8800.0000;1;34222.0000;None;369600.0000
15085;2023-03-12 13:53:25.557000;3;201211;1;1;5800.0000;1;34222.0000;None;369600.0000
15085;2023-03-12 13:53:25.557000;2;108119;1;1;55800.0000;1;34222.0000;None;369600.0000
15085;2023-03-12 13:53:25.557000;6;105631;1;1;0.0000;1;34222.0000;None;369600.0000
15085;2023-03-12 13:53:25.557000;1;101929;1;1;16800.0000;1;34222.0000;None;369600.0000
15085;2023-03-12 13:53:25.557000;1;102456;1;1;16800.0000;1;34222.0000;None;369600.0000
15085;2023-03-12 14:03:34.647000;1;103073;1;1;32800.0000;1;34222.0000;None;369600.0000
15085;2023-03-12 14:03:34.647000;1;103536;1;1;39800.0000;1;34222.0000;None;369600.0000
15085;2023-03-12 14:03:34.647000;1;103937;1;1;56800.0000;1;34222.0000;None;369600.0000
15085;2023-03-12 14:03:34.647000;8;103028;1;1;56800.0000;1;34222.0000;None;369600.0000
15085;2023-03-12 14:03:34.647000;7;1042;1;1;0.0000;1;34222.0000;None;369600.0000
15085;2023-03-12 14:03:34.647000;8;107333;1;1;69800.0000;1;34222.0000;None;369600.0000
15085;2023-03-12 14:03:34.647000;7;1020;1;1;0.0000;1;34222.0000;None;369600.0000
15085;2023-03-12 14:03:34.647000;7;1042;1;1;0.0000;1;34222.0000;None;369600.0000
15086;2023-03-12 14:00:04.187000;3;201146;1;1;6800.0000;1;40408.0000;None;436400.0000
15086;2023-03-12 14:00:04.187000;3;101641;1;1;0.0000;1;40408.0000;None;436400.0000
15086;2023-03-12 14:00:04.187000;3;200644;1;1;6800.0000;1;40408.0000;None;436400.0000
15086;2023-03-12 14:00:04.187000;3;101641;1;1;0.0000;1;40408.0000;None;436400.0000
15086;2023-03-12 14:00:04.187000;3;200644;1;1;6800.0000;1;40408.0000;None;436400.0000
15086;2023-03-12 14:00:04.187000;3;101641;1;1;0.0000;1;40408.0000;None;436400.0000
15086;2023-03-12 14:00:04.187000;3;201211;1;1;5800.0000;1;40408.0000;None;436400.0000
15086;2023-03-12 14:25:41.447000;1;109502;1;1;25800.0000;1;40408.0000;None;436400.0000
15086;2023-03-12 14:25:41.447000;1;102457;1;1;18800.0000;1;40408.0000;None;436400.0000
15086;2023-03-12 14:25:41.447000;1;101651;1;1;15800.0000;1;40408.0000;None;436400.0000
15086;2023-03-12 14:25:41.447000;3;201206;1;1;6800.0000;1;40408.0000;None;436400.0000
15086;2023-03-12 14:25:41.447000;3;104446;1;1;5800.0000;1;40408.0000;None;436400.0000
15086;2023-03-12 14:26:35.617000;1;103058;1;1;32800.0000;1;40408.0000;None;436400.0000
15086;2023-03-12 14:26:35.617000;1;106922;1;1;0.0000;1;40408.0000;None;436400.0000
15086;2023-03-12 14:26:35.617000;1;102689;1;1;57800.0000;1;40408.0000;None;436400.0000
15086;2023-03-12 14:26:35.633000;1;109504;1;1;27800.0000;1;40408.0000;None;436400.0000
15086;2023-03-12 14:26:35.633000;1;102927;1;1;66800.0000;1;40408.0000;None;436400.0000
15086;2023-03-12 14:26:35.633000;6;105509;1;1;0.0000;1;40408.0000;None;436400.0000
15086;2023-03-12 14:26:35.633000;6;105090;1;1;0.0000;1;40408.0000;None;436400.0000
15086;2023-03-12 14:26:35.633000;6;101546;1;1;0.0000;1;40408.0000;None;436400.0000
15086;2023-03-12 14:26:35.633000;1;103714;1;1;59800.0000;1;40408.0000;None;436400.0000
15086;2023-03-12 14:26:35.633000;1;101321;1;1;26800.0000;1;40408.0000;None;436400.0000
15086;2023-03-12 14:26:35.633000;7;1020;1;1;0.0000;1;40408.0000;None;436400.0000
15086;2023-03-12 14:26:35.633000;7;1026;1;1;0.0000;1;40408.0000;None;436400.0000
15086;2023-03-12 14:26:35.633000;7;1030;1;1;0.0000;1;40408.0000;None;436400.0000
15086;2023-03-12 14:26:35.633000;7;1030;1;1;0.0000;1;40408.0000;None;436400.0000
15086;2023-03-12 14:39:00.587000;7;1220;1;1;0.0000;1;40408.0000;None;436400.0000
15086;2023-03-12 14:39:00.587000;7;1220;1;1;0.0000;1;40408.0000;None;436400.0000
15086;2023-03-12 14:52:59.337000;3;201211;1;1;5800.0000;1;40408.0000;None;436400.0000
15086;2023-03-12 14:52:59.337000;3;201146;1;1;6800.0000;1;40408.0000;None;436400.0000
15086;2023-03-12 15:12:09.067000;1;104004;1;1;15800.0000;1;40408.0000;None;436400.0000
15086;2023-03-12 15:12:09.067000;1;101088;1;1;2800.0000;1;40408.0000;None;436400.0000
15086;2023-03-12 15:18:27.993000;1;103780;1;1;16800.0000;1;40408.0000;None;436400.0000
15086;2023-03-12 15:18:55.360000;3;100613;1;1;5800.0000;1;40408.0000;None;436400.0000
15086;2023-03-12 15:18:55.360000;3;100613;1;1;5800.0000;1;40408.0000;None;436400.0000
15086;2023-03-12 15:18:55.360000;3;100614;1;1;5800.0000;1;40408.0000;None;436400.0000
15087;2023-03-12 14:11:06.627000;1;108429;1;1;69800.0000;1;26519.0000;None;286400.0000
15087;2023-03-12 14:11:06.627000;1;102447;1;1;16800.0000;1;26519.0000;None;286400.0000
15087;2023-03-12 14:11:06.627000;3;102616;1;1;6800.0000;1;26519.0000;None;286400.0000
15087;2023-03-12 14:11:06.627000;3;102616;1;1;6800.0000;1;26519.0000;None;286400.0000
15087;2023-03-12 14:11:06.627000;3;104446;1;1;5800.0000;1;26519.0000;None;286400.0000
15087;2023-03-12 14:11:06.627000;3;201146;1;1;6800.0000;1;26519.0000;None;286400.0000
15087;2023-03-12 14:20:13.847000;1;109505;1;1;19800.0000;1;26519.0000;None;286400.0000
15087;2023-03-12 14:20:13.847000;1;109505;1;1;19800.0000;1;26519.0000;None;286400.0000
15087;2023-03-12 14:20:13.847000;1;101321;1;1;26800.0000;1;26519.0000;None;286400.0000
15087;2023-03-12 14:20:13.847000;7;1026;1;1;0.0000;1;26519.0000;None;286400.0000
15087;2023-03-12 14:20:13.847000;1;102971;1;1;89800.0000;1;26519.0000;None;286400.0000
15087;2023-03-12 14:20:13.847000;7;1020;1;1;0.0000;1;26519.0000;None;286400.0000
15087;2023-03-12 14:20:13.847000;7;1020;1;1;0.0000;1;26519.0000;None;286400.0000
15087;2023-03-12 14:55:47.497000;3;201206;1;1;6800.0000;1;26519.0000;None;286400.0000
15087;2023-03-12 15:07:25.407000;3;100614;1;1;5800.0000;1;26519.0000;None;286400.0000
15087;2023-03-12 15:07:25.407000;3;104554;1;1;4800.0000;1;26519.0000;None;286400.0000
15088;2023-03-12 14:12:54.570000;1;101323;1;1;29800.0000;1;None;None;29800.0000
15088;2023-03-12 14:12:54.570000;7;1135;1;1;0.0000;1;None;None;29800.0000
15088;2023-03-12 14:12:54.570000;7;1157;1;1;0.0000;1;None;None;29800.0000
15088;2023-03-12 14:12:54.570000;7;1157;1;1;0.0000;1;None;None;29800.0000
15088;2023-03-12 14:12:54.570000;6;101613;1;1;0.0000;1;None;None;29800.0000
15089;2023-03-12 14:32:20.550000;2;108836;1;1;30800.0000;1;17833.0000;None;192600.0000
15089;2023-03-12 14:32:20.550000;3;201269;1;1;6800.0000;1;17833.0000;None;192600.0000
15089;2023-03-12 14:32:20.550000;3;108191;1;1;0.0000;1;17833.0000;None;192600.0000
15089;2023-03-12 14:32:30.573000;8;100953;1;1;44800.0000;1;17833.0000;None;192600.0000
15089;2023-03-12 14:32:30.573000;8;103028;1;1;56800.0000;1;17833.0000;None;192600.0000
15089;2023-03-12 14:33:35.477000;8;102798;1;1;48800.0000;1;17833.0000;None;192600.0000
15089;2023-03-12 14:36:30.870000;8;104938;1;1;41800.0000;1;17833.0000;None;192600.0000
15089;2023-03-12 14:36:44.693000;8;102798;1;-1;-48800.0000;1;17833.0000;None;192600.0000
15089;2023-03-12 15:34:01.627000;3;100614;1;1;5800.0000;1;17833.0000;None;192600.0000
15089;2023-03-12 15:34:01.627000;3;100614;1;1;5800.0000;1;17833.0000;None;192600.0000
15090;2023-03-12 14:51:13.523000;1;102924;1;1;18800.0000;1;24833.0000;None;268200.0000
15090;2023-03-12 14:51:13.523000;1;102924;1;1;18800.0000;1;24833.0000;None;268200.0000
15090;2023-03-12 14:51:43.563000;2;201615;1;1;14800.0000;1;24833.0000;None;268200.0000
15090;2023-03-12 14:51:43.563000;2;101878;1;1;29800.0000;1;24833.0000;None;268200.0000
15090;2023-03-12 14:51:43.563000;3;201211;1;1;5800.0000;1;24833.0000;None;268200.0000
15090;2023-03-12 14:51:43.563000;7;2042;1;1;0.0000;1;24833.0000;None;268200.0000
15090;2023-03-12 15:01:05.733000;1;108435;1;1;26800.0000;1;24833.0000;None;268200.0000
15090;2023-03-12 15:01:23.900000;1;103596;1;1;79800.0000;1;24833.0000;None;268200.0000
15090;2023-03-12 15:01:23.900000;1;103712;1;1;38800.0000;1;24833.0000;None;268200.0000
15090;2023-03-12 15:01:23.900000;8;102692;1;1;34800.0000;1;24833.0000;None;268200.0000
15090;2023-03-12 15:16:02.443000;6;101613;1;10;0.0000;1;24833.0000;None;268200.0000
15091;2023-03-12 14:57:33.493000;1;101929;1;1;16800.0000;1;14685.0000;None;158600.0000
15091;2023-03-12 15:03:11.390000;3;201237;1;2;11600.0000;1;14685.0000;None;158600.0000
15091;2023-03-12 15:03:11.390000;3;101641;1;1;0.0000;1;14685.0000;None;158600.0000
15091;2023-03-12 15:03:11.390000;3;101641;1;1;0.0000;1;14685.0000;None;158600.0000
15091;2023-03-12 15:03:11.390000;7;1207;1;1;0.0000;1;14685.0000;None;158600.0000
15091;2023-03-12 15:03:11.390000;1;102927;1;1;66800.0000;1;14685.0000;None;158600.0000
15091;2023-03-12 15:03:11.390000;6;101546;1;1;0.0000;1;14685.0000;None;158600.0000
15091;2023-03-12 15:03:11.390000;6;105090;1;1;0.0000;1;14685.0000;None;158600.0000
15091;2023-03-12 15:03:11.390000;6;105509;1;1;0.0000;1;14685.0000;None;158600.0000
15091;2023-03-12 15:03:11.390000;8;103867;1;1;28800.0000;1;14685.0000;None;158600.0000
15091;2023-03-12 15:03:11.390000;7;1020;1;1;0.0000;1;14685.0000;None;158600.0000
15091;2023-03-12 15:03:11.390000;7;1020;1;1;0.0000;1;14685.0000;None;158600.0000
15091;2023-03-12 15:29:00.627000;8;103867;1;1;28800.0000;1;14685.0000;None;158600.0000
15091;2023-03-12 15:34:19.450000;3;201237;1;1;5800.0000;1;14685.0000;None;158600.0000
15091;2023-03-12 15:34:19.450000;3;101641;1;1;0.0000;1;14685.0000;None;158600.0000
15092;2023-03-12 15:20:35.377000;3;201211;1;1;5800.0000;1;9167.0000;None;99000.0000
15092;2023-03-12 15:20:35.377000;3;200644;1;1;6800.0000;1;9167.0000;None;99000.0000
15092;2023-03-12 15:20:35.377000;3;101641;1;1;0.0000;1;9167.0000;None;99000.0000
15092;2023-03-12 15:20:35.377000;8;103867;1;1;28800.0000;1;9167.0000;None;99000.0000
15092;2023-03-12 15:20:35.377000;8;103867;1;1;28800.0000;1;9167.0000;None;99000.0000
15092;2023-03-12 15:20:35.377000;7;1020;1;1;0.0000;1;9167.0000;None;99000.0000
15092;2023-03-12 15:30:07.467000;1;104240;1;1;28800.0000;1;9167.0000;None;99000.0000
15093;2023-03-12 15:42:21.537000;8;103022;1;1;69800.0000;1;34037.0000;None;367600.0000
15093;2023-03-12 15:42:21.537000;7;1135;1;1;0.0000;1;34037.0000;None;367600.0000
15093;2023-03-12 15:44:30.953000;2;200478;1;1;14800.0000;1;34037.0000;None;367600.0000
15093;2023-03-12 15:44:30.953000;2;200478;1;1;14800.0000;1;34037.0000;None;367600.0000
15093;2023-03-12 15:44:30.953000;1;101927;1;1;129800.0000;1;34037.0000;None;367600.0000
15093;2023-03-12 15:44:30.953000;1;102926;1;1;62800.0000;1;34037.0000;None;367600.0000
15093;2023-03-12 15:44:30.953000;1;106337;1;1;0.0000;1;34037.0000;None;367600.0000
15093;2023-03-12 15:44:30.953000;1;105010;1;1;0.0000;1;34037.0000;None;367600.0000
15093;2023-03-12 15:44:30.953000;6;105509;2;1;0.0000;1;34037.0000;None;367600.0000
15093;2023-03-12 15:44:30.953000;6;105081;1;1;0.0000;1;34037.0000;None;367600.0000
15093;2023-03-12 15:44:30.953000;6;101546;2;1;0.0000;1;34037.0000;None;367600.0000
15093;2023-03-12 15:44:30.953000;1;102923;1;1;68800.0000;1;34037.0000;None;367600.0000
15093;2023-03-12 15:44:30.953000;7;1020;1;1;0.0000;1;34037.0000;None;367600.0000
15093;2023-03-12 15:44:30.953000;7;1020;1;1;0.0000;1;34037.0000;None;367600.0000
15093;2023-03-12 15:47:15.757000;3;201146;1;1;6800.0000;1;34037.0000;None;367600.0000
15093;2023-03-12 15:47:15.757000;7;1207;1;1;0.0000;1;34037.0000;None;367600.0000
21563;2023-03-12 12:25:00.040000;1;103596;1;1;79800.0000;1;None;None;79800.0000
21563;2023-03-12 12:31:47.473000;1;103596;1;1;79800.0000;1;None;None;79800.0000
21563;2023-03-12 12:31:47.473000;1;105010;1;1;0.0000;1;None;None;79800.0000
21563;2023-03-12 12:31:47.473000;1;106337;1;1;0.0000;1;None;None;79800.0000
21563;2023-03-12 12:31:47.473000;7;1157;1;1;0.0000;1;None;None;79800.0000
21563;2023-03-12 12:31:47.473000;7;1135;1;1;0.0000;1;None;None;79800.0000
21563;2023-03-12 12:31:47.473000;1;103596;1;-1;-79800.0000;1;None;None;79800.0000
21563;2023-03-12 12:31:47.473000;7;1135;1;-1;0.0000;1;None;None;79800.0000
21565;2023-03-12 18:13:46.390000;8;101953;1;1;43800.0000;1;7556.0000;None;81600.0000
21565;2023-03-12 18:13:46.390000;8;103615;1;1;37800.0000;1;7556.0000;None;81600.0000
