7082;2023-03-13 12:23:20.347000;3;201146;1;1;6800.0000;1;15445.0000;None;166800.0000
7082;2023-03-13 12:23:20.347000;7;2050;1;1;0.0000;1;15445.0000;None;166800.0000
7082;2023-03-13 12:23:20.347000;3;102635;1;1;8800.0000;1;15445.0000;None;166800.0000
7082;2023-03-13 12:23:20.347000;8;103022;1;1;69800.0000;1;15445.0000;None;166800.0000
7082;2023-03-13 12:23:20.347000;8;101953;1;1;43800.0000;1;15445.0000;None;166800.0000
7082;2023-03-13 12:23:20.347000;8;103867;1;1;28800.0000;1;15445.0000;None;166800.0000
7082;2023-03-13 12:23:20.347000;7;1020;1;1;0.0000;1;15445.0000;None;166800.0000
7082;2023-03-13 12:23:20.347000;7;1040;1;1;0.0000;1;15445.0000;None;166800.0000
7082;2023-03-13 12:39:24.263000;3;102635;1;1;8800.0000;1;15445.0000;None;166800.0000
7082;2023-03-13 12:39:24.263000;7;2042;1;1;0.0000;1;15445.0000;None;166800.0000
7084;2023-03-13 12:59:37.370000;3;201206;1;1;6800.0000;1;20648.0000;None;223000.0000
7084;2023-03-13 12:59:37.370000;3;201211;1;1;5800.0000;1;20648.0000;None;223000.0000
7084;2023-03-13 12:59:37.370000;3;201269;1;1;6800.0000;1;20648.0000;None;223000.0000
7084;2023-03-13 12:59:37.370000;3;101641;1;1;0.0000;1;20648.0000;None;223000.0000
7084;2023-03-13 12:59:37.370000;3;200644;1;1;6800.0000;1;20648.0000;None;223000.0000
7084;2023-03-13 12:59:37.370000;3;101641;1;1;0.0000;1;20648.0000;None;223000.0000
7084;2023-03-13 13:04:17.153000;1;102456;1;1;16800.0000;1;20648.0000;None;223000.0000
7084;2023-03-13 13:04:17.153000;1;102458;1;1;19800.0000;1;20648.0000;None;223000.0000
7084;2023-03-13 13:05:58.450000;1;109509;1;1;43800.0000;1;20648.0000;None;223000.0000
7084;2023-03-13 13:05:58.450000;1;109511;1;1;46800.0000;1;20648.0000;None;223000.0000
7084;2023-03-13 13:05:58.450000;1;101323;1;1;29800.0000;1;20648.0000;None;223000.0000
7084;2023-03-13 13:05:58.450000;1;102395;1;1;39800.0000;1;20648.0000;None;223000.0000
7084;2023-03-13 13:05:58.450000;7;1020;1;1;0.0000;1;20648.0000;None;223000.0000
7084;2023-03-13 13:05:58.450000;7;1020;1;1;0.0000;1;20648.0000;None;223000.0000
7084;2023-03-13 13:05:58.450000;7;1030;1;1;0.0000;1;20648.0000;None;223000.0000
7086;2023-03-13 13:02:45.090000;2;200627;1;1;70800.0000;1;28130.0000;None;303800.0000
7086;2023-03-13 13:17:54.917000;8;102052;1;1;62800.0000;1;28130.0000;None;303800.0000
7086;2023-03-13 13:18:10.693000;8;104655;1;1;38800.0000;1;28130.0000;None;303800.0000
7086;2023-03-13 13:18:10.693000;8;102800;1;1;69800.0000;1;28130.0000;None;303800.0000
7086;2023-03-13 13:18:10.693000;7;1020;1;1;0.0000;1;28130.0000;None;303800.0000
7086;2023-03-13 14:12:44.157000;2;108836;1;1;30800.0000;1;28130.0000;None;303800.0000
7086;2023-03-13 14:12:44.157000;2;108836;1;1;30800.0000;1;28130.0000;None;303800.0000
7087;2023-03-13 13:12:38.463000;2;108836;1;1;30800.0000;1;20019.0000;None;216200.0000
7087;2023-03-13 13:12:38.463000;2;108836;1;1;30800.0000;1;20019.0000;None;216200.0000
7087;2023-03-13 13:12:38.463000;3;201146;1;1;6800.0000;1;20019.0000;None;216200.0000
7087;2023-03-13 13:12:38.463000;3;101641;1;1;0.0000;1;20019.0000;None;216200.0000
7087;2023-03-13 13:12:46.083000;8;107333;1;1;69800.0000;1;20019.0000;None;216200.0000
7087;2023-03-13 13:12:46.083000;8;103867;1;1;28800.0000;1;20019.0000;None;216200.0000
7087;2023-03-13 13:44:12.057000;1;102924;1;1;18800.0000;1;20019.0000;None;216200.0000
7087;2023-03-13 13:44:12.057000;1;102457;1;1;18800.0000;1;20019.0000;None;216200.0000
7087;2023-03-13 14:16:32.770000;3;100613;1;1;5800.0000;1;20019.0000;None;216200.0000
7087;2023-03-13 14:16:32.770000;3;100613;1;1;5800.0000;1;20019.0000;None;216200.0000
7088;2023-03-13 13:21:56.497000;2;201615;1;1;14800.0000;1;16685.0000;None;180200.0000
7088;2023-03-13 13:21:56.497000;3;201211;1;1;5800.0000;1;16685.0000;None;180200.0000
7088;2023-03-13 13:26:39.603000;1;102457;1;1;18800.0000;1;16685.0000;None;180200.0000
7088;2023-03-13 13:26:39.603000;7;1135;1;1;0.0000;1;16685.0000;None;180200.0000
7088;2023-03-13 13:30:20.610000;8;107334;1;1;86800.0000;1;16685.0000;None;180200.0000
7088;2023-03-13 13:30:20.610000;1;101929;1;1;16800.0000;1;16685.0000;None;180200.0000
7088;2023-03-13 13:31:09.837000;1;102925;1;1;12800.0000;1;16685.0000;None;180200.0000
7088;2023-03-13 13:31:09.837000;1;102925;1;1;12800.0000;1;16685.0000;None;180200.0000
7088;2023-03-13 13:31:09.837000;7;1135;1;1;0.0000;1;16685.0000;None;180200.0000
7088;2023-03-13 13:49:24.650000;7;2004;2;20;0.0000;1;16685.0000;None;180200.0000
7088;2023-03-13 14:05:07.930000;3;100596;1;1;5800.0000;1;16685.0000;None;180200.0000
7088;2023-03-13 14:05:07.930000;3;100999;1;1;5800.0000;1;16685.0000;None;180200.0000
7089;2023-03-13 18:06:56.813000;2;202496;1;1;145800.0000;1;27889.0000;None;301200.0000
7089;2023-03-13 18:06:56.813000;1;108429;1;1;69800.0000;1;27889.0000;None;301200.0000
7089;2023-03-13 18:18:13.460000;8;104938;1;1;41800.0000;1;27889.0000;None;301200.0000
7089;2023-03-13 18:18:13.460000;8;101953;1;1;43800.0000;1;27889.0000;None;301200.0000
7089;2023-03-13 18:18:13.460000;7;1020;1;1;0.0000;1;27889.0000;None;301200.0000
7089;2023-03-13 18:18:13.460000;7;1030;1;1;0.0000;1;27889.0000;None;301200.0000
7090;2023-03-13 19:08:37.677000;2;105451;1;1;79800.0000;1;26370.0000;None;284800.0000
7090;2023-03-13 19:08:37.677000;2;200478;1;1;14800.0000;1;26370.0000;None;284800.0000
7090;2023-03-13 19:26:05.843000;1;102459;1;1;18800.0000;1;26370.0000;None;284800.0000
7090;2023-03-13 19:26:24.147000;8;103002;1;3;53400.0000;1;26370.0000;None;284800.0000
7090;2023-03-13 19:26:24.147000;8;102988;1;2;77600.0000;1;26370.0000;None;284800.0000
7090;2023-03-13 19:26:24.147000;8;102995;1;1;21800.0000;1;26370.0000;None;284800.0000
7090;2023-03-13 19:49:30.473000;1;101647;1;1;10800.0000;1;26370.0000;None;284800.0000
7090;2023-03-13 19:49:30.473000;3;103912;1;1;7800.0000;1;26370.0000;None;284800.0000
7091;2023-03-13 21:40:19.463000;3;201269;1;1;6800.0000;1;30667.0000;None;331200.0000
7091;2023-03-13 21:40:19.463000;3;201269;1;1;6800.0000;1;30667.0000;None;331200.0000
7091;2023-03-13 21:40:24.963000;8;102800;1;1;69800.0000;1;30667.0000;None;331200.0000
7091;2023-03-13 21:42:38.750000;8;102997;1;1;11800.0000;1;30667.0000;None;331200.0000
7091;2023-03-13 21:42:38.750000;8;102995;1;1;21800.0000;1;30667.0000;None;331200.0000
7091;2023-03-13 21:42:38.750000;8;103002;1;1;17800.0000;1;30667.0000;None;331200.0000
7091;2023-03-13 21:42:46.443000;8;101026;1;1;35800.0000;1;30667.0000;None;331200.0000
7091;2023-03-13 21:42:46.443000;8;103028;1;1;56800.0000;1;30667.0000;None;331200.0000
7091;2023-03-13 21:42:46.443000;7;1020;1;1;0.0000;1;30667.0000;None;331200.0000
7091;2023-03-13 21:46:11.020000;2;108836;1;1;30800.0000;1;30667.0000;None;331200.0000
7091;2023-03-13 22:02:45.457000;3;100607;1;1;6800.0000;1;30667.0000;None;331200.0000
7091;2023-03-13 22:06:16.067000;8;102999;1;1;17800.0000;1;30667.0000;None;331200.0000
7091;2023-03-13 22:06:16.067000;8;102995;1;1;21800.0000;1;30667.0000;None;331200.0000
7091;2023-03-13 22:15:58.413000;3;102102;1;1;9800.0000;1;30667.0000;None;331200.0000
7091;2023-03-13 22:15:58.413000;1;101891;1;1;16800.0000;1;30667.0000;None;331200.0000
15096;2023-03-13 12:41:51.163000;3;102749;1;1;4800.0000;1;23796.0000;None;257000.0000
15096;2023-03-13 12:41:51.163000;3;102749;1;1;4800.0000;1;23796.0000;None;257000.0000
15096;2023-03-13 12:41:51.163000;7;1207;1;1;0.0000;1;23796.0000;None;257000.0000
15096;2023-03-13 12:41:51.163000;3;201269;1;1;6800.0000;1;23796.0000;None;257000.0000
15096;2023-03-13 12:41:51.163000;3;101641;1;1;0.0000;1;23796.0000;None;257000.0000
15096;2023-03-13 12:42:44.263000;1;104253;1;1;16800.0000;1;23796.0000;None;257000.0000
15096;2023-03-13 12:42:44.263000;1;104869;1;1;79800.0000;1;23796.0000;None;257000.0000
15096;2023-03-13 12:42:44.263000;7;1029;1;1;0.0000;1;23796.0000;None;257000.0000
15096;2023-03-13 12:42:44.263000;7;1029;1;1;0.0000;1;23796.0000;None;257000.0000
15096;2023-03-13 12:45:19.963000;1;101994;1;1;75800.0000;1;23796.0000;None;257000.0000
15096;2023-03-13 12:45:19.963000;8;100954;1;1;39800.0000;1;23796.0000;None;257000.0000
15096;2023-03-13 12:45:19.963000;7;1020;1;1;0.0000;1;23796.0000;None;257000.0000
15096;2023-03-13 12:45:19.963000;7;1030;1;1;0.0000;1;23796.0000;None;257000.0000
15096;2023-03-13 13:11:37.553000;7;1220;1;1;0.0000;1;23796.0000;None;257000.0000
15096;2023-03-13 13:11:46.337000;3;102749;1;1;4800.0000;1;23796.0000;None;257000.0000
15096;2023-03-13 13:17:22.797000;3;201269;1;1;6800.0000;1;23796.0000;None;257000.0000
15096;2023-03-13 13:17:22.797000;3;101641;1;1;0.0000;1;23796.0000;None;257000.0000
15096;2023-03-13 13:43:05.077000;1;103780;1;1;16800.0000;1;23796.0000;None;257000.0000
15097;2023-03-13 12:53:02.347000;3;201206;1;1;6800.0000;1;41111.0000;None;444000.0000
15097;2023-03-13 12:53:02.347000;3;201206;1;1;6800.0000;1;41111.0000;None;444000.0000
15097;2023-03-13 12:53:02.347000;3;102617;1;1;7800.0000;1;41111.0000;None;444000.0000
15097;2023-03-13 12:53:02.347000;3;102748;1;1;15800.0000;1;41111.0000;None;444000.0000
15097;2023-03-13 12:53:02.347000;3;102635;1;1;8800.0000;1;41111.0000;None;444000.0000
15097;2023-03-13 12:53:02.347000;3;102633;1;1;12800.0000;1;41111.0000;None;444000.0000
15097;2023-03-13 12:53:02.347000;7;1207;1;1;0.0000;1;41111.0000;None;444000.0000
15097;2023-03-13 12:53:02.347000;3;102663;1;1;10800.0000;1;41111.0000;None;444000.0000
15097;2023-03-13 12:53:02.347000;8;103867;1;1;28800.0000;1;41111.0000;None;444000.0000
15097;2023-03-13 12:53:02.347000;7;1029;1;1;0.0000;1;41111.0000;None;444000.0000
15097;2023-03-13 13:14:01.937000;1;101050;1;1;49800.0000;1;41111.0000;None;444000.0000
15097;2023-03-13 13:14:01.937000;7;1006;1;1;0.0000;1;41111.0000;None;444000.0000
15097;2023-03-13 13:14:01.937000;8;109318;1;1;40800.0000;1;41111.0000;None;444000.0000
15097;2023-03-13 13:14:01.937000;1;102395;1;1;39800.0000;1;41111.0000;None;444000.0000
15097;2023-03-13 13:14:01.937000;1;102689;1;1;57800.0000;1;41111.0000;None;444000.0000
15097;2023-03-13 13:14:01.937000;1;102923;1;1;68800.0000;1;41111.0000;None;444000.0000
15097;2023-03-13 13:14:01.937000;8;103867;1;1;28800.0000;1;41111.0000;None;444000.0000
15097;2023-03-13 13:14:01.937000;1;103714;1;1;59800.0000;1;41111.0000;None;444000.0000
15097;2023-03-13 13:14:01.937000;7;1020;1;1;0.0000;1;41111.0000;None;444000.0000
15097;2023-03-13 13:14:01.937000;7;1020;1;1;0.0000;1;41111.0000;None;444000.0000
15098;2023-03-13 12:58:20.590000;8;101996;1;1;15800.0000;1;21167.0000;None;228600.0000
15098;2023-03-13 13:03:31.937000;1;102925;1;1;12800.0000;1;21167.0000;None;228600.0000
15098;2023-03-13 13:09:12.053000;2;101728;1;1;33800.0000;1;21167.0000;None;228600.0000
15098;2023-03-13 13:14:10.623000;1;108443;1;1;66800.0000;1;21167.0000;None;228600.0000
15098;2023-03-13 13:14:10.623000;7;1003;2;1;0.0000;1;21167.0000;None;228600.0000
15098;2023-03-13 13:20:05.047000;1;102925;1;1;12800.0000;1;21167.0000;None;228600.0000
15098;2023-03-13 13:22:06.303000;1;108437;1;1;79800.0000;1;21167.0000;None;228600.0000
15098;2023-03-13 13:23:16.037000;3;201146;1;1;6800.0000;1;21167.0000;None;228600.0000
15098;2023-03-13 13:23:16.037000;3;101641;1;1;0.0000;1;21167.0000;None;228600.0000
15098;2023-03-13 13:24:40.490000;1;102925;1;1;12800.0000;1;21167.0000;None;228600.0000
15098;2023-03-13 13:25:20.260000;1;102925;1;-1;-12800.0000;1;21167.0000;None;228600.0000
15099;2023-03-13 13:05:37.333000;3;200644;1;1;6800.0000;1;17889.0000;None;193200.0000
15099;2023-03-13 13:05:37.333000;3;101641;1;1;0.0000;1;17889.0000;None;193200.0000
15099;2023-03-13 13:05:37.333000;3;201211;1;1;5800.0000;1;17889.0000;None;193200.0000
15099;2023-03-13 13:15:21.570000;8;104655;1;1;38800.0000;1;17889.0000;None;193200.0000
15099;2023-03-13 13:15:28.893000;1;102927;1;1;66800.0000;1;17889.0000;None;193200.0000
15099;2023-03-13 13:15:28.893000;6;101546;1;1;0.0000;1;17889.0000;None;193200.0000
15099;2023-03-13 13:15:28.893000;6;105090;1;1;0.0000;1;17889.0000;None;193200.0000
15099;2023-03-13 13:15:28.893000;6;105509;1;1;0.0000;1;17889.0000;None;193200.0000
15099;2023-03-13 13:15:28.893000;1;103536;1;1;39800.0000;1;17889.0000;None;193200.0000
15099;2023-03-13 13:15:28.893000;7;1020;1;1;0.0000;1;17889.0000;None;193200.0000
15099;2023-03-13 13:28:19.517000;3;200644;1;1;6800.0000;1;17889.0000;None;193200.0000
15099;2023-03-13 13:28:19.517000;3;101641;1;1;0.0000;1;17889.0000;None;193200.0000
15099;2023-03-13 14:13:00.047000;1;109317;1;1;16800.0000;1;17889.0000;None;193200.0000
15099;2023-03-13 14:13:00.047000;3;100614;1;1;5800.0000;1;17889.0000;None;193200.0000
15099;2023-03-13 14:13:22.097000;3;201211;1;1;5800.0000;1;17889.0000;None;193200.0000
15100;2023-03-13 13:15:18.033000;3;102747;1;1;4800.0000;1;17111.0000;None;184800.0000
15100;2023-03-13 13:15:18.033000;7;2072;1;1;0.0000;1;17111.0000;None;184800.0000
15100;2023-03-13 13:15:18.033000;1;105023;1;1;55800.0000;1;17111.0000;None;184800.0000
15100;2023-03-13 13:15:18.033000;7;1029;1;1;0.0000;1;17111.0000;None;184800.0000
15100;2023-03-13 13:20:02.877000;1;101048;1;1;44800.0000;1;17111.0000;None;184800.0000
15100;2023-03-13 13:29:23.087000;3;201146;1;1;6800.0000;1;17111.0000;None;184800.0000
15100;2023-03-13 13:29:23.087000;3;101641;1;1;0.0000;1;17111.0000;None;184800.0000
15100;2023-03-13 13:30:25.457000;1;105023;1;1;55800.0000;1;17111.0000;None;184800.0000
15100;2023-03-13 13:58:10.230000;1;103780;1;1;16800.0000;1;17111.0000;None;184800.0000
15101;2023-03-13 15:03:47.897000;3;200644;1;1;6800.0000;1;6796.0000;None;73400.0000
15101;2023-03-13 15:03:47.897000;3;201269;1;1;6800.0000;1;6796.0000;None;73400.0000
15101;2023-03-13 15:03:57.683000;1;109503;1;1;59800.0000;1;6796.0000;None;73400.0000
15102;2023-03-13 17:23:16.910000;3;201211;1;1;5800.0000;1;15315.0000;None;165400.0000
15102;2023-03-13 17:23:16.910000;8;107333;1;1;69800.0000;1;15315.0000;None;165400.0000
15102;2023-03-13 17:23:16.910000;7;1044;1;1;0.0000;1;15315.0000;None;165400.0000
15102;2023-03-13 17:23:16.910000;7;1029;1;1;0.0000;1;15315.0000;None;165400.0000
15102;2023-03-13 17:23:16.910000;7;1001;1;1;0.0000;1;15315.0000;None;165400.0000
15102;2023-03-13 17:23:16.910000;7;1001;1;1;0.0000;1;15315.0000;None;165400.0000
15102;2023-03-13 17:23:16.910000;1;102971;1;1;89800.0000;1;15315.0000;None;165400.0000
15102;2023-03-13 17:23:16.910000;7;1030;1;1;0.0000;1;15315.0000;None;165400.0000
15103;2023-03-13 18:46:12.590000;3;200644;1;1;6800.0000;1;61148.0000;None;660400.0000
15103;2023-03-13 19:00:57;3;201146;1;3;20400.0000;1;61148.0000;None;660400.0000
15103;2023-03-13 19:00:57;3;200644;1;2;13600.0000;1;61148.0000;None;660400.0000
15103;2023-03-13 19:10:12.607000;1;103980;1;1;94800.0000;1;61148.0000;None;660400.0000
15103;2023-03-13 19:10:12.607000;1;102927;1;1;66800.0000;1;61148.0000;None;660400.0000
15103;2023-03-13 19:10:12.607000;6;101546;1;1;0.0000;1;61148.0000;None;660400.0000
15103;2023-03-13 19:10:12.607000;6;105090;1;1;0.0000;1;61148.0000;None;660400.0000
15103;2023-03-13 19:10:12.607000;6;105509;1;1;0.0000;1;61148.0000;None;660400.0000
15103;2023-03-13 19:10:12.607000;8;103023;1;1;47800.0000;1;61148.0000;None;660400.0000
15103;2023-03-13 19:10:12.607000;8;105424;1;1;75800.0000;1;61148.0000;None;660400.0000
15103;2023-03-13 19:10:12.607000;8;102594;1;1;58800.0000;1;61148.0000;None;660400.0000
15103;2023-03-13 19:10:12.607000;7;1020;1;1;0.0000;1;61148.0000;None;660400.0000
15103;2023-03-13 19:10:12.607000;7;1040;1;1;0.0000;1;61148.0000;None;660400.0000
15103;2023-03-13 19:10:12.607000;7;1030;1;1;0.0000;1;61148.0000;None;660400.0000
15103;2023-03-13 19:30:31.947000;2;201363;1;1;137800.0000;1;61148.0000;None;660400.0000
15103;2023-03-13 20:04:13.840000;2;201363;1;1;137800.0000;1;61148.0000;None;660400.0000
15104;2023-03-13 19:07:55.677000;3;201146;1;1;6800.0000;1;15537.0000;None;167800.0000
15104;2023-03-13 19:07:55.677000;3;201146;1;1;6800.0000;1;15537.0000;None;167800.0000
15104;2023-03-13 19:20:25.120000;1;101323;1;1;29800.0000;1;15537.0000;None;167800.0000
15104;2023-03-13 19:20:25.120000;1;102458;1;1;19800.0000;1;15537.0000;None;167800.0000
15104;2023-03-13 19:26:18.427000;8;103028;1;1;56800.0000;1;15537.0000;None;167800.0000
15104;2023-03-13 19:26:18.427000;8;103023;1;1;47800.0000;1;15537.0000;None;167800.0000
15104;2023-03-13 19:26:18.427000;7;1135;1;1;0.0000;1;15537.0000;None;167800.0000
15104;2023-03-13 19:26:18.427000;7;1020;1;1;0.0000;1;15537.0000;None;167800.0000
15104;2023-03-13 19:26:18.427000;7;1030;1;1;0.0000;1;15537.0000;None;167800.0000
15104;2023-03-13 19:55:04.633000;7;1220;1;1;0.0000;1;15537.0000;None;167800.0000
15105;2023-03-13 20:11:48.867000;2;201615;1;1;14800.0000;1;16519.0000;None;178400.0000
15105;2023-03-13 20:11:48.867000;2;201615;1;1;14800.0000;1;16519.0000;None;178400.0000
15105;2023-03-13 20:19:07.657000;8;106867;1;1;29800.0000;1;16519.0000;None;178400.0000
15105;2023-03-13 20:19:07.657000;8;103867;1;1;28800.0000;1;16519.0000;None;178400.0000
15105;2023-03-13 20:19:07.657000;7;1020;1;1;0.0000;1;16519.0000;None;178400.0000
15105;2023-03-13 20:43:25.577000;8;109217;1;5;0.0000;1;16519.0000;None;178400.0000
15105;2023-03-13 20:50:47.507000;8;101953;1;1;43800.0000;1;16519.0000;None;178400.0000
15105;2023-03-13 20:50:54.383000;2;201615;1;1;14800.0000;1;16519.0000;None;178400.0000
15105;2023-03-13 20:50:54.383000;2;201615;1;1;14800.0000;1;16519.0000;None;178400.0000
15105;2023-03-13 21:07:12.013000;1;101891;1;1;16800.0000;1;16519.0000;None;178400.0000
15106;2023-03-13 20:13:54.713000;3;102637;1;1;9800.0000;1;13315.0000;None;143800.0000
15106;2023-03-13 20:13:54.713000;7;2072;1;1;0.0000;1;13315.0000;None;143800.0000
15106;2023-03-13 20:13:54.713000;3;200644;1;1;6800.0000;1;13315.0000;None;143800.0000
15106;2023-03-13 20:13:54.713000;3;101641;1;1;0.0000;1;13315.0000;None;143800.0000
15106;2023-03-13 20:14:14.017000;1;104215;1;1;18800.0000;1;13315.0000;None;143800.0000
15106;2023-03-13 20:14:14.017000;7;1029;1;1;0.0000;1;13315.0000;None;143800.0000
15106;2023-03-13 20:14:14.017000;7;1001;1;1;0.0000;1;13315.0000;None;143800.0000
15106;2023-03-13 20:14:14.017000;7;1001;1;1;0.0000;1;13315.0000;None;143800.0000
15106;2023-03-13 20:14:14.017000;8;101953;1;1;43800.0000;1;13315.0000;None;143800.0000
15106;2023-03-13 20:14:14.017000;8;103023;1;1;47800.0000;1;13315.0000;None;143800.0000
15106;2023-03-13 20:14:14.017000;7;1020;1;1;0.0000;1;13315.0000;None;143800.0000
15106;2023-03-13 20:14:14.017000;7;1030;1;1;0.0000;1;13315.0000;None;143800.0000
15106;2023-03-13 20:51:26.997000;1;109317;1;1;16800.0000;1;13315.0000;None;143800.0000
15107;2023-03-13 20:29:12.760000;3;102748;1;1;15800.0000;1;17648.0000;None;190600.0000
15107;2023-03-13 20:29:12.760000;3;200644;1;1;6800.0000;1;17648.0000;None;190600.0000
15107;2023-03-13 20:29:12.760000;3;101641;1;1;0.0000;1;17648.0000;None;190600.0000
15107;2023-03-13 20:29:21.373000;8;100953;1;1;44800.0000;1;17648.0000;None;190600.0000
15107;2023-03-13 20:29:21.373000;8;103022;1;1;69800.0000;1;17648.0000;None;190600.0000
15107;2023-03-13 20:29:21.373000;8;101953;1;1;43800.0000;1;17648.0000;None;190600.0000
15107;2023-03-13 21:17:54.497000;3;104554;1;1;4800.0000;1;17648.0000;None;190600.0000
15107;2023-03-13 21:17:54.497000;3;104554;1;1;4800.0000;1;17648.0000;None;190600.0000
15108;2023-03-13 20:34:26.557000;2;101728;1;1;33800.0000;1;27167.0000;None;293400.0000
15108;2023-03-13 20:34:26.557000;2;101728;1;1;33800.0000;1;27167.0000;None;293400.0000
15108;2023-03-13 20:34:26.557000;3;201146;1;1;6800.0000;1;27167.0000;None;293400.0000
15108;2023-03-13 20:34:26.557000;3;201146;1;1;6800.0000;1;27167.0000;None;293400.0000
15108;2023-03-13 20:34:26.557000;7;1207;1;1;0.0000;1;27167.0000;None;293400.0000
15108;2023-03-13 20:34:26.557000;1;105023;1;1;55800.0000;1;27167.0000;None;293400.0000
15108;2023-03-13 20:34:26.557000;1;103595;1;1;35800.0000;1;27167.0000;None;293400.0000
15108;2023-03-13 20:48:14.753000;8;100953;1;1;44800.0000;1;27167.0000;None;293400.0000
15108;2023-03-13 20:48:14.753000;8;105424;1;1;75800.0000;1;27167.0000;None;293400.0000
15108;2023-03-13 20:48:14.753000;7;1020;1;1;0.0000;1;27167.0000;None;293400.0000
15108;2023-03-13 20:48:14.753000;7;1030;1;1;0.0000;1;27167.0000;None;293400.0000
15108;2023-03-13 20:55:17.777000;7;1220;1;1;0.0000;1;27167.0000;None;293400.0000
15109;2023-03-13 21:16:18.867000;3;201146;1;1;6800.0000;1;50148.0000;None;541600.0000
15109;2023-03-13 21:16:18.867000;3;102637;1;1;9800.0000;1;50148.0000;None;541600.0000
15109;2023-03-13 21:17:31.743000;8;101996;1;1;15800.0000;1;50148.0000;None;541600.0000
15109;2023-03-13 21:17:31.743000;8;101996;1;1;15800.0000;1;50148.0000;None;541600.0000
15109;2023-03-13 21:17:31.743000;7;1029;1;1;0.0000;1;50148.0000;None;541600.0000
15109;2023-03-13 21:17:31.743000;7;1001;1;1;0.0000;1;50148.0000;None;541600.0000
15109;2023-03-13 21:17:31.743000;7;1001;1;1;0.0000;1;50148.0000;None;541600.0000
15109;2023-03-13 21:17:31.743000;8;103746;1;1;39800.0000;1;50148.0000;None;541600.0000
15109;2023-03-13 21:17:31.743000;8;103746;1;1;39800.0000;1;50148.0000;None;541600.0000
15109;2023-03-13 21:17:31.743000;8;104655;1;1;38800.0000;1;50148.0000;None;541600.0000
15109;2023-03-13 21:17:31.743000;1;103075;1;1;57800.0000;1;50148.0000;None;541600.0000
15109;2023-03-13 21:17:31.743000;1;102239;1;1;5800.0000;1;50148.0000;None;541600.0000
15109;2023-03-13 21:17:31.743000;1;102239;1;1;5800.0000;1;50148.0000;None;541600.0000
15109;2023-03-13 21:17:31.743000;7;1135;1;1;0.0000;1;50148.0000;None;541600.0000
15109;2023-03-13 21:17:31.743000;1;101316;1;1;36800.0000;1;50148.0000;None;541600.0000
15109;2023-03-13 21:17:31.743000;7;1020;1;1;0.0000;1;50148.0000;None;541600.0000
15109;2023-03-13 21:17:31.743000;7;1030;1;1;0.0000;1;50148.0000;None;541600.0000
15109;2023-03-13 21:26:02.190000;2;200128;1;1;341800.0000;1;50148.0000;None;541600.0000
15109;2023-03-13 21:37:42.033000;2;200128;1;-1;-341800.0000;1;50148.0000;None;541600.0000
15109;2023-03-13 21:41:12.883000;2;202267;1;1;268800.0000;1;50148.0000;None;541600.0000
15109;2023-03-13 21:44:49.143000;7;1220;1;1;0.0000;1;50148.0000;None;541600.0000
15110;2023-03-13 21:21:35.820000;3;102748;1;1;15800.0000;1;17370.0000;None;187600.0000
15110;2023-03-13 21:21:35.820000;3;104446;1;1;5800.0000;1;17370.0000;None;187600.0000
15110;2023-03-13 21:21:42.447000;1;104240;1;1;28800.0000;1;17370.0000;None;187600.0000
15110;2023-03-13 21:21:42.447000;1;101929;1;1;16800.0000;1;17370.0000;None;187600.0000
15110;2023-03-13 21:21:53.987000;1;102927;1;1;66800.0000;1;17370.0000;None;187600.0000
15110;2023-03-13 21:21:53.987000;6;101546;1;1;0.0000;1;17370.0000;None;187600.0000
15110;2023-03-13 21:21:53.987000;6;105090;1;1;0.0000;1;17370.0000;None;187600.0000
15110;2023-03-13 21:21:53.987000;6;105509;1;1;0.0000;1;17370.0000;None;187600.0000
15110;2023-03-13 21:21:53.987000;8;103023;1;1;47800.0000;1;17370.0000;None;187600.0000
15110;2023-03-13 21:21:53.987000;7;1020;1;1;0.0000;1;17370.0000;None;187600.0000
15110;2023-03-13 21:21:53.987000;7;1030;1;1;0.0000;1;17370.0000;None;187600.0000
15110;2023-03-13 21:43:27.393000;3;201211;1;1;5800.0000;1;17370.0000;None;187600.0000
15110;2023-03-13 21:45:08.697000;8;109217;1;10;0.0000;1;17370.0000;None;187600.0000
15111;2023-03-13 21:24:33.933000;2;101878;1;2;59600.0000;1;11982.0000;None;129400.0000
15111;2023-03-13 21:36:45.623000;8;102800;1;1;69800.0000;1;11982.0000;None;129400.0000
21567;2023-03-13 17:54:25.207000;8;109318;1;1;40800.0000;1;11167.0000;None;120600.0000
21567;2023-03-13 17:54:25.207000;1;103596;1;1;79800.0000;1;11167.0000;None;120600.0000
