4475;2023-03-09 11:19:51.917000;3;102630;1;1;8800.0000;1;4500.0000;None;48600.0000
4475;2023-03-09 11:19:51.917000;7;2065;1;1;0.0000;1;4500.0000;None;48600.0000
4475;2023-03-09 11:19:51.917000;1;103296;1;1;39800.0000;1;4500.0000;None;48600.0000
4475;2023-03-09 11:19:51.917000;1;108006;1;1;0.0000;1;4500.0000;None;48600.0000
4478;2023-03-09 11:20:53.567000;3;100614;1;1;5800.0000;1;537.0000;None;5800.0000
4490;2023-03-09 18:09:46.210000;1;102128;1;2;5600.0000;1;6944.0000;None;75000.0000
4490;2023-03-09 18:31:25.653000;2;201615;1;1;14800.0000;1;6944.0000;None;75000.0000
4490;2023-03-09 19:09:35.563000;1;103646;1;1;47800.0000;1;6944.0000;None;75000.0000
4490;2023-03-09 19:09:35.563000;6;101511;1;1;0.0000;1;6944.0000;None;75000.0000
4490;2023-03-09 19:29:32.987000;3;200644;1;1;6800.0000;1;6944.0000;None;75000.0000
4490;2023-03-09 19:29:32.987000;1;101270;1;1;0.0000;1;6944.0000;None;75000.0000
4490;2023-03-09 19:29:32.987000;7;2002;1;1;0.0000;1;6944.0000;None;75000.0000
13302;2023-03-09 08:33:16.540000;1;103102;1;1;7800.0000;1;None;None;21400.0000
13302;2023-03-09 08:33:16.540000;7;1157;1;1;0.0000;1;None;None;21400.0000
13302;2023-03-09 08:33:16.540000;1;103102;1;1;7800.0000;1;None;None;21400.0000
13302;2023-03-09 08:33:16.540000;7;1157;1;1;0.0000;1;None;None;21400.0000
13302;2023-03-09 08:33:16.540000;1;104157;1;1;5800.0000;1;None;None;21400.0000
13302;2023-03-09 08:33:16.540000;7;1157;1;1;0.0000;1;None;None;21400.0000
13303;2023-03-09 09:08:56.223000;3;101333;1;1;15800.0000;1;3704.0000;None;40000.0000
13303;2023-03-09 09:08:56.223000;1;100590;1;1;5800.0000;1;3704.0000;None;40000.0000
13303;2023-03-09 09:30:48.630000;3;100614;1;1;5800.0000;1;3704.0000;None;40000.0000
13303;2023-03-09 09:57:04.027000;3;100614;1;1;5800.0000;1;3704.0000;None;40000.0000
13303;2023-03-09 09:57:04.027000;3;201146;1;1;6800.0000;1;3704.0000;None;40000.0000
13305;2023-03-09 09:40:23.113000;3;101333;1;1;15800.0000;1;1907.0000;None;20600.0000
13305;2023-03-09 09:40:23.113000;3;104554;1;1;4800.0000;1;1907.0000;None;20600.0000
13306;2023-03-09 09:40:44.030000;1;102554;1;1;9800.0000;1;1444.0000;None;15600.0000
13306;2023-03-09 09:40:44.030000;6;104374;1;1;0.0000;1;1444.0000;None;15600.0000
13306;2023-03-09 09:40:44.030000;7;1135;1;1;0.0000;1;1444.0000;None;15600.0000
13306;2023-03-09 09:44:40.917000;3;100614;1;1;5800.0000;1;1444.0000;None;15600.0000
13307;2023-03-09 09:58:16.757000;1;102557;1;1;11800.0000;1;2259.0000;None;24400.0000
13307;2023-03-09 09:58:16.757000;6;100523;1;1;0.0000;1;2259.0000;None;24400.0000
13307;2023-03-09 09:58:16.757000;7;1135;1;1;0.0000;1;2259.0000;None;24400.0000
13307;2023-03-09 10:03:42.453000;3;100606;1;1;6800.0000;1;2259.0000;None;24400.0000
13307;2023-03-09 10:03:42.453000;1;100590;1;1;5800.0000;1;2259.0000;None;24400.0000
13307;2023-03-09 10:03:42.453000;7;1020;1;1;0.0000;1;2259.0000;None;24400.0000
13308;2023-03-09 10:07:11.647000;1;103047;1;1;22800.0000;1;2741.0000;None;29600.0000
13308;2023-03-09 10:15:33.077000;3;100606;1;1;6800.0000;1;2741.0000;None;29600.0000
13308;2023-03-09 10:15:33.077000;7;2052;1;1;0.0000;1;2741.0000;None;29600.0000
13308;2023-03-09 10:15:33.077000;7;2009;1;1;0.0000;1;2741.0000;None;29600.0000
13309;2023-03-09 10:23:58.367000;3;201146;1;2;13600.0000;1;3352.0000;None;36200.0000
13309;2023-03-09 10:23:58.367000;3;101333;1;1;15800.0000;1;3352.0000;None;36200.0000
13309;2023-03-09 10:23:58.367000;3;100607;1;1;6800.0000;1;3352.0000;None;36200.0000
13310;2023-03-09 10:31:52.653000;3;100614;1;1;5800.0000;1;1167.0000;None;12600.0000
13310;2023-03-09 10:31:52.653000;3;100607;1;1;6800.0000;1;1167.0000;None;12600.0000
13311;2023-03-09 10:38:45.483000;1;104158;1;1;11800.0000;1;3796.0000;None;41000.0000
13311;2023-03-09 10:38:45.483000;1;104156;1;1;6800.0000;1;3796.0000;None;41000.0000
13311;2023-03-09 10:43:02.743000;3;100606;1;1;6800.0000;1;3796.0000;None;41000.0000
13311;2023-03-09 10:54:05.737000;3;100606;1;1;6800.0000;1;3796.0000;None;41000.0000
13311;2023-03-09 11:21:16.337000;3;100607;1;1;6800.0000;1;3796.0000;None;41000.0000
13311;2023-03-09 11:21:16.337000;6;105082;1;1;2000.0000;1;3796.0000;None;41000.0000
13312;2023-03-09 10:40:30.013000;3;100606;1;1;6800.0000;1;2870.0000;None;31000.0000
13312;2023-03-09 10:40:30.013000;3;100614;1;1;5800.0000;1;2870.0000;None;31000.0000
13312;2023-03-09 11:15:02.610000;3;100614;1;1;5800.0000;1;2870.0000;None;31000.0000
13312;2023-03-09 11:15:02.610000;3;201146;1;1;6800.0000;1;2870.0000;None;31000.0000
13312;2023-03-09 11:16:27.490000;3;100614;1;1;5800.0000;1;2870.0000;None;31000.0000
13313;2023-03-09 10:41:09.663000;3;100606;1;1;6800.0000;1;796.0000;None;8600.0000
13313;2023-03-09 10:41:09.663000;1;102412;1;1;1800.0000;1;796.0000;None;8600.0000
13314;2023-03-09 10:53:30.833000;1;100590;1;3;17400.0000;1;4296.0000;None;46400.0000
13314;2023-03-09 10:53:30.850000;1;101068;1;1;5800.0000;1;4296.0000;None;46400.0000
13314;2023-03-09 10:53:30.850000;3;100613;1;3;17400.0000;1;4296.0000;None;46400.0000
13314;2023-03-09 10:53:30.850000;3;100614;1;1;5800.0000;1;4296.0000;None;46400.0000
13315;2023-03-09 10:54:14.263000;3;100614;1;1;5800.0000;1;5407.0000;None;58400.0000
13315;2023-03-09 10:54:14.263000;3;200644;1;1;6800.0000;1;5407.0000;None;58400.0000
13315;2023-03-09 10:54:14.263000;1;101270;1;1;0.0000;1;5407.0000;None;58400.0000
13315;2023-03-09 12:21:06.380000;1;103250;1;1;45800.0000;1;5407.0000;None;58400.0000
13315;2023-03-09 12:21:06.380000;1;108006;1;1;0.0000;1;5407.0000;None;58400.0000
13316;2023-03-09 10:58:14.170000;3;100606;1;1;6800.0000;1;630.0000;None;6800.0000
13316;2023-03-09 10:58:14.170000;7;2052;1;1;0.0000;1;630.0000;None;6800.0000
13316;2023-03-09 10:58:14.170000;7;2052;1;1;0.0000;1;630.0000;None;6800.0000
13317;2023-03-09 11:01:03.573000;1;104929;1;1;47800.0000;1;None;None;101400.0000
13317;2023-03-09 11:01:03.573000;7;1002;1;1;0.0000;1;None;None;101400.0000
13317;2023-03-09 11:01:03.573000;7;1157;1;1;0.0000;1;None;None;101400.0000
13317;2023-03-09 11:01:03.573000;7;1157;1;1;0.0000;1;None;None;101400.0000
13317;2023-03-09 11:01:03.573000;7;1157;1;1;0.0000;1;None;None;101400.0000
13317;2023-03-09 11:07:37.293000;1;104557;1;1;25800.0000;1;None;None;101400.0000
13317;2023-03-09 11:07:37.293000;1;101503;1;1;0.0000;1;None;None;101400.0000
13317;2023-03-09 11:07:37.293000;7;1135;1;1;0.0000;1;None;None;101400.0000
13317;2023-03-09 11:09:26.777000;1;103272;1;1;27800.0000;1;None;None;101400.0000
13317;2023-03-09 11:09:26.777000;1;108006;1;1;0.0000;1;None;None;101400.0000
13317;2023-03-09 11:09:26.777000;7;1157;1;1;0.0000;1;None;None;101400.0000
13318;2023-03-09 11:01:26.120000;3;100614;1;1;5800.0000;1;2241.0000;None;24200.0000
13318;2023-03-09 11:18:33.340000;3;100614;1;1;5800.0000;1;2241.0000;None;24200.0000
13318;2023-03-09 11:46:11.200000;3;100596;1;1;5800.0000;1;2241.0000;None;24200.0000
13318;2023-03-09 11:46:11.200000;3;201269;1;1;6800.0000;1;2241.0000;None;24200.0000
13318;2023-03-09 11:46:11.200000;7;2002;1;1;0.0000;1;2241.0000;None;24200.0000
13318;2023-03-09 11:46:11.200000;6;101575;1;1;0.0000;1;2241.0000;None;24200.0000
13318;2023-03-09 11:46:11.200000;7;2051;1;1;0.0000;1;2241.0000;None;24200.0000
13319;2023-03-09 11:05:04.017000;3;100596;1;1;5800.0000;1;None;None;11600.0000
13319;2023-03-09 11:05:04.017000;3;100596;1;1;5800.0000;1;None;None;11600.0000
13320;2023-03-09 11:10:36.327000;3;102616;1;1;6800.0000;1;1796.0000;None;19400.0000
13320;2023-03-09 11:10:36.327000;7;2072;1;1;0.0000;1;1796.0000;None;19400.0000
13320;2023-03-09 11:11:52.557000;3;100606;1;1;6800.0000;1;1796.0000;None;19400.0000
13320;2023-03-09 11:11:52.557000;1;100590;1;1;5800.0000;1;1796.0000;None;19400.0000
13321;2023-03-09 11:20:53.567000;3;100606;1;1;6800.0000;1;1796.0000;None;19400.0000
13321;2023-03-09 11:20:53.567000;7;2052;1;1;0.0000;1;1796.0000;None;19400.0000
13321;2023-03-09 11:20:53.567000;7;2028;1;1;0.0000;1;1796.0000;None;19400.0000
13321;2023-03-09 11:20:53.567000;7;2009;1;1;0.0000;1;1796.0000;None;19400.0000
13321;2023-03-09 11:20:53.567000;3;100606;1;1;6800.0000;1;1796.0000;None;19400.0000
13321;2023-03-09 11:20:53.567000;7;2052;1;1;0.0000;1;1796.0000;None;19400.0000
13321;2023-03-09 11:20:53.567000;7;2044;1;1;0.0000;1;1796.0000;None;19400.0000
13321;2023-03-09 11:20:53.567000;7;2089;1;1;0.0000;1;1796.0000;None;19400.0000
13321;2023-03-09 11:20:53.567000;3;100614;1;1;5800.0000;1;1796.0000;None;19400.0000
13321;2023-03-09 11:20:53.567000;7;2034;1;1;0.0000;1;1796.0000;None;19400.0000
13322;2023-03-09 11:21:07.093000;3;100606;1;1;6800.0000;1;6019.0000;None;65000.0000
13322;2023-03-09 11:21:07.093000;3;100614;1;1;5800.0000;1;6019.0000;None;65000.0000
13322;2023-03-09 11:21:07.093000;7;2052;1;200;0.0000;1;6019.0000;None;65000.0000
13322;2023-03-09 11:31:13.237000;1;103296;1;1;39800.0000;1;6019.0000;None;65000.0000
13322;2023-03-09 11:31:13.237000;1;108006;1;1;0.0000;1;6019.0000;None;65000.0000
13322;2023-03-09 11:31:13.237000;7;1039;1;1;0.0000;1;6019.0000;None;65000.0000
13322;2023-03-09 11:37:37.663000;3;100606;1;1;6800.0000;1;6019.0000;None;65000.0000
13322;2023-03-09 11:37:37.663000;7;2052;1;1;0.0000;1;6019.0000;None;65000.0000
13322;2023-03-09 11:37:37.663000;7;2052;1;1;0.0000;1;6019.0000;None;65000.0000
13322;2023-03-09 11:44:17.637000;3;100614;1;1;5800.0000;1;6019.0000;None;65000.0000
13323;2023-03-09 11:23:42.077000;3;100606;1;1;6800.0000;1;1259.0000;None;13600.0000
13323;2023-03-09 11:23:42.077000;7;2009;1;1;0.0000;1;1259.0000;None;13600.0000
13323;2023-03-09 11:23:42.077000;3;100606;1;1;6800.0000;1;1259.0000;None;13600.0000
13324;2023-03-09 11:26:33.413000;3;101231;1;1;5800.0000;1;537.0000;None;5800.0000
13325;2023-03-09 11:29:26.247000;3;100606;1;1;6800.0000;1;1796.0000;None;19400.0000
13325;2023-03-09 11:29:26.247000;3;100614;1;1;5800.0000;1;1796.0000;None;19400.0000
13325;2023-03-09 11:29:26.247000;3;200644;1;1;6800.0000;1;1796.0000;None;19400.0000
13325;2023-03-09 11:29:26.247000;7;2002;1;1;0.0000;1;1796.0000;None;19400.0000
13325;2023-03-09 11:29:26.247000;1;101270;1;1;0.0000;1;1796.0000;None;19400.0000
13326;2023-03-09 11:30:15.837000;3;100606;1;1;6800.0000;1;630.0000;None;6800.0000
13326;2023-03-09 11:30:15.837000;7;2052;1;1;0.0000;1;630.0000;None;6800.0000
13326;2023-03-09 11:30:15.837000;7;2009;1;1;0.0000;1;630.0000;None;6800.0000
13327;2023-03-09 11:32:57.080000;3;100614;1;1;5800.0000;1;1074.0000;None;11600.0000
13327;2023-03-09 11:32:57.080000;3;101231;1;1;5800.0000;1;1074.0000;None;11600.0000
13328;2023-03-09 11:36:59.140000;3;102635;1;1;8800.0000;1;2074.0000;None;22400.0000
13328;2023-03-09 11:36:59.140000;3;200644;1;1;6800.0000;1;2074.0000;None;22400.0000
13328;2023-03-09 11:36:59.140000;3;100606;1;1;6800.0000;1;2074.0000;None;22400.0000
13328;2023-03-09 11:36:59.140000;7;2028;1;1;0.0000;1;2074.0000;None;22400.0000
13329;2023-03-09 11:38:14.547000;3;100606;1;1;6800.0000;1;1981.0000;None;21400.0000
13329;2023-03-09 11:38:14.547000;7;2009;1;1;0.0000;1;1981.0000;None;21400.0000
13329;2023-03-09 11:41:13.177000;1;103102;1;1;7800.0000;1;1981.0000;None;21400.0000
13329;2023-03-09 11:43:37.287000;3;100606;1;1;6800.0000;1;1981.0000;None;21400.0000
13329;2023-03-09 11:43:37.287000;7;2052;1;1;0.0000;1;1981.0000;None;21400.0000
13329;2023-03-09 11:43:37.287000;7;2052;1;1;0.0000;1;1981.0000;None;21400.0000
13332;2023-03-09 11:46:28.287000;3;100613;1;2;11600.0000;1;1074.0000;None;11600.0000
13332;2023-03-09 11:46:28.287000;7;2044;1;1;0.0000;1;1074.0000;None;11600.0000
13333;2023-03-09 11:47:07.310000;1;103961;1;1;16800.0000;1;None;None;16800.0000
13333;2023-03-09 11:47:07.310000;7;1157;1;1;0.0000;1;None;None;16800.0000
13334;2023-03-09 11:47:45.357000;3;100606;1;1;6800.0000;1;1259.0000;None;13600.0000
13334;2023-03-09 12:03:21.377000;3;100606;1;1;6800.0000;1;1259.0000;None;13600.0000
13334;2023-03-09 12:03:21.377000;7;2052;1;1;0.0000;1;1259.0000;None;13600.0000
13334;2023-03-09 12:03:21.377000;7;2052;1;1;0.0000;1;1259.0000;None;13600.0000
13334;2023-03-09 12:03:21.377000;7;2009;1;1;0.0000;1;1259.0000;None;13600.0000
13335;2023-03-09 11:54:08.100000;3;102635;1;1;8800.0000;1;1352.0000;None;14600.0000
13335;2023-03-09 12:01:08.753000;3;100614;1;1;5800.0000;1;1352.0000;None;14600.0000
13336;2023-03-09 11:56:39.090000;3;102616;1;1;6800.0000;1;1259.0000;None;13600.0000
13336;2023-03-09 12:04:55.690000;3;201211;1;1;6800.0000;1;1259.0000;None;13600.0000
13336;2023-03-09 12:04:55.690000;7;2002;1;1;0.0000;1;1259.0000;None;13600.0000
13338;2023-03-09 11:57:59.153000;3;100606;1;1;6800.0000;1;1259.0000;None;13600.0000
13338;2023-03-09 11:57:59.153000;7;2009;1;1;0.0000;1;1259.0000;None;13600.0000
13338;2023-03-09 11:57:59.153000;7;2033;1;1;0.0000;1;1259.0000;None;13600.0000
13338;2023-03-09 11:57:59.153000;3;100606;1;1;6800.0000;1;1259.0000;None;13600.0000
13339;2023-03-09 12:00:09.863000;3;100606;1;2;13600.0000;1;2685.0000;None;29000.0000
13339;2023-03-09 12:00:09.863000;1;100590;1;1;5800.0000;1;2685.0000;None;29000.0000
13339;2023-03-09 12:00:09.863000;1;101458;1;1;3800.0000;1;2685.0000;None;29000.0000
13339;2023-03-09 12:00:09.863000;7;1011;1;1;0.0000;1;2685.0000;None;29000.0000
13339;2023-03-09 12:00:09.863000;1;100590;1;1;5800.0000;1;2685.0000;None;29000.0000
13341;2023-03-09 12:04:23.677000;3;101656;1;1;5800.0000;1;537.0000;None;5800.0000
13341;2023-03-09 12:04:23.677000;7;2009;1;1;0.0000;1;537.0000;None;5800.0000
13341;2023-03-09 12:04:23.677000;7;2052;1;1;0.0000;1;537.0000;None;5800.0000
13342;2023-03-09 12:07:48.010000;1;103273;1;1;41800.0000;1;6167.0000;None;66600.0000
13342;2023-03-09 12:07:48.010000;1;108006;1;1;0.0000;1;6167.0000;None;66600.0000
13342;2023-03-09 12:15:18.980000;2;105918;1;1;24800.0000;1;6167.0000;None;66600.0000
13343;2023-03-09 12:10:55.437000;1;202712;1;1;34800.0000;1;5482.0000;None;59200.0000
13343;2023-03-09 12:10:55.437000;1;108008;1;1;0.0000;1;5482.0000;None;59200.0000
13343;2023-03-09 12:10:55.437000;1;106270;1;1;0.0000;1;5482.0000;None;59200.0000
13343;2023-03-09 12:10:55.437000;1;106277;2;1;0.0000;1;5482.0000;None;59200.0000
13343;2023-03-09 12:11:28.383000;3;201211;1;1;6800.0000;1;5482.0000;None;59200.0000
13343;2023-03-09 12:11:28.383000;7;2065;1;1;0.0000;1;5482.0000;None;59200.0000
13343;2023-03-09 12:01:02.780000;3;102641;1;1;10800.0000;1;5482.0000;None;59200.0000
13343;2023-03-09 12:01:02.780000;7;2028;1;1;0.0000;1;5482.0000;None;59200.0000
13343;2023-03-09 12:43:38.633000;3;201211;1;1;6800.0000;1;5482.0000;None;59200.0000
13343;2023-03-09 12:43:38.633000;7;2065;1;1;0.0000;1;5482.0000;None;59200.0000
13344;2023-03-09 12:13:07.727000;1;104929;1;1;47800.0000;1;None;None;47800.0000
13344;2023-03-09 12:13:07.727000;7;1157;1;1;0.0000;1;None;None;47800.0000
13344;2023-03-09 12:13:07.727000;7;1158;1;1;0.0000;1;None;None;47800.0000
13345;2023-03-09 12:23:23.290000;3;102635;1;1;8800.0000;1;4074.0000;None;44000.0000
13345;2023-03-09 12:23:23.290000;7;2065;1;1;0.0000;1;4074.0000;None;44000.0000
13345;2023-03-09 12:30:08.790000;3;200644;1;1;6800.0000;1;4074.0000;None;44000.0000
13345;2023-03-09 12:30:08.790000;7;2050;1;1;0.0000;1;4074.0000;None;44000.0000
13345;2023-03-09 12:30:08.790000;7;2051;1;1;0.0000;1;4074.0000;None;44000.0000
13345;2023-03-09 12:30:08.790000;1;101270;1;1;0.0000;1;4074.0000;None;44000.0000
13345;2023-03-09 12:30:08.790000;6;101575;1;1;0.0000;1;4074.0000;None;44000.0000
13345;2023-03-09 12:32:16.697000;1;103759;1;1;10800.0000;1;4074.0000;None;44000.0000
13345;2023-03-09 12:32:16.697000;1;103759;1;1;10800.0000;1;4074.0000;None;44000.0000
13345;2023-03-09 13:28:15.080000;3;100606;1;1;6800.0000;1;4074.0000;None;44000.0000
13345;2023-03-09 13:28:15.080000;7;2052;1;1;0.0000;1;4074.0000;None;44000.0000
13345;2023-03-09 13:28:15.080000;7;2052;1;1;0.0000;1;4074.0000;None;44000.0000
13346;2023-03-09 12:24:37.267000;3;100614;1;1;5800.0000;1;1074.0000;None;11600.0000
13346;2023-03-09 12:24:37.267000;3;101231;1;1;5800.0000;1;1074.0000;None;11600.0000
13347;2023-03-09 12:27:55.280000;1;103771;1;1;29800.0000;1;3389.0000;None;36600.0000
13347;2023-03-09 12:27:55.280000;3;201269;1;1;6800.0000;1;3389.0000;None;36600.0000
13347;2023-03-09 12:27:55.280000;1;101270;1;1;0.0000;1;3389.0000;None;36600.0000
13347;2023-03-09 12:27:55.280000;7;2002;1;1;0.0000;1;3389.0000;None;36600.0000
13348;2023-03-09 12:32:41.717000;1;103290;1;1;31800.0000;1;5833.0000;None;63000.0000
13348;2023-03-09 12:32:41.717000;1;108005;1;1;0.0000;1;5833.0000;None;63000.0000
13348;2023-03-09 12:32:41.717000;1;103992;1;1;6800.0000;1;5833.0000;None;63000.0000
13348;2023-03-09 12:44:36.620000;3;100606;1;1;6800.0000;1;5833.0000;None;63000.0000
13348;2023-03-09 12:44:36.620000;3;102635;1;2;17600.0000;1;5833.0000;None;63000.0000
13348;2023-03-09 12:44:36.620000;7;1207;1;2;0.0000;1;5833.0000;None;63000.0000
13349;2023-03-09 12:40:10.587000;3;100613;1;1;5800.0000;1;537.0000;None;5800.0000
13349;2023-03-09 12:40:10.587000;7;2052;1;200;0.0000;1;537.0000;None;5800.0000
13350;2023-03-09 12:40:58.410000;3;201146;1;1;6800.0000;1;10019.0000;None;108200.0000
13350;2023-03-09 12:44:17.880000;1;101257;1;1;26800.0000;1;10019.0000;None;108200.0000
13350;2023-03-09 12:44:17.880000;1;101257;1;1;26800.0000;1;10019.0000;None;108200.0000
13350;2023-03-09 12:55:50.260000;1;104929;1;1;47800.0000;1;10019.0000;None;108200.0000
13350;2023-03-09 12:55:50.260000;7;1002;1;1;0.0000;1;10019.0000;None;108200.0000
13351;2023-03-09 12:47:52.687000;3;102663;1;1;10800.0000;1;2074.0000;None;22400.0000
13351;2023-03-09 12:47:52.687000;7;2051;1;1;0.0000;1;2074.0000;None;22400.0000
13351;2023-03-09 12:47:52.687000;7;2002;1;1;0.0000;1;2074.0000;None;22400.0000
13351;2023-03-09 13:02:29.653000;3;104554;1;1;4800.0000;1;2074.0000;None;22400.0000
13351;2023-03-09 13:02:29.653000;3;201211;1;1;6800.0000;1;2074.0000;None;22400.0000
13353;2023-03-09 12:58:02.710000;2;105918;1;1;24800.0000;1;2296.0000;None;24800.0000
13354;2023-03-09 13:05:26.837000;3;100606;1;1;6800.0000;1;3537.0000;None;38200.0000
13354;2023-03-09 13:05:26.837000;7;2052;1;1;0.0000;1;3537.0000;None;38200.0000
13354;2023-03-09 13:05:26.837000;7;2052;1;1;0.0000;1;3537.0000;None;38200.0000
13354;2023-03-09 13:05:26.837000;7;2052;1;1;0.0000;1;3537.0000;None;38200.0000
13354;2023-03-09 13:05:26.837000;3;100613;1;2;11600.0000;1;3537.0000;None;38200.0000
13354;2023-03-09 13:05:26.837000;7;2044;1;1;0.0000;1;3537.0000;None;38200.0000
13354;2023-03-09 13:05:26.837000;7;2052;1;1;0.0000;1;3537.0000;None;38200.0000
13354;2023-03-09 13:05:26.837000;7;2052;1;1;0.0000;1;3537.0000;None;38200.0000
13354;2023-03-09 13:05:26.837000;7;2052;1;1;0.0000;1;3537.0000;None;38200.0000
13354;2023-03-09 13:05:26.837000;3;108532;1;1;7800.0000;1;3537.0000;None;38200.0000
13354;2023-03-09 13:05:26.837000;7;2052;1;1;0.0000;1;3537.0000;None;38200.0000
13354;2023-03-09 13:05:26.837000;7;2052;1;1;0.0000;1;3537.0000;None;38200.0000
13354;2023-03-09 13:05:26.837000;7;2052;1;1;0.0000;1;3537.0000;None;38200.0000
13354;2023-03-09 13:05:26.837000;7;2052;1;1;0.0000;1;3537.0000;None;38200.0000
13354;2023-03-09 13:05:26.837000;7;2052;1;1;0.0000;1;3537.0000;None;38200.0000
13354;2023-03-09 13:05:26.837000;1;102813;1;1;3000.0000;1;3537.0000;None;38200.0000
13354;2023-03-09 13:05:26.837000;1;102813;1;1;3000.0000;1;3537.0000;None;38200.0000
13354;2023-03-09 13:05:26.837000;1;102813;1;1;3000.0000;1;3537.0000;None;38200.0000
13354;2023-03-09 13:05:26.837000;1;102813;1;1;3000.0000;1;3537.0000;None;38200.0000
13355;2023-03-09 13:07:22.947000;1;103637;1;1;36800.0000;1;14000.0000;None;151200.0000
13355;2023-03-09 13:07:22.947000;6;101511;1;1;0.0000;1;14000.0000;None;151200.0000
13355;2023-03-09 13:07:22.947000;3;201146;1;1;6800.0000;1;14000.0000;None;151200.0000
13355;2023-03-09 13:07:22.947000;7;2050;1;1;0.0000;1;14000.0000;None;151200.0000
13355;2023-03-09 13:11:00.300000;3;102663;1;1;10800.0000;1;14000.0000;None;151200.0000
13355;2023-03-09 13:11:00.300000;2;201187;1;1;10800.0000;1;14000.0000;None;151200.0000
13355;2023-03-09 13:15:50.603000;1;103759;1;1;10800.0000;1;14000.0000;None;151200.0000
13355;2023-03-09 13:27:35.813000;1;101257;1;1;26800.0000;1;14000.0000;None;151200.0000
13355;2023-03-09 13:27:35.813000;8;101576;1;1;0.0000;1;14000.0000;None;151200.0000
13355;2023-03-09 13:27:35.813000;1;101503;1;1;0.0000;1;14000.0000;None;151200.0000
13355;2023-03-09 13:27:35.813000;1;101257;1;1;26800.0000;1;14000.0000;None;151200.0000
13355;2023-03-09 13:27:35.813000;8;101576;1;1;0.0000;1;14000.0000;None;151200.0000
13355;2023-03-09 13:27:35.813000;1;101503;1;1;0.0000;1;14000.0000;None;151200.0000
13355;2023-03-09 13:31:32.640000;3;100606;1;1;6800.0000;1;14000.0000;None;151200.0000
13355;2023-03-09 13:31:32.640000;7;2028;1;1;0.0000;1;14000.0000;None;151200.0000
13355;2023-03-09 13:31:32.640000;7;2028;1;1;0.0000;1;14000.0000;None;151200.0000
13355;2023-03-09 13:31:32.640000;1;102342;1;1;14800.0000;1;14000.0000;None;151200.0000
13356;2023-03-09 13:13:13.350000;1;103646;1;1;47800.0000;1;5778.0000;None;62400.0000
13356;2023-03-09 13:13:13.350000;1;101503;1;1;0.0000;1;5778.0000;None;62400.0000
13356;2023-03-09 13:13:13.350000;3;108531;1;1;7800.0000;1;5778.0000;None;62400.0000
13356;2023-03-09 13:13:13.350000;7;2060;1;1;0.0000;1;5778.0000;None;62400.0000
13356;2023-03-09 13:13:13.350000;3;201146;1;1;6800.0000;1;5778.0000;None;62400.0000
13356;2023-03-09 13:13:13.350000;7;2050;1;1;0.0000;1;5778.0000;None;62400.0000
13357;2023-03-09 13:14:32.660000;3;100613;1;1;5800.0000;1;1167.0000;None;12600.0000
13357;2023-03-09 13:14:32.660000;3;100607;1;1;6800.0000;1;1167.0000;None;12600.0000
13358;2023-03-09 13:32:55.627000;2;109636;1;1;29800.0000;1;2759.0000;None;29800.0000
13360;2023-03-09 15:46:08.607000;3;100606;1;2;13600.0000;1;1981.0000;None;21400.0000
13360;2023-03-09 15:46:08.607000;7;2009;1;1;0.0000;1;1981.0000;None;21400.0000
13360;2023-03-09 15:46:08.607000;3;202707;1;1;7800.0000;1;1981.0000;None;21400.0000
13362;2023-03-09 13:53:35.010000;3;100614;1;1;5800.0000;1;1167.0000;None;12600.0000
13362;2023-03-09 14:29:20.880000;3;201146;1;1;6800.0000;1;1167.0000;None;12600.0000
13363;2023-03-09 13:59:16.153000;3;201958;1;1;6800.0000;1;8722.0000;None;94200.0000
13363;2023-03-09 13:59:16.153000;3;201958;1;1;6800.0000;1;8722.0000;None;94200.0000
13363;2023-03-09 13:59:16.153000;1;103250;1;1;45800.0000;1;8722.0000;None;94200.0000
13363;2023-03-09 14:10:43.423000;3;100614;1;1;5800.0000;1;8722.0000;None;94200.0000
13363;2023-03-09 14:10:43.423000;3;100614;1;1;5800.0000;1;8722.0000;None;94200.0000
13363;2023-03-09 14:19:03.980000;3;100614;1;1;5800.0000;1;8722.0000;None;94200.0000
13363;2023-03-09 15:07:50.337000;3;100614;1;1;5800.0000;1;8722.0000;None;94200.0000
13363;2023-03-09 15:07:50.337000;3;100614;1;1;5800.0000;1;8722.0000;None;94200.0000
13363;2023-03-09 15:07:50.337000;3;100614;1;1;5800.0000;1;8722.0000;None;94200.0000
13364;2023-03-09 14:03:18.647000;2;200151;1;1;168800.0000;1;113612.0000;None;1227000.0000
13364;2023-03-09 14:08:54.097000;3;201146;1;1;6800.0000;1;113612.0000;None;1227000.0000
13364;2023-03-09 14:11:39.883000;2;102775;1;1;44800.0000;1;113612.0000;None;1227000.0000
13364;2023-03-09 14:54:07.430000;1;104174;1;1;6800.0000;1;113612.0000;None;1227000.0000
13364;2023-03-09 14:54:07.430000;1;103886;1;1;9800.0000;1;113612.0000;None;1227000.0000
13364;2023-03-09 14:54:07.430000;1;104150;1;1;11800.0000;1;113612.0000;None;1227000.0000
13364;2023-03-09 14:54:07.430000;1;104158;1;1;11800.0000;1;113612.0000;None;1227000.0000
13364;2023-03-09 14:54:07.430000;1;102035;1;1;35800.0000;1;113612.0000;None;1227000.0000
13364;2023-03-09 14:54:07.430000;1;102139;1;1;6800.0000;1;113612.0000;None;1227000.0000
13364;2023-03-09 15:08:51.070000;2;200151;1;1;168800.0000;1;113612.0000;None;1227000.0000
13364;2023-03-09 15:08:51.070000;2;102775;1;1;44800.0000;1;113612.0000;None;1227000.0000
13364;2023-03-09 15:44:17.237000;3;100614;1;1;5800.0000;1;113612.0000;None;1227000.0000
13364;2023-03-09 15:46:50.710000;3;100614;1;1;5800.0000;1;113612.0000;None;1227000.0000
13364;2023-03-09 15:52:56.340000;3;100614;1;2;11600.0000;1;113612.0000;None;1227000.0000
13364;2023-03-09 15:59:56.897000;1;101257;1;1;26800.0000;1;113612.0000;None;1227000.0000
13364;2023-03-09 15:59:56.897000;1;101503;1;1;0.0000;1;113612.0000;None;1227000.0000
13364;2023-03-09 15:59:56.897000;8;101576;1;1;0.0000;1;113612.0000;None;1227000.0000
13364;2023-03-09 16:02:40.487000;2;101978;1;1;49800.0000;1;113612.0000;None;1227000.0000
13364;2023-03-09 16:31:20.517000;2;200151;1;1;168800.0000;1;113612.0000;None;1227000.0000
13364;2023-03-09 16:50:14.780000;2;102774;1;1;45800.0000;1;113612.0000;None;1227000.0000
13364;2023-03-09 17:10:23.240000;2;200524;1;1;395800.0000;1;113612.0000;None;1227000.0000
13365;2023-03-09 14:07:00.037000;3;200644;1;1;6800.0000;1;12945.0000;None;139800.0000
13365;2023-03-09 14:07:00.037000;7;1207;1;1;0.0000;1;12945.0000;None;139800.0000
13365;2023-03-09 14:07:00.037000;3;201146;1;1;6800.0000;1;12945.0000;None;139800.0000
13365;2023-03-09 14:07:00.037000;7;1207;1;1;0.0000;1;12945.0000;None;139800.0000
13365;2023-03-09 14:07:00.037000;1;103763;1;2;29600.0000;1;12945.0000;None;139800.0000
13365;2023-03-09 14:15:38.517000;3;102635;1;1;8800.0000;1;12945.0000;None;139800.0000
13365;2023-03-09 14:15:38.517000;3;102747;1;1;4800.0000;1;12945.0000;None;139800.0000
13365;2023-03-09 14:17:54.250000;1;103291;1;1;30800.0000;1;12945.0000;None;139800.0000
13365;2023-03-09 14:17:54.250000;1;108006;1;1;0.0000;1;12945.0000;None;139800.0000
13365;2023-03-09 14:17:54.250000;1;103652;1;1;32800.0000;1;12945.0000;None;139800.0000
13365;2023-03-09 14:17:54.250000;1;108006;1;1;0.0000;1;12945.0000;None;139800.0000
13365;2023-03-09 14:25:30.667000;3;100596;1;1;5800.0000;1;12945.0000;None;139800.0000
13365;2023-03-09 14:16:40.430000;3;102635;1;1;8800.0000;1;12945.0000;None;139800.0000
13365;2023-03-09 14:30:05.873000;3;104554;1;1;4800.0000;1;12945.0000;None;139800.0000
13368;2023-03-09 13:48:12.637000;1;103759;1;1;10800.0000;1;1000.0000;None;10800.0000
13368;2023-03-09 13:48:12.637000;7;1027;1;1;0.0000;1;1000.0000;None;10800.0000
13368;2023-03-09 13:48:12.637000;7;1027;1;1;0.0000;1;1000.0000;None;10800.0000
13371;2023-03-09 14:15:52.970000;3;100607;1;2;13600.0000;1;2352.0000;None;25400.0000
13371;2023-03-09 14:15:52.970000;7;2009;1;2;0.0000;1;2352.0000;None;25400.0000
13371;2023-03-09 14:25:58.367000;1;109556;1;1;11800.0000;1;2352.0000;None;25400.0000
13372;2023-03-09 14:16:40.430000;3;100596;1;1;5800.0000;1;1704.0000;None;18400.0000
13372;2023-03-09 14:16:40.430000;1;104156;1;1;6800.0000;1;1704.0000;None;18400.0000
13372;2023-03-09 14:21:07.990000;3;100613;1;1;5800.0000;1;1704.0000;None;18400.0000
13374;2023-03-09 14:38:00.370000;3;100606;1;1;6800.0000;1;2519.0000;None;27200.0000
13374;2023-03-09 14:38:00.370000;6;105082;1;1;2000.0000;1;2519.0000;None;27200.0000
13374;2023-03-09 14:38:00.370000;3;104554;1;1;4800.0000;1;2519.0000;None;27200.0000
13374;2023-03-09 14:51:40.600000;3;201146;1;1;6800.0000;1;2519.0000;None;27200.0000
13374;2023-03-09 16:40:49.483000;3;200644;1;1;6800.0000;1;2519.0000;None;27200.0000
13374;2023-03-09 16:40:49.483000;7;2016;1;1;0.0000;1;2519.0000;None;27200.0000
13376;2023-03-09 14:40:31.497000;1;201546;1;1;38800.0000;1;13056.0000;None;141000.0000
13376;2023-03-09 14:40:31.497000;1;106283;1;1;0.0000;1;13056.0000;None;141000.0000
13376;2023-03-09 14:40:31.497000;1;106270;1;1;0.0000;1;13056.0000;None;141000.0000
13376;2023-03-09 14:40:31.497000;1;108005;1;1;0.0000;1;13056.0000;None;141000.0000
13376;2023-03-09 14:40:31.497000;1;103248;1;1;16800.0000;1;13056.0000;None;141000.0000
13376;2023-03-09 14:40:31.497000;1;108006;1;1;0.0000;1;13056.0000;None;141000.0000
13376;2023-03-09 14:40:31.497000;1;103248;1;1;16800.0000;1;13056.0000;None;141000.0000
13376;2023-03-09 14:40:31.497000;1;108006;1;1;0.0000;1;13056.0000;None;141000.0000
13376;2023-03-09 14:40:31.497000;3;201211;1;1;6800.0000;1;13056.0000;None;141000.0000
13376;2023-03-09 14:40:31.497000;3;201958;1;1;6800.0000;1;13056.0000;None;141000.0000
13376;2023-03-09 14:40:52.137000;1;106366;1;1;27800.0000;1;13056.0000;None;141000.0000
13376;2023-03-09 14:40:52.137000;1;101503;1;1;0.0000;1;13056.0000;None;141000.0000
13376;2023-03-09 14:43:48.140000;3;100606;1;1;6800.0000;1;13056.0000;None;141000.0000
13376;2023-03-09 14:43:48.140000;3;201146;1;1;6800.0000;1;13056.0000;None;141000.0000
13376;2023-03-09 14:43:48.140000;3;201146;1;1;6800.0000;1;13056.0000;None;141000.0000
13376;2023-03-09 14:43:48.140000;7;2065;1;4;0.0000;1;13056.0000;None;141000.0000
13376;2023-03-09 14:55:51.697000;3;201211;1;1;6800.0000;1;13056.0000;None;141000.0000
13377;2023-03-09 15:14:42.300000;3;102102;1;1;9800.0000;1;3241.0000;None;35000.0000
13377;2023-03-09 15:14:42.300000;3;100614;1;1;5800.0000;1;3241.0000;None;35000.0000
13377;2023-03-09 15:14:42.300000;3;100614;1;1;5800.0000;1;3241.0000;None;35000.0000
13377;2023-03-09 15:14:42.300000;3;100607;1;1;6800.0000;1;3241.0000;None;35000.0000
13377;2023-03-09 15:43:20.677000;3;201146;1;1;6800.0000;1;3241.0000;None;35000.0000
13378;2023-03-09 15:16:18.603000;3;101151;1;1;6800.0000;1;1259.0000;None;13600.0000
13378;2023-03-09 15:16:18.603000;7;2009;1;1;0.0000;1;1259.0000;None;13600.0000
13378;2023-03-09 15:16:18.603000;3;100606;1;1;6800.0000;1;1259.0000;None;13600.0000
13378;2023-03-09 15:16:18.603000;7;2009;1;1;0.0000;1;1259.0000;None;13600.0000
13379;2023-03-09 15:17:07.980000;3;200644;1;1;6800.0000;1;10333.0000;None;111600.0000
13379;2023-03-09 15:17:07.980000;3;108191;1;1;0.0000;1;10333.0000;None;111600.0000
13379;2023-03-09 15:25:31.750000;3;201146;1;1;6800.0000;1;10333.0000;None;111600.0000
13379;2023-03-09 15:25:31.750000;7;2094;1;1;0.0000;1;10333.0000;None;111600.0000
13379;2023-03-09 15:37:03.780000;1;104557;1;1;25800.0000;1;10333.0000;None;111600.0000
13379;2023-03-09 15:37:03.780000;1;101503;1;1;0.0000;1;10333.0000;None;111600.0000
13379;2023-03-09 15:37:03.780000;1;102233;1;1;5800.0000;1;10333.0000;None;111600.0000
13379;2023-03-09 15:38:24.913000;1;104929;1;1;47800.0000;1;10333.0000;None;111600.0000
13379;2023-03-09 16:36:50.580000;3;100606;1;1;6800.0000;1;10333.0000;None;111600.0000
13379;2023-03-09 16:36:50.580000;7;2009;1;1;0.0000;1;10333.0000;None;111600.0000
13379;2023-03-09 16:36:50.580000;3;108533;1;1;9800.0000;1;10333.0000;None;111600.0000
13379;2023-03-09 16:36:50.580000;6;105082;1;1;2000.0000;1;10333.0000;None;111600.0000
13381;2023-03-09 15:23:49.020000;3;201211;1;1;6800.0000;1;2056.0000;None;22200.0000
13381;2023-03-09 15:23:49.020000;7;2065;1;1;0.0000;1;2056.0000;None;22200.0000
13381;2023-03-09 15:23:49.020000;1;101088;1;1;3800.0000;1;2056.0000;None;22200.0000
13381;2023-03-09 15:23:49.020000;3;100614;1;1;5800.0000;1;2056.0000;None;22200.0000
13381;2023-03-09 15:23:49.020000;3;100614;1;1;5800.0000;1;2056.0000;None;22200.0000
13382;2023-03-09 15:29:11.287000;3;201211;1;1;6800.0000;1;7130.0000;None;77000.0000
13382;2023-03-09 15:35:25.187000;1;103635;1;1;48800.0000;1;7130.0000;None;77000.0000
13382;2023-03-09 15:35:25.187000;1;101502;1;1;0.0000;1;7130.0000;None;77000.0000
13382;2023-03-09 15:49:59.793000;3;102102;1;1;9800.0000;1;7130.0000;None;77000.0000
13382;2023-03-09 16:16:34.100000;3;100614;1;1;5800.0000;1;7130.0000;None;77000.0000
13382;2023-03-09 16:16:34.100000;3;101231;1;1;5800.0000;1;7130.0000;None;77000.0000
13383;2023-03-09 15:39:36.857000;3;102635;1;1;8800.0000;1;8056.0000;None;87000.0000
13383;2023-03-09 16:01:03.483000;3;100607;1;1;6800.0000;1;8056.0000;None;87000.0000
13383;2023-03-09 16:01:03.483000;3;200644;1;1;6800.0000;1;8056.0000;None;87000.0000
13383;2023-03-09 16:01:03.483000;1;101270;1;1;0.0000;1;8056.0000;None;87000.0000
13383;2023-03-09 16:05:33.033000;3;201146;1;1;6800.0000;1;8056.0000;None;87000.0000
13383;2023-03-09 16:15:42.810000;1;103315;1;1;57800.0000;1;8056.0000;None;87000.0000
13383;2023-03-09 16:15:42.810000;1;108006;1;1;0.0000;1;8056.0000;None;87000.0000
13384;2023-03-09 15:44:33.240000;3;100606;1;2;13600.0000;1;3259.0000;None;35200.0000
13384;2023-03-09 15:44:33.240000;6;105082;1;1;2000.0000;1;3259.0000;None;35200.0000
13384;2023-03-09 15:44:33.257000;6;105082;1;1;2000.0000;1;3259.0000;None;35200.0000
13384;2023-03-09 16:30:53.113000;3;100606;1;2;13600.0000;1;3259.0000;None;35200.0000
13384;2023-03-09 16:30:53.113000;6;105082;1;1;2000.0000;1;3259.0000;None;35200.0000
13384;2023-03-09 16:30:53.113000;6;105082;1;1;2000.0000;1;3259.0000;None;35200.0000
13385;2023-03-09 15:46:37.583000;3;100606;1;1;6800.0000;1;630.0000;None;6800.0000
13385;2023-03-09 15:46:37.583000;7;2009;1;1;0.0000;1;630.0000;None;6800.0000
13386;2023-03-09 15:49:44.190000;2;104099;1;1;31800.0000;1;16704.0000;None;180400.0000
13386;2023-03-09 15:49:44.190000;6;105520;1;1;0.0000;1;16704.0000;None;180400.0000
13386;2023-03-09 15:49:44.190000;3;100614;1;1;5800.0000;1;16704.0000;None;180400.0000
13386;2023-03-09 15:49:44.190000;3;101231;1;1;5800.0000;1;16704.0000;None;180400.0000
13386;2023-03-09 16:19:21.007000;3;100614;1;1;5800.0000;1;16704.0000;None;180400.0000
13386;2023-03-09 16:19:21.007000;3;100614;1;1;5800.0000;1;16704.0000;None;180400.0000
13386;2023-03-09 16:19:21.007000;2;104099;1;1;31800.0000;1;16704.0000;None;180400.0000
13386;2023-03-09 17:02:44.287000;1;100625;1;1;8800.0000;1;16704.0000;None;180400.0000
13386;2023-03-09 17:02:44.287000;7;1039;1;1;0.0000;1;16704.0000;None;180400.0000
13386;2023-03-09 17:02:44.287000;1;102187;1;1;3800.0000;1;16704.0000;None;180400.0000
13386;2023-03-09 17:02:44.287000;7;1294;1;1;0.0000;1;16704.0000;None;180400.0000
13386;2023-03-09 17:35:05.770000;3;100614;1;2;11600.0000;1;16704.0000;None;180400.0000
13386;2023-03-09 17:35:05.770000;2;104099;1;2;63600.0000;1;16704.0000;None;180400.0000
13386;2023-03-09 17:35:05.770000;3;100614;1;1;5800.0000;1;16704.0000;None;180400.0000
13387;2023-03-09 15:50:21.593000;3;201269;1;1;6800.0000;1;21408.0000;None;231200.0000
13387;2023-03-09 15:50:21.593000;7;2016;1;1;0.0000;1;21408.0000;None;231200.0000
13387;2023-03-09 16:11:19.827000;3;100596;1;1;5800.0000;1;21408.0000;None;231200.0000
13387;2023-03-09 16:13:38.260000;3;100596;1;1;5800.0000;1;21408.0000;None;231200.0000
13387;2023-03-09 16:25:28.190000;3;100606;1;1;6800.0000;1;21408.0000;None;231200.0000
13387;2023-03-09 16:25:28.190000;6;105082;1;1;2000.0000;1;21408.0000;None;231200.0000
13387;2023-03-09 16:25:28.190000;3;102635;1;1;8800.0000;1;21408.0000;None;231200.0000
13387;2023-03-09 16:25:28.190000;7;1207;1;1;0.0000;1;21408.0000;None;231200.0000
13387;2023-03-09 16:25:28.190000;1;100625;1;1;8800.0000;1;21408.0000;None;231200.0000
13387;2023-03-09 16:25:28.190000;7;1135;1;1;0.0000;1;21408.0000;None;231200.0000
13387;2023-03-09 16:30:37.290000;3;100596;1;1;5800.0000;1;21408.0000;None;231200.0000
13387;2023-03-09 16:39:40.573000;3;100606;1;1;6800.0000;1;21408.0000;None;231200.0000
13387;2023-03-09 16:39:40.573000;6;105082;1;1;2000.0000;1;21408.0000;None;231200.0000
13387;2023-03-09 16:39:40.573000;3;100596;1;1;5800.0000;1;21408.0000;None;231200.0000
13387;2023-03-09 16:40:18.460000;3;100606;1;3;20400.0000;1;21408.0000;None;231200.0000
13387;2023-03-09 16:40:18.460000;7;1207;1;1;0.0000;1;21408.0000;None;231200.0000
13387;2023-03-09 16:51:33.563000;1;104174;1;1;6800.0000;1;21408.0000;None;231200.0000
13387;2023-03-09 16:51:33.563000;1;104158;1;1;11800.0000;1;21408.0000;None;231200.0000
13387;2023-03-09 16:51:33.563000;1;109554;1;1;13800.0000;1;21408.0000;None;231200.0000
13387;2023-03-09 16:54:32.850000;1;100625;1;1;8800.0000;1;21408.0000;None;231200.0000
13387;2023-03-09 16:56:17.200000;3;200644;1;1;6800.0000;1;21408.0000;None;231200.0000
13387;2023-03-09 16:56:17.200000;7;2050;1;1;0.0000;1;21408.0000;None;231200.0000
13387;2023-03-09 16:56:17.200000;1;103635;1;2;97600.0000;1;21408.0000;None;231200.0000
13387;2023-03-09 16:56:17.200000;7;1135;1;1;0.0000;1;21408.0000;None;231200.0000
13387;2023-03-09 16:56:17.200000;1;101502;1;1;0.0000;1;21408.0000;None;231200.0000
13388;2023-03-09 15:51:55.780000;1;103214;1;1;26800.0000;1;3556.0000;None;38400.0000
13388;2023-03-09 15:51:55.780000;3;100614;1;1;5800.0000;1;3556.0000;None;38400.0000
13388;2023-03-09 16:31:42.723000;3;100614;1;1;5800.0000;1;3556.0000;None;38400.0000
13389;2023-03-09 15:53:15.520000;3;100606;1;1;6800.0000;1;1259.0000;None;13600.0000
13389;2023-03-09 15:53:15.520000;3;100606;1;1;6800.0000;1;1259.0000;None;13600.0000
13390;2023-03-09 16:04:39.200000;3;101231;1;1;5800.0000;1;1704.0000;None;18400.0000
13390;2023-03-09 16:04:39.200000;3;100614;1;1;5800.0000;1;1704.0000;None;18400.0000
13390;2023-03-09 17:24:11.347000;3;200644;1;1;6800.0000;1;1704.0000;None;18400.0000
13391;2023-03-09 16:07:11.420000;3;104554;1;1;4800.0000;1;1778.0000;None;19200.0000
13391;2023-03-09 16:07:11.420000;3;104554;1;1;4800.0000;1;1778.0000;None;19200.0000
13391;2023-03-09 16:07:11.420000;3;104554;1;1;4800.0000;1;1778.0000;None;19200.0000
13391;2023-03-09 16:11:54.863000;3;102653;1;1;4800.0000;1;1778.0000;None;19200.0000
13392;2023-03-09 16:13:10.573000;1;107283;1;7;1050.0000;1;97.0000;None;1050.0000
13394;2023-03-09 16:20:10.373000;3;100607;1;1;6800.0000;1;4741.0000;None;51200.0000
13394;2023-03-09 16:20:10.373000;3;100607;1;1;6800.0000;1;4741.0000;None;51200.0000
13394;2023-03-09 16:23:36.543000;1;104004;1;1;16800.0000;1;4741.0000;None;51200.0000
13394;2023-03-09 16:23:36.543000;7;1135;1;1;0.0000;1;4741.0000;None;51200.0000
13394;2023-03-09 16:23:36.543000;1;101310;1;1;20800.0000;1;4741.0000;None;51200.0000
13395;2023-03-09 16:26:24.267000;2;102979;1;1;33800.0000;1;26519.0000;None;286400.0000
13395;2023-03-09 16:58:56.687000;2;102979;1;2;67600.0000;1;26519.0000;None;286400.0000
13395;2023-03-09 17:57:28.603000;2;102979;1;2;67600.0000;1;26519.0000;None;286400.0000
13395;2023-03-09 18:50:21.900000;2;102979;1;2;67600.0000;1;26519.0000;None;286400.0000
13395;2023-03-09 18:59:36.313000;1;103587;1;1;49800.0000;1;26519.0000;None;286400.0000
13395;2023-03-09 18:59:36.313000;1;101503;1;1;0.0000;1;26519.0000;None;286400.0000
13396;2023-03-09 16:37:23.753000;3;100606;1;1;6800.0000;1;1167.0000;None;12600.0000
13396;2023-03-09 16:37:23.753000;3;100614;1;1;5800.0000;1;1167.0000;None;12600.0000
13397;2023-03-09 16:45:06.633000;3;100614;1;1;5800.0000;1;1704.0000;None;18400.0000
13397;2023-03-09 16:48:08.097000;3;200644;1;1;6800.0000;1;1704.0000;None;18400.0000
13397;2023-03-09 16:48:08.097000;6;101575;1;1;0.0000;1;1704.0000;None;18400.0000
13397;2023-03-09 16:48:08.097000;7;2002;1;1;0.0000;1;1704.0000;None;18400.0000
13397;2023-03-09 16:48:08.097000;1;101270;1;1;0.0000;1;1704.0000;None;18400.0000
13397;2023-03-09 17:06:04.797000;3;100614;1;1;5800.0000;1;1704.0000;None;18400.0000
13397;2023-03-09 17:06:04.797000;7;2052;1;1;0.0000;1;1704.0000;None;18400.0000
13398;2023-03-09 16:51:49.623000;3;102102;1;1;9800.0000;1;5407.0000;None;58400.0000
13398;2023-03-09 16:53:53.677000;1;103296;1;1;39800.0000;1;5407.0000;None;58400.0000
13398;2023-03-09 16:53:53.677000;1;108006;1;1;0.0000;1;5407.0000;None;58400.0000
13398;2023-03-09 16:58:33.363000;3;102635;1;1;8800.0000;1;5407.0000;None;58400.0000
13398;2023-03-09 16:58:33.363000;7;1207;1;1;0.0000;1;5407.0000;None;58400.0000
13399;2023-03-09 16:55:11.110000;3;108531;1;1;7800.0000;1;3722.0000;None;40200.0000
13399;2023-03-09 16:55:11.110000;7;2057;1;1;0.0000;1;3722.0000;None;40200.0000
13399;2023-03-09 16:55:11.110000;3;100613;1;1;5800.0000;1;3722.0000;None;40200.0000
13399;2023-03-09 16:55:11.110000;1;104004;1;1;16800.0000;1;3722.0000;None;40200.0000
13399;2023-03-09 16:58:16.890000;3;200006;1;1;9800.0000;1;3722.0000;None;40200.0000
13399;2023-03-09 16:58:16.890000;1;101270;1;1;0.0000;1;3722.0000;None;40200.0000
13400;2023-03-09 16:59:39.897000;3;101208;1;1;12800.0000;1;3370.0000;None;36400.0000
13400;2023-03-09 16:59:39.897000;3;101208;1;1;12800.0000;1;3370.0000;None;36400.0000
13400;2023-03-09 16:59:39.897000;6;105082;1;1;2000.0000;1;3370.0000;None;36400.0000
13400;2023-03-09 16:59:39.897000;3;100606;1;1;6800.0000;1;3370.0000;None;36400.0000
13400;2023-03-09 16:59:39.897000;6;105082;1;1;2000.0000;1;3370.0000;None;36400.0000
13402;2023-03-09 17:06:40.003000;1;103102;1;1;7800.0000;1;12556.0000;None;135600.0000
13402;2023-03-09 17:06:40.003000;1;103102;1;1;7800.0000;1;12556.0000;None;135600.0000
13402;2023-03-09 17:06:40.003000;3;100606;1;1;6800.0000;1;12556.0000;None;135600.0000
13402;2023-03-09 17:06:40.003000;6;105082;1;1;2000.0000;1;12556.0000;None;135600.0000
13402;2023-03-09 17:06:40.003000;2;101709;1;1;28800.0000;1;12556.0000;None;135600.0000
13402;2023-03-09 17:06:40.003000;6;105631;1;1;0.0000;1;12556.0000;None;135600.0000
13402;2023-03-09 17:06:40.003000;7;2065;1;1;0.0000;1;12556.0000;None;135600.0000
13402;2023-03-09 17:28:21.570000;2;101709;1;1;28800.0000;1;12556.0000;None;135600.0000
13402;2023-03-09 17:28:21.570000;7;2065;1;1;0.0000;1;12556.0000;None;135600.0000
13402;2023-03-09 18:36:51.587000;1;103322;1;1;26800.0000;1;12556.0000;None;135600.0000
13402;2023-03-09 18:36:51.587000;1;108006;1;1;0.0000;1;12556.0000;None;135600.0000
13402;2023-03-09 18:36:51.587000;7;1157;1;1;0.0000;1;12556.0000;None;135600.0000
13402;2023-03-09 18:36:51.587000;1;103322;1;1;26800.0000;1;12556.0000;None;135600.0000
13402;2023-03-09 18:36:51.587000;1;108006;1;1;0.0000;1;12556.0000;None;135600.0000
13402;2023-03-09 18:36:51.587000;7;1157;1;1;0.0000;1;12556.0000;None;135600.0000
13403;2023-03-09 17:10:06.477000;3;104554;1;1;4800.0000;1;444.0000;None;4800.0000
13405;2023-03-09 17:18:16.110000;3;100606;1;1;6800.0000;1;1778.0000;None;19200.0000
13405;2023-03-09 17:18:16.110000;7;2009;1;1;0.0000;1;1778.0000;None;19200.0000
13405;2023-03-09 17:18:16.110000;3;100606;1;1;6800.0000;1;1778.0000;None;19200.0000
13405;2023-03-09 17:18:16.110000;7;2009;1;1;0.0000;1;1778.0000;None;19200.0000
13405;2023-03-09 17:23:54.150000;1;102415;1;2;5600.0000;1;1778.0000;None;19200.0000
13406;2023-03-09 17:29:00.847000;3;100606;1;1;6800.0000;1;10907.0000;None;117800.0000
13406;2023-03-09 17:29:00.847000;6;105082;1;1;2000.0000;1;10907.0000;None;117800.0000
13406;2023-03-09 17:29:00.847000;3;200644;1;1;6800.0000;1;10907.0000;None;117800.0000
13406;2023-03-09 17:29:00.847000;1;101270;1;1;0.0000;1;10907.0000;None;117800.0000
13406;2023-03-09 17:29:00.847000;3;100614;1;1;5800.0000;1;10907.0000;None;117800.0000
13406;2023-03-09 17:32:25.103000;1;103296;1;1;39800.0000;1;10907.0000;None;117800.0000
13406;2023-03-09 17:32:25.103000;1;108006;1;1;0.0000;1;10907.0000;None;117800.0000
13406;2023-03-09 17:32:25.103000;1;104929;1;1;47800.0000;1;10907.0000;None;117800.0000
13406;2023-03-09 17:36:44.300000;3;101216;1;1;6800.0000;1;10907.0000;None;117800.0000
13406;2023-03-09 17:36:44.300000;6;105082;1;1;2000.0000;1;10907.0000;None;117800.0000
13407;2023-03-09 17:30:50.553000;1;104150;1;1;11800.0000;1;22130.0000;None;239000.0000
13407;2023-03-09 17:30:50.553000;1;104158;1;1;11800.0000;1;22130.0000;None;239000.0000
13407;2023-03-09 17:30:50.553000;1;104167;1;1;6800.0000;1;22130.0000;None;239000.0000
13407;2023-03-09 17:30:50.553000;1;104149;1;1;11800.0000;1;22130.0000;None;239000.0000
13407;2023-03-09 17:34:19.707000;1;104150;1;1;11800.0000;1;22130.0000;None;239000.0000
13407;2023-03-09 17:34:19.707000;1;104158;1;1;11800.0000;1;22130.0000;None;239000.0000
13407;2023-03-09 17:34:19.707000;1;104152;1;1;9800.0000;1;22130.0000;None;239000.0000
13407;2023-03-09 17:34:25.090000;2;101728;1;1;33800.0000;1;22130.0000;None;239000.0000
13407;2023-03-09 17:36:21.477000;1;104149;1;1;11800.0000;1;22130.0000;None;239000.0000
13407;2023-03-09 17:45:32.430000;2;201615;1;1;14800.0000;1;22130.0000;None;239000.0000
13407;2023-03-09 17:51:38.507000;2;102706;1;1;45800.0000;1;22130.0000;None;239000.0000
13407;2023-03-09 17:54:05.230000;1;103879;1;1;4800.0000;1;22130.0000;None;239000.0000
13407;2023-03-09 17:59:52.580000;1;104158;1;1;11800.0000;1;22130.0000;None;239000.0000
13407;2023-03-09 17:59:52.580000;1;104167;1;1;6800.0000;1;22130.0000;None;239000.0000
13407;2023-03-09 18:06:13.333000;2;101728;1;1;33800.0000;1;22130.0000;None;239000.0000
13410;2023-03-09 17:48:07.553000;1;109100;1;1;39800.0000;1;10296.0000;None;111200.0000
13410;2023-03-09 17:48:07.553000;1;103602;1;1;59800.0000;1;10296.0000;None;111200.0000
13410;2023-03-09 17:48:07.553000;1;101503;1;1;0.0000;1;10296.0000;None;111200.0000
13410;2023-03-09 17:48:07.553000;3;102747;1;1;4800.0000;1;10296.0000;None;111200.0000
13410;2023-03-09 17:48:07.553000;7;1207;1;1;0.0000;1;10296.0000;None;111200.0000
13410;2023-03-09 17:48:07.553000;3;100606;1;1;6800.0000;1;10296.0000;None;111200.0000
13411;2023-03-09 17:53:54.347000;3;100606;1;1;6800.0000;1;630.0000;None;6800.0000
13411;2023-03-09 17:53:54.347000;7;2009;1;1;0.0000;1;630.0000;None;6800.0000
13414;2023-03-09 17:58:28.670000;1;103214;1;1;26800.0000;1;4019.0000;None;43400.0000
13414;2023-03-09 17:58:28.670000;3;100606;1;1;6800.0000;1;4019.0000;None;43400.0000
13414;2023-03-09 18:16:32.023000;3;108533;1;1;9800.0000;1;4019.0000;None;43400.0000
13415;2023-03-09 17:54:41.010000;3;101333;1;1;15800.0000;1;5741.0000;None;62000.0000
13415;2023-03-09 18:02:52.933000;3;101231;1;1;5800.0000;1;5741.0000;None;62000.0000
13415;2023-03-09 18:12:25.850000;1;101257;1;1;26800.0000;1;5741.0000;None;62000.0000
13415;2023-03-09 18:12:25.850000;1;101503;1;1;0.0000;1;5741.0000;None;62000.0000
13415;2023-03-09 18:20:17.933000;3;200644;1;1;6800.0000;1;5741.0000;None;62000.0000
13415;2023-03-09 18:20:17.933000;1;101270;1;1;0.0000;1;5741.0000;None;62000.0000
13415;2023-03-09 18:42:32.870000;3;201211;1;1;6800.0000;1;5741.0000;None;62000.0000
13416;2023-03-09 18:01:59.410000;3;101231;1;1;5800.0000;1;537.0000;None;5800.0000
13417;2023-03-09 18:04:02.720000;3;100606;1;1;6800.0000;1;3685.0000;None;39800.0000
13417;2023-03-09 18:04:02.720000;3;100606;1;1;6800.0000;1;3685.0000;None;39800.0000
13417;2023-03-09 18:04:02.720000;1;103992;1;1;6800.0000;1;3685.0000;None;39800.0000
13417;2023-03-09 18:04:02.720000;1;103992;1;1;6800.0000;1;3685.0000;None;39800.0000
13417;2023-03-09 18:15:50.463000;3;100614;1;1;5800.0000;1;3685.0000;None;39800.0000
13417;2023-03-09 18:22:36.257000;3;201146;1;1;6800.0000;1;3685.0000;None;39800.0000
13418;2023-03-09 18:04:17.140000;1;103647;1;1;39800.0000;1;3685.0000;None;39800.0000
13418;2023-03-09 18:04:17.140000;1;108006;1;1;0.0000;1;3685.0000;None;39800.0000
13419;2023-03-09 18:12:50.680000;3;108531;1;1;7800.0000;1;1259.0000;None;13600.0000
13419;2023-03-09 18:12:50.680000;7;2060;1;1;0.0000;1;1259.0000;None;13600.0000
13419;2023-03-09 18:12:50.680000;3;101231;1;1;5800.0000;1;1259.0000;None;13600.0000
13420;2023-03-09 18:13:52.723000;1;103296;1;1;39800.0000;1;9611.0000;None;103800.0000
13420;2023-03-09 18:13:52.723000;1;108005;1;1;0.0000;1;9611.0000;None;103800.0000
13420;2023-03-09 18:13:52.723000;1;103296;1;1;39800.0000;1;9611.0000;None;103800.0000
13420;2023-03-09 18:13:52.723000;1;108005;1;1;0.0000;1;9611.0000;None;103800.0000
13420;2023-03-09 18:13:52.723000;7;1039;1;1;0.0000;1;9611.0000;None;103800.0000
13420;2023-03-09 18:16:27.570000;3;201211;1;1;6800.0000;1;9611.0000;None;103800.0000
13420;2023-03-09 18:16:27.570000;7;2002;1;1;0.0000;1;9611.0000;None;103800.0000
13420;2023-03-09 18:16:27.570000;3;201211;1;1;6800.0000;1;9611.0000;None;103800.0000
13420;2023-03-09 18:16:27.570000;7;2002;1;1;0.0000;1;9611.0000;None;103800.0000
13420;2023-03-09 18:16:27.570000;3;100606;1;1;6800.0000;1;9611.0000;None;103800.0000
13420;2023-03-09 18:16:27.570000;7;2052;1;200;0.0000;1;9611.0000;None;103800.0000
13420;2023-03-09 18:29:13.747000;1;102256;1;1;3800.0000;1;9611.0000;None;103800.0000
13421;2023-03-09 18:23:25.797000;3;101231;1;1;5800.0000;1;981.0000;None;10600.0000
13421;2023-03-09 18:23:25.797000;3;104554;1;1;4800.0000;1;981.0000;None;10600.0000
13422;2023-03-09 18:24:47.023000;1;102415;1;1;2800.0000;1;259.0000;None;2800.0000
13424;2023-03-09 18:30:11.007000;3;104554;1;1;4800.0000;1;16074.0000;None;173600.0000
13424;2023-03-09 18:35:04.637000;1;103248;1;1;16800.0000;1;16074.0000;None;173600.0000
13424;2023-03-09 18:35:04.637000;1;108005;1;1;0.0000;1;16074.0000;None;173600.0000
13424;2023-03-09 18:45:47.897000;2;101709;1;1;28800.0000;1;16074.0000;None;173600.0000
13424;2023-03-09 19:02:14.480000;2;104685;1;1;25800.0000;1;16074.0000;None;173600.0000
13424;2023-03-09 19:06:06.160000;1;103384;1;1;47800.0000;1;16074.0000;None;173600.0000
13424;2023-03-09 19:06:06.160000;1;101503;1;1;0.0000;1;16074.0000;None;173600.0000
13424;2023-03-09 19:10:05.737000;2;101709;1;1;28800.0000;1;16074.0000;None;173600.0000
13424;2023-03-09 19:10:05.737000;7;1207;1;1;0.0000;1;16074.0000;None;173600.0000
13424;2023-03-09 19:26:11.693000;1;101310;1;1;20800.0000;1;16074.0000;None;173600.0000
13425;2023-03-09 18:30:46.643000;2;101709;1;1;28800.0000;1;10667.0000;None;115200.0000
13425;2023-03-09 18:30:46.643000;6;105631;1;1;0.0000;1;10667.0000;None;115200.0000
13425;2023-03-09 18:30:46.643000;2;101709;1;1;28800.0000;1;10667.0000;None;115200.0000
13425;2023-03-09 18:30:46.643000;3;105735;1;1;0.0000;1;10667.0000;None;115200.0000
13425;2023-03-09 19:26:30.653000;2;101709;1;1;28800.0000;1;10667.0000;None;115200.0000
13425;2023-03-09 19:26:30.653000;6;105631;1;1;0.0000;1;10667.0000;None;115200.0000
13425;2023-03-09 19:26:30.653000;2;101709;1;1;28800.0000;1;10667.0000;None;115200.0000
13425;2023-03-09 19:26:30.653000;6;105631;1;1;0.0000;1;10667.0000;None;115200.0000
13426;2023-03-09 18:43:08.993000;2;101199;1;1;24800.0000;1;None;None;49600.0000
13426;2023-03-09 18:52:45.290000;2;101199;1;1;24800.0000;1;None;None;49600.0000
13429;2023-03-09 18:50:53.520000;3;101333;1;2;31600.0000;1;4000.0000;None;43200.0000
13429;2023-03-09 18:59:21.187000;1;100590;1;2;11600.0000;1;4000.0000;None;43200.0000
13431;2023-03-09 19:10:23.990000;3;101656;1;1;5800.0000;1;537.0000;None;5800.0000
13432;2023-03-09 19:13:18.960000;1;103380;1;1;39800.0000;1;8000.0000;None;86400.0000
13432;2023-03-09 19:13:18.960000;1;101503;1;1;0.0000;1;8000.0000;None;86400.0000
13432;2023-03-09 19:13:18.960000;1;103296;1;1;39800.0000;1;8000.0000;None;86400.0000
13432;2023-03-09 19:13:18.960000;1;108005;1;1;0.0000;1;8000.0000;None;86400.0000
13432;2023-03-09 19:13:18.960000;3;200644;1;1;6800.0000;1;8000.0000;None;86400.0000
13432;2023-03-09 19:13:18.960000;1;101270;1;1;0.0000;1;8000.0000;None;86400.0000
13433;2023-03-09 19:15:08.143000;3;104554;1;1;4800.0000;1;1333.0000;None;14400.0000
13433;2023-03-09 19:15:08.143000;3;104554;1;1;4800.0000;1;1333.0000;None;14400.0000
13433;2023-03-09 19:15:08.143000;3;104554;1;1;4800.0000;1;1333.0000;None;14400.0000
13434;2023-03-09 19:23:34.013000;2;101783;1;1;30800.0000;1;5704.0000;None;61600.0000
13434;2023-03-09 19:23:34.013000;6;105520;1;1;0.0000;1;5704.0000;None;61600.0000
13434;2023-03-09 19:23:34.013000;2;101783;1;1;30800.0000;1;5704.0000;None;61600.0000
13434;2023-03-09 19:23:34.013000;6;105520;1;1;0.0000;1;5704.0000;None;61600.0000
13434;2023-03-09 13:15:50.603000;1;103763;1;1;14800.0000;1;5704.0000;None;61600.0000
13434;2023-03-09 12:07:48.010000;2;101875;1;1;30800.0000;1;5704.0000;None;61600.0000
13434;2023-03-09 21:54:20.833000;2;101875;1;-1;-30800.0000;1;5704.0000;None;61600.0000
13434;2023-03-09 21:54:20.833000;1;103763;1;-1;-14800.0000;1;5704.0000;None;61600.0000
13434;2023-03-09 15:29:11.287000;1;103654;1;1;41800.0000;1;5704.0000;None;61600.0000
13434;2023-03-09 15:29:11.287000;1;101502;1;1;0.0000;1;5704.0000;None;61600.0000
13434;2023-03-09 21:54:37.337000;1;103654;1;-1;-41800.0000;1;5704.0000;None;61600.0000
13434;2023-03-09 21:54:37.337000;1;101502;1;-1;0.0000;1;5704.0000;None;61600.0000
13434;2023-03-09 17:06:15.197000;3;102635;1;1;8800.0000;1;5704.0000;None;61600.0000
13434;2023-03-09 21:54:29.957000;3;102635;1;-1;-8800.0000;1;5704.0000;None;61600.0000
13434;2023-03-09 18:55:57.693000;2;109110;1;1;35800.0000;1;5704.0000;None;61600.0000
13434;2023-03-09 21:54:53.853000;2;109110;1;-1;-35800.0000;1;5704.0000;None;61600.0000
13435;2023-03-09 19:29:38.393000;3;100614;1;1;5800.0000;1;1074.0000;None;11600.0000
13435;2023-03-09 19:56:06.773000;3;100614;1;1;5800.0000;1;1074.0000;None;11600.0000
13436;2023-03-09 19:29:55.703000;2;102979;1;2;67600.0000;1;6259.0000;None;67600.0000
13438;2023-03-09 20:04:13.780000;2;101878;1;3;89400.0000;1;13593.0000;None;146800.0000
13438;2023-03-09 20:04:13.780000;1;103384;1;1;47800.0000;1;13593.0000;None;146800.0000
13438;2023-03-09 20:04:13.780000;1;101503;1;1;0.0000;1;13593.0000;None;146800.0000
13438;2023-03-09 20:04:13.780000;1;102128;1;1;2800.0000;1;13593.0000;None;146800.0000
13438;2023-03-09 20:04:13.780000;3;201958;1;1;6800.0000;1;13593.0000;None;146800.0000
13439;2023-03-09 20:04:48.587000;1;103315;1;1;57800.0000;1;7241.0000;None;78200.0000
13439;2023-03-09 20:04:48.587000;1;108005;1;1;0.0000;1;7241.0000;None;78200.0000
13439;2023-03-09 20:04:48.587000;3;201146;1;1;6800.0000;1;7241.0000;None;78200.0000
13439;2023-03-09 20:04:48.587000;3;100606;1;1;6800.0000;1;7241.0000;None;78200.0000
13439;2023-03-09 20:26:06.413000;1;103992;1;1;6800.0000;1;7241.0000;None;78200.0000
13440;2023-03-09 20:34:36.027000;2;106012;1;1;49800.0000;1;4611.0000;None;49800.0000
26827;2023-03-09 12:42:24.367000;3;102402;1;1;7800.0000;1;722.0000;None;7800.0000
26827;2023-03-09 12:42:24.383000;6;104291;2;1;0.0000;1;722.0000;None;7800.0000
26827;2023-03-09 12:42:24.383000;6;104291;2;1;0.0000;1;722.0000;None;7800.0000
26827;2023-03-09 12:42:24.383000;6;104291;2;1;0.0000;1;722.0000;None;7800.0000
26827;2023-03-09 12:42:24.383000;6;104291;2;1;0.0000;1;722.0000;None;7800.0000
26828;2023-03-09 12:48:02.020000;3;101333;1;1;15800.0000;1;2648.0000;None;28600.0000
26828;2023-03-09 12:48:02.020000;6;105082;1;1;2000.0000;1;2648.0000;None;28600.0000
26828;2023-03-09 12:48:02.020000;6;105082;1;1;2000.0000;1;2648.0000;None;28600.0000
26828;2023-03-09 11:57:43.877000;3;100606;1;1;6800.0000;1;2648.0000;None;28600.0000
26828;2023-03-09 11:57:43.877000;6;105082;1;1;2000.0000;1;2648.0000;None;28600.0000
26829;2023-03-09 12:48:47.383000;3;102653;1;1;4800.0000;1;444.0000;None;4800.0000
26830;2023-03-09 14:33:34.680000;3;201958;1;1;6800.0000;1;1704.0000;None;18400.0000
26830;2023-03-09 14:33:34.680000;3;101231;1;2;11600.0000;1;1704.0000;None;18400.0000
26831;2023-03-09 14:41:34.870000;3;100614;1;1;5800.0000;1;1704.0000;None;18400.0000
26831;2023-03-09 15:21:52.733000;3;100606;1;1;6800.0000;1;1704.0000;None;18400.0000
26831;2023-03-09 15:21:52.733000;3;100614;1;1;5800.0000;1;1704.0000;None;18400.0000
26832;2023-03-09 14:42:22.630000;3;100606;1;1;6800.0000;1;1796.0000;None;19400.0000
26832;2023-03-09 14:42:22.630000;3;100614;1;1;5800.0000;1;1796.0000;None;19400.0000
26832;2023-03-09 14:56:46.513000;3;100607;1;1;6800.0000;1;1796.0000;None;19400.0000
26832;2023-03-09 14:56:46.513000;7;2009;1;1;0.0000;1;1796.0000;None;19400.0000
26833;2023-03-09 15:00:33.007000;3;100614;1;1;5800.0000;1;13616.0000;None;147050.0000
26833;2023-03-09 15:00:33.007000;3;108531;1;1;7800.0000;1;13616.0000;None;147050.0000
26833;2023-03-09 15:00:33.007000;7;2057;1;1;0.0000;1;13616.0000;None;147050.0000
26833;2023-03-09 15:00:33.007000;2;101689;1;1;37800.0000;1;13616.0000;None;147050.0000
26833;2023-03-09 15:00:33.007000;7;2002;1;1;0.0000;1;13616.0000;None;147050.0000
26833;2023-03-09 15:00:33.007000;3;200644;1;1;6800.0000;1;13616.0000;None;147050.0000
26833;2023-03-09 15:00:33.007000;7;2002;1;1;0.0000;1;13616.0000;None;147050.0000
26833;2023-03-09 15:00:33.007000;1;101270;1;1;0.0000;1;13616.0000;None;147050.0000
26833;2023-03-09 15:00:33.007000;1;107283;1;18;2700.0000;1;13616.0000;None;147050.0000
26833;2023-03-09 15:10:42.757000;1;107283;1;17;2550.0000;1;13616.0000;None;147050.0000
26833;2023-03-09 15:21:43.660000;2;101689;1;1;37800.0000;1;13616.0000;None;147050.0000
26833;2023-03-09 15:21:43.660000;7;2002;1;1;0.0000;1;13616.0000;None;147050.0000
26833;2023-03-09 15:21:43.660000;1;103250;1;1;45800.0000;1;13616.0000;None;147050.0000
26833;2023-03-09 15:21:43.660000;1;108005;1;1;0.0000;1;13616.0000;None;147050.0000
26835;2023-03-09 15:08:29.117000;3;100607;1;1;6800.0000;1;1796.0000;None;19400.0000
26835;2023-03-09 15:08:29.117000;3;100614;1;1;5800.0000;1;1796.0000;None;19400.0000
26835;2023-03-09 16:28:48.650000;3;200644;1;1;6800.0000;1;1796.0000;None;19400.0000
26835;2023-03-09 16:28:48.650000;7;2002;1;1;0.0000;1;1796.0000;None;19400.0000
26835;2023-03-09 16:28:48.650000;1;101270;1;1;0.0000;1;1796.0000;None;19400.0000
26836;2023-03-09 15:41:11.153000;3;100606;1;1;6800.0000;1;2426.0000;None;26200.0000
26836;2023-03-09 15:49:24.770000;3;201958;1;1;6800.0000;1;2426.0000;None;26200.0000
26836;2023-03-09 15:49:24.770000;3;100606;1;1;6800.0000;1;2426.0000;None;26200.0000
26836;2023-03-09 15:49:24.770000;3;100614;1;1;5800.0000;1;2426.0000;None;26200.0000
26837;2023-03-09 15:00:44.557000;3;100614;1;2;11600.0000;1;3148.0000;None;34000.0000
26837;2023-03-09 15:00:44.557000;3;100606;1;1;6800.0000;1;3148.0000;None;34000.0000
26837;2023-03-09 15:00:44.557000;3;200644;1;1;6800.0000;1;3148.0000;None;34000.0000
26837;2023-03-09 15:00:44.557000;7;2050;1;1;0.0000;1;3148.0000;None;34000.0000
26837;2023-03-09 15:00:44.557000;1;101270;1;1;0.0000;1;3148.0000;None;34000.0000
26837;2023-03-09 15:01:47.163000;3;100607;1;1;6800.0000;1;3148.0000;None;34000.0000
26837;2023-03-09 15:01:47.163000;6;105082;1;1;2000.0000;1;3148.0000;None;34000.0000
26838;2023-03-09 16:09:46.117000;3;108533;1;1;9800.0000;1;7963.0000;None;86000.0000
26838;2023-03-09 16:09:46.117000;7;2051;1;1;0.0000;1;7963.0000;None;86000.0000
26838;2023-03-09 16:09:46.117000;7;2009;1;1;0.0000;1;7963.0000;None;86000.0000
26838;2023-03-09 16:11:02.933000;3;202114;1;1;11800.0000;1;7963.0000;None;86000.0000
26838;2023-03-09 16:11:02.933000;1;101270;1;1;0.0000;1;7963.0000;None;86000.0000
26838;2023-03-09 16:11:02.933000;6;101575;1;1;0.0000;1;7963.0000;None;86000.0000
26838;2023-03-09 16:16:25.347000;3;100614;1;1;5800.0000;1;7963.0000;None;86000.0000
26838;2023-03-09 16:26:04.687000;3;100614;1;1;5800.0000;1;7963.0000;None;86000.0000
26838;2023-03-09 17:17:43.523000;3;100614;1;3;17400.0000;1;7963.0000;None;86000.0000
26838;2023-03-09 17:17:43.523000;3;202114;1;1;11800.0000;1;7963.0000;None;86000.0000
26838;2023-03-09 17:17:43.523000;7;2002;1;1;0.0000;1;7963.0000;None;86000.0000
26838;2023-03-09 17:17:43.523000;1;101270;1;1;0.0000;1;7963.0000;None;86000.0000
26838;2023-03-09 18:14:43.067000;3;101333;1;1;15800.0000;1;7963.0000;None;86000.0000
26838;2023-03-09 18:14:43.067000;3;108531;1;1;7800.0000;1;7963.0000;None;86000.0000
26838;2023-03-09 18:14:43.067000;7;2057;1;1;0.0000;1;7963.0000;None;86000.0000
26839;2023-03-09 16:41:50.440000;3;100614;1;1;5800.0000;1;1074.0000;None;11600.0000
26839;2023-03-09 16:46:32.087000;3;101231;1;1;5800.0000;1;1074.0000;None;11600.0000
26841;2023-03-09 17:06:15.197000;3;101231;1;1;5800.0000;1;1352.0000;None;14600.0000
26841;2023-03-09 17:06:15.197000;3;102635;1;1;8800.0000;1;1352.0000;None;14600.0000
26842;2023-03-09 17:08:59.730000;3;101208;1;1;12800.0000;1;15426.0000;None;166600.0000
26842;2023-03-09 17:08:59.730000;2;101709;1;1;28800.0000;1;15426.0000;None;166600.0000
26842;2023-03-09 17:08:59.730000;6;105520;1;1;0.0000;1;15426.0000;None;166600.0000
26842;2023-03-09 18:16:46.150000;2;101709;1;1;28800.0000;1;15426.0000;None;166600.0000
26842;2023-03-09 18:16:46.150000;6;105520;1;1;0.0000;1;15426.0000;None;166600.0000
26842;2023-03-09 18:16:46.150000;2;101709;1;1;28800.0000;1;15426.0000;None;166600.0000
26842;2023-03-09 18:16:46.150000;6;105520;1;1;0.0000;1;15426.0000;None;166600.0000
26842;2023-03-09 18:16:46.150000;2;101709;1;1;28800.0000;1;15426.0000;None;166600.0000
26842;2023-03-09 18:16:46.150000;6;105520;1;1;0.0000;1;15426.0000;None;166600.0000
26842;2023-03-09 18:22:00.027000;3;201146;1;1;6800.0000;1;15426.0000;None;166600.0000
26842;2023-03-09 18:22:00.027000;7;2008;1;3;0.0000;1;15426.0000;None;166600.0000
26842;2023-03-09 18:51:39.533000;1;102025;1;1;31800.0000;1;15426.0000;None;166600.0000
26842;2023-03-09 18:51:39.533000;1;101503;1;1;0.0000;1;15426.0000;None;166600.0000
26843;2023-03-09 17:20:19.267000;3;108533;1;1;9800.0000;1;2167.0000;None;23400.0000
26843;2023-03-09 17:20:19.267000;6;105082;1;1;2000.0000;1;2167.0000;None;23400.0000
26843;2023-03-09 17:20:19.267000;3;101231;1;1;5800.0000;1;2167.0000;None;23400.0000
26843;2023-03-09 18:31:43.520000;3;101231;1;1;5800.0000;1;2167.0000;None;23400.0000
26844;2023-03-09 17:34:38.510000;3;100606;1;1;6800.0000;1;4352.0000;None;47000.0000
26844;2023-03-09 17:34:38.510000;3;201211;1;1;6800.0000;1;4352.0000;None;47000.0000
26844;2023-03-09 17:34:38.510000;7;2002;1;1;0.0000;1;4352.0000;None;47000.0000
26844;2023-03-09 17:53:18.093000;1;104004;1;1;16800.0000;1;4352.0000;None;47000.0000
26844;2023-03-09 17:53:18.093000;7;1027;1;1;0.0000;1;4352.0000;None;47000.0000
26844;2023-03-09 17:54:54.410000;1;109556;1;1;11800.0000;1;4352.0000;None;47000.0000
26844;2023-03-09 16:58:28.800000;3;104554;1;1;4800.0000;1;4352.0000;None;47000.0000
26845;2023-03-09 17:37:32.817000;2;200140;1;1;70800.0000;1;6556.0000;None;70800.0000
26845;2023-03-09 17:37:32.817000;7;2008;1;2;0.0000;1;6556.0000;None;70800.0000
26846;2023-03-09 17:40:57.973000;3;101231;1;1;5800.0000;1;2241.0000;None;24200.0000
26846;2023-03-09 17:40:57.973000;3;100614;1;1;5800.0000;1;2241.0000;None;24200.0000
26846;2023-03-09 17:55:25.457000;3;201269;1;1;6800.0000;1;2241.0000;None;24200.0000
26846;2023-03-09 17:55:25.457000;1;101270;1;1;0.0000;1;2241.0000;None;24200.0000
26846;2023-03-09 17:55:25.457000;7;2002;1;1;0.0000;1;2241.0000;None;24200.0000
26846;2023-03-09 17:57:42.933000;3;100614;1;1;5800.0000;1;2241.0000;None;24200.0000
26847;2023-03-09 17:45:53.897000;3;102653;1;1;4800.0000;1;889.0000;None;9600.0000
26847;2023-03-09 18:46:16.253000;3;104554;1;1;4800.0000;1;889.0000;None;9600.0000
26848;2023-03-09 18:04:37.530000;3;102653;1;1;4800.0000;1;444.0000;None;4800.0000
26849;2023-03-09 18:31:25.653000;1;102128;1;2;5600.0000;1;9574.0000;None;103400.0000
26849;2023-03-09 18:35:38.663000;2;101783;1;1;30800.0000;1;9574.0000;None;103400.0000
26849;2023-03-09 18:35:38.663000;6;105520;1;1;0.0000;1;9574.0000;None;103400.0000
26849;2023-03-09 18:59:48.483000;3;101231;1;1;5800.0000;1;9574.0000;None;103400.0000
26849;2023-03-09 19:08:21.463000;1;101257;1;1;26800.0000;1;9574.0000;None;103400.0000
26849;2023-03-09 19:08:21.463000;8;101576;1;1;0.0000;1;9574.0000;None;103400.0000
26849;2023-03-09 19:08:21.463000;1;101503;1;1;0.0000;1;9574.0000;None;103400.0000
26849;2023-03-09 19:08:21.463000;1;101257;1;1;26800.0000;1;9574.0000;None;103400.0000
26849;2023-03-09 19:08:21.463000;1;101503;1;1;0.0000;1;9574.0000;None;103400.0000
26849;2023-03-09 19:08:21.463000;8;101576;1;1;0.0000;1;9574.0000;None;103400.0000
26849;2023-03-09 19:08:21.463000;1;105603;1;2;7600.0000;1;9574.0000;None;103400.0000
26849;2023-03-09 19:08:21.463000;7;1157;1;2;0.0000;1;9574.0000;None;103400.0000
26852;2023-03-09 18:59:32.167000;2;101728;1;1;33800.0000;1;6148.0000;None;66400.0000
26852;2023-03-09 18:59:32.167000;2;104685;1;1;25800.0000;1;6148.0000;None;66400.0000
26852;2023-03-09 19:08:53.987000;3;100606;1;1;6800.0000;1;6148.0000;None;66400.0000
26853;2023-03-09 19:16:32.107000;3;100614;1;1;5800.0000;1;537.0000;None;5800.0000
26855;2023-03-09 19:33:32.697000;1;103587;1;1;49800.0000;1;9389.0000;None;101400.0000
26855;2023-03-09 19:33:32.697000;1;101503;1;1;0.0000;1;9389.0000;None;101400.0000
26855;2023-03-09 19:38:00.920000;2;104685;1;1;25800.0000;1;9389.0000;None;101400.0000
26855;2023-03-09 19:38:00.920000;2;104685;1;1;25800.0000;1;9389.0000;None;101400.0000
26856;2023-03-09 20:12:12.367000;2;102979;1;2;67600.0000;1;6259.0000;None;67600.0000
26857;2023-03-09 21:02:40.703000;2;102979;1;2;67600.0000;1;6259.0000;None;67600.0000
