4498;2023-03-10 19:03:49.803000;2;200150;1;1;159800.0000;1;None;None;159800.0000
4499;2023-03-10 18:57:48.840000;3;101231;1;1;5800.0000;1;4778.0000;None;51600.0000
4499;2023-03-10 19:16:32.047000;1;103250;1;1;45800.0000;1;4778.0000;None;51600.0000
4499;2023-03-10 19:16:32.047000;1;108005;1;1;0.0000;1;4778.0000;None;51600.0000
13442;2023-03-10 08:58:42.527000;3;100614;1;1;5800.0000;1;1074.0000;None;11600.0000
13442;2023-03-10 09:06:05.630000;3;100614;1;1;5800.0000;1;1074.0000;None;11600.0000
13443;2023-03-10 09:06:17.160000;3;100596;1;1;5800.0000;1;537.0000;None;5800.0000
13443;2023-03-10 09:06:17.160000;7;2045;1;1;0.0000;1;537.0000;None;5800.0000
13444;2023-03-10 09:23:07.690000;3;100614;1;1;5800.0000;1;1074.0000;None;11600.0000
13444;2023-03-10 09:23:07.690000;3;100614;1;1;5800.0000;1;1074.0000;None;11600.0000
13445;2023-03-10 09:25:23.017000;1;104172;1;1;10800.0000;1;None;None;10800.0000
13445;2023-03-10 09:25:23.017000;7;1157;1;1;0.0000;1;None;None;10800.0000
13446;2023-03-10 09:29:30.833000;3;100606;1;1;6800.0000;1;1889.0000;None;20400.0000
13446;2023-03-10 09:29:30.833000;3;100606;1;1;6800.0000;1;1889.0000;None;20400.0000
13446;2023-03-10 09:37:48.920000;3;100606;1;1;6800.0000;1;1889.0000;None;20400.0000
13447;2023-03-10 09:51:02.167000;3;100607;1;1;6800.0000;1;2602.0000;None;28100.0000
13447;2023-03-10 09:51:02.167000;7;2052;1;1;0.0000;1;2602.0000;None;28100.0000
13447;2023-03-10 09:51:02.167000;7;2052;1;1;0.0000;1;2602.0000;None;28100.0000
13447;2023-03-10 09:51:02.167000;3;100596;1;1;5800.0000;1;2602.0000;None;28100.0000
13447;2023-03-10 11:55:57.980000;3;201146;1;1;6800.0000;1;2602.0000;None;28100.0000
13447;2023-03-10 11:55:57.980000;6;101575;1;1;0.0000;1;2602.0000;None;28100.0000
13447;2023-03-10 11:56:27.947000;1;107283;1;58;8700.0000;1;2602.0000;None;28100.0000
13448;2023-03-10 09:56:06.113000;3;107358;1;1;26800.0000;1;13759.0000;None;148600.0000
13448;2023-03-10 09:57:23.013000;3;102630;1;1;8800.0000;1;13759.0000;None;148600.0000
13448;2023-03-10 09:57:23.013000;7;2065;1;1;0.0000;1;13759.0000;None;148600.0000
13448;2023-03-10 09:57:23.013000;3;102644;1;1;6800.0000;1;13759.0000;None;148600.0000
13448;2023-03-10 09:57:23.013000;7;2065;1;1;0.0000;1;13759.0000;None;148600.0000
13448;2023-03-10 09:58:03.820000;1;102557;1;1;11800.0000;1;13759.0000;None;148600.0000
13448;2023-03-10 09:58:03.820000;6;100523;1;1;0.0000;1;13759.0000;None;148600.0000
13448;2023-03-10 09:58:03.820000;1;102557;1;1;11800.0000;1;13759.0000;None;148600.0000
13448;2023-03-10 09:58:03.820000;6;100523;1;1;0.0000;1;13759.0000;None;148600.0000
13448;2023-03-10 09:58:03.820000;1;100590;1;1;5800.0000;1;13759.0000;None;148600.0000
13448;2023-03-10 09:58:03.820000;1;102206;1;1;1000.0000;1;13759.0000;None;148600.0000
13448;2023-03-10 09:58:03.820000;1;102212;1;1;1800.0000;1;13759.0000;None;148600.0000
13448;2023-03-10 09:58:03.820000;1;100590;1;1;5800.0000;1;13759.0000;None;148600.0000
13448;2023-03-10 09:58:03.820000;7;1135;1;1;0.0000;1;13759.0000;None;148600.0000
13448;2023-03-10 10:03:05.650000;1;103056;1;1;24800.0000;1;13759.0000;None;148600.0000
13448;2023-03-10 10:12:50.987000;3;101333;1;1;15800.0000;1;13759.0000;None;148600.0000
13448;2023-03-10 10:12:50.987000;3;101333;1;1;15800.0000;1;13759.0000;None;148600.0000
13448;2023-03-10 10:19:51.553000;3;108533;1;1;9800.0000;1;13759.0000;None;148600.0000
13448;2023-03-10 10:19:51.553000;6;105082;1;1;2000.0000;1;13759.0000;None;148600.0000
13449;2023-03-10 09:58:22.520000;3;201269;1;1;6800.0000;1;1167.0000;None;12600.0000
13449;2023-03-10 09:58:22.520000;7;2002;1;1;0.0000;1;1167.0000;None;12600.0000
13449;2023-03-10 09:58:22.520000;6;101575;1;1;0.0000;1;1167.0000;None;12600.0000
13449;2023-03-10 09:58:22.520000;1;101270;1;1;0.0000;1;1167.0000;None;12600.0000
13449;2023-03-10 09:58:22.520000;7;2051;1;1;0.0000;1;1167.0000;None;12600.0000
13449;2023-03-10 09:58:22.520000;3;100614;1;1;5800.0000;1;1167.0000;None;12600.0000
13450;2023-03-10 10:12:36.463000;3;100614;1;1;5800.0000;1;1796.0000;None;19400.0000
13450;2023-03-10 10:12:36.463000;3;202707;1;1;7800.0000;1;1796.0000;None;19400.0000
13450;2023-03-10 10:27:48.143000;3;100614;1;1;5800.0000;1;1796.0000;None;19400.0000
13451;2023-03-10 10:17:18.503000;1;103047;1;1;22800.0000;1;4111.0000;None;44400.0000
13451;2023-03-10 10:17:18.503000;1;100590;1;1;5800.0000;1;4111.0000;None;44400.0000
13451;2023-03-10 10:26:05.357000;3;101333;1;1;15800.0000;1;4111.0000;None;44400.0000
13452;2023-03-10 10:20:03.670000;3;100606;1;1;6800.0000;1;6037.0000;None;65200.0000
13452;2023-03-10 10:20:03.670000;3;100606;1;1;6800.0000;1;6037.0000;None;65200.0000
13452;2023-03-10 10:23:19.890000;1;100625;1;1;8800.0000;1;6037.0000;None;65200.0000
13452;2023-03-10 10:23:19.890000;1;100625;1;1;8800.0000;1;6037.0000;None;65200.0000
13452;2023-03-10 10:23:19.890000;1;103102;1;1;7800.0000;1;6037.0000;None;65200.0000
13452;2023-03-10 10:13:54.613000;3;100614;1;1;5800.0000;1;6037.0000;None;65200.0000
13452;2023-03-10 10:31:52.217000;3;100606;1;1;6800.0000;1;6037.0000;None;65200.0000
13452;2023-03-10 10:31:52.217000;7;2052;1;1;0.0000;1;6037.0000;None;65200.0000
13452;2023-03-10 10:31:52.217000;7;2052;1;1;0.0000;1;6037.0000;None;65200.0000
13452;2023-03-10 10:31:52.217000;1;103102;1;1;7800.0000;1;6037.0000;None;65200.0000
13452;2023-03-10 10:50:18.437000;3;100614;1;1;5800.0000;1;6037.0000;None;65200.0000
13453;2023-03-10 10:22:16.590000;3;100614;1;2;11600.0000;1;None;None;11600.0000
13453;2023-03-10 10:22:16.590000;7;1207;1;1;0.0000;1;None;None;11600.0000
13453;2023-03-10 10:22:16.590000;7;2046;1;1;0.0000;1;None;None;11600.0000
13453;2023-03-10 10:22:16.590000;7;2046;1;1;0.0000;1;None;None;11600.0000
13454;2023-03-10 10:26:48.557000;3;100607;1;1;6800.0000;1;1796.0000;None;19400.0000
13454;2023-03-10 10:26:48.557000;7;2028;1;1;0.0000;1;1796.0000;None;19400.0000
13454;2023-03-10 10:26:48.557000;3;100607;1;1;6800.0000;1;1796.0000;None;19400.0000
13454;2023-03-10 10:26:48.557000;1;100590;1;1;5800.0000;1;1796.0000;None;19400.0000
13455;2023-03-10 10:31:14.527000;3;100607;1;1;6800.0000;1;1167.0000;None;12600.0000
13455;2023-03-10 10:31:14.527000;1;100590;1;1;5800.0000;1;1167.0000;None;12600.0000
13457;2023-03-10 10:50:15.047000;3;108531;1;1;7800.0000;1;1167.0000;None;12600.0000
13457;2023-03-10 10:50:15.047000;7;2057;1;1;0.0000;1;1167.0000;None;12600.0000
13457;2023-03-10 11:36:57.760000;3;104554;1;1;4800.0000;1;1167.0000;None;12600.0000
13458;2023-03-10 10:52:33.033000;3;100614;1;1;5800.0000;1;2426.0000;None;26200.0000
13458;2023-03-10 10:52:33.033000;7;2033;1;1;0.0000;1;2426.0000;None;26200.0000
13458;2023-03-10 10:52:33.033000;7;2033;1;1;0.0000;1;2426.0000;None;26200.0000
13458;2023-03-10 11:02:55.370000;3;100614;1;1;5800.0000;1;2426.0000;None;26200.0000
13458;2023-03-10 11:02:55.370000;7;2052;1;1;0.0000;1;2426.0000;None;26200.0000
13458;2023-03-10 11:02:55.370000;7;2052;1;1;0.0000;1;2426.0000;None;26200.0000
13458;2023-03-10 11:02:55.370000;3;102635;1;1;8800.0000;1;2426.0000;None;26200.0000
13458;2023-03-10 11:38:52.980000;3;100614;1;1;5800.0000;1;2426.0000;None;26200.0000
13458;2023-03-10 11:38:52.980000;7;2033;1;1;0.0000;1;2426.0000;None;26200.0000
13458;2023-03-10 11:38:52.980000;7;2033;1;1;0.0000;1;2426.0000;None;26200.0000
13459;2023-03-10 10:53:25.597000;3;100606;1;1;6800.0000;1;6185.0000;None;66800.0000
13459;2023-03-10 10:53:25.597000;7;2009;1;1;0.0000;1;6185.0000;None;66800.0000
13459;2023-03-10 10:53:25.597000;7;2009;1;1;0.0000;1;6185.0000;None;66800.0000
13459;2023-03-10 11:00:26.940000;3;201146;1;1;6800.0000;1;6185.0000;None;66800.0000
13459;2023-03-10 11:25:07.623000;3;100606;1;1;6800.0000;1;6185.0000;None;66800.0000
13459;2023-03-10 11:25:07.623000;7;2009;1;1;0.0000;1;6185.0000;None;66800.0000
13459;2023-03-10 11:25:07.623000;7;2009;1;1;0.0000;1;6185.0000;None;66800.0000
13459;2023-03-10 12:30:52.060000;1;101261;1;1;35800.0000;1;6185.0000;None;66800.0000
13459;2023-03-10 12:30:52.060000;1;101502;1;1;0.0000;1;6185.0000;None;66800.0000
13459;2023-03-10 12:30:52.060000;1;102260;1;1;3800.0000;1;6185.0000;None;66800.0000
13459;2023-03-10 12:30:52.060000;8;101576;1;1;0.0000;1;6185.0000;None;66800.0000
13459;2023-03-10 12:30:52.060000;3;201269;1;1;6800.0000;1;6185.0000;None;66800.0000
13459;2023-03-10 12:30:52.060000;1;101270;1;1;0.0000;1;6185.0000;None;66800.0000
13459;2023-03-10 12:30:52.060000;1;101270;1;1;0.0000;1;6185.0000;None;66800.0000
13460;2023-03-10 10:56:25.937000;3;104554;1;1;4800.0000;1;444.0000;None;4800.0000
13461;2023-03-10 10:58:05.237000;3;100606;1;1;6800.0000;1;1167.0000;None;12600.0000
13461;2023-03-10 10:58:05.237000;1;100590;1;1;5800.0000;1;1167.0000;None;12600.0000
13461;2023-03-10 10:58:05.237000;7;1027;1;1;0.0000;1;1167.0000;None;12600.0000
13462;2023-03-10 11:09:58.577000;1;104156;1;1;6800.0000;1;1889.0000;None;20400.0000
13462;2023-03-10 11:12:03.890000;3;100606;1;1;6800.0000;1;1889.0000;None;20400.0000
13462;2023-03-10 12:01:17.447000;3;100606;1;1;6800.0000;1;1889.0000;None;20400.0000
13463;2023-03-10 11:20:07.077000;3;104554;1;1;4800.0000;1;981.0000;None;10600.0000
13463;2023-03-10 11:20:07.077000;3;101231;1;1;5800.0000;1;981.0000;None;10600.0000
13464;2023-03-10 11:29:04.890000;3;100614;1;1;5800.0000;1;537.0000;None;5800.0000
13465;2023-03-10 11:39:45.007000;3;100606;1;1;6800.0000;1;630.0000;None;6800.0000
13465;2023-03-10 11:39:45.007000;7;2052;1;1;0.0000;1;630.0000;None;6800.0000
13465;2023-03-10 11:39:45.007000;7;2052;1;1;0.0000;1;630.0000;None;6800.0000
13466;2023-03-10 11:43:34.017000;1;101069;1;4;11200.0000;1;5870.0000;None;63400.0000
13466;2023-03-10 11:43:34.017000;7;1135;1;1;0.0000;1;5870.0000;None;63400.0000
13466;2023-03-10 11:45:30.447000;1;101069;1;1;2800.0000;1;5870.0000;None;63400.0000
13466;2023-03-10 11:45:57.010000;1;103297;1;1;39800.0000;1;5870.0000;None;63400.0000
13466;2023-03-10 11:45:57.010000;1;108008;1;2;0.0000;1;5870.0000;None;63400.0000
13466;2023-03-10 11:45:57.010000;7;1135;1;1;0.0000;1;5870.0000;None;63400.0000
13466;2023-03-10 11:45:57.010000;3;102619;1;1;7800.0000;1;5870.0000;None;63400.0000
13466;2023-03-10 11:45:57.010000;7;1207;1;1;0.0000;1;5870.0000;None;63400.0000
13466;2023-03-10 11:53:17.730000;1;102212;1;1;1800.0000;1;5870.0000;None;63400.0000
13467;2023-03-10 11:51:31.023000;3;104554;1;1;4800.0000;1;1426.0000;None;15400.0000
13467;2023-03-10 11:58:34.300000;3;100614;1;1;5800.0000;1;1426.0000;None;15400.0000
13467;2023-03-10 12:16:13.643000;3;104554;1;1;4800.0000;1;1426.0000;None;15400.0000
13468;2023-03-10 11:53:23.717000;3;100606;1;1;6800.0000;1;630.0000;None;6800.0000
13470;2023-03-10 12:00:06.127000;3;101231;1;1;5800.0000;1;7037.0000;None;76000.0000
13470;2023-03-10 12:04:41.213000;3;200644;1;2;13600.0000;1;7037.0000;None;76000.0000
13470;2023-03-10 12:04:41.213000;1;101270;1;2;0.0000;1;7037.0000;None;76000.0000
13470;2023-03-10 12:04:41.213000;7;2051;1;1;0.0000;1;7037.0000;None;76000.0000
13470;2023-03-10 12:46:10.957000;1;104929;1;1;47800.0000;1;7037.0000;None;76000.0000
13470;2023-03-10 12:56:26.900000;1;106689;1;1;2800.0000;1;7037.0000;None;76000.0000
13470;2023-03-10 13:52:16.363000;1;102813;1;2;6000.0000;1;7037.0000;None;76000.0000
13470;2023-03-10 13:52:16.363000;7;1135;1;1;0.0000;1;7037.0000;None;76000.0000
13471;2023-03-10 12:01:06.403000;1;104158;1;1;11800.0000;1;9019.0000;None;97400.0000
13471;2023-03-10 12:01:12.427000;2;107998;1;1;42800.0000;1;9019.0000;None;97400.0000
13471;2023-03-10 12:28:06.790000;2;107998;1;1;42800.0000;1;9019.0000;None;97400.0000
13472;2023-03-10 12:22:17.930000;3;101333;1;1;15800.0000;1;2093.0000;None;22600.0000
13472;2023-03-10 12:22:17.930000;3;100606;1;1;6800.0000;1;2093.0000;None;22600.0000
13473;2023-03-10 13:27:17.617000;1;104004;1;1;16800.0000;1;2444.0000;None;26400.0000
13473;2023-03-10 21:20:29.673000;3;104554;1;2;9600.0000;1;2444.0000;None;26400.0000
13474;2023-03-10 12:34:24.797000;3;201146;1;1;6800.0000;1;None;None;6800.0000
13474;2023-03-10 12:34:24.797000;3;108191;1;1;0.0000;1;None;None;6800.0000
13474;2023-03-10 12:34:24.797000;7;1207;1;1;0.0000;1;None;None;6800.0000
13475;2023-03-10 12:36:03.317000;1;104156;1;1;6800.0000;1;14000.0000;None;151200.0000
13475;2023-03-10 12:36:21.697000;3;201958;1;1;6800.0000;1;14000.0000;None;151200.0000
13475;2023-03-10 12:36:21.697000;3;201211;1;1;6800.0000;1;14000.0000;None;151200.0000
13475;2023-03-10 12:38:19;1;104929;1;2;95600.0000;1;14000.0000;None;151200.0000
13475;2023-03-10 13:27:17.617000;3;201211;1;1;6800.0000;1;14000.0000;None;151200.0000
13475;2023-03-10 13:27:17.617000;1;101270;1;1;0.0000;1;14000.0000;None;151200.0000
13475;2023-03-10 13:27:17.617000;1;104004;1;1;16800.0000;1;14000.0000;None;151200.0000
13475;2023-03-10 13:32:28.987000;3;100614;1;2;11600.0000;1;14000.0000;None;151200.0000
13476;2023-03-10 12:20:17.783000;3;101151;1;1;6800.0000;1;630.0000;None;6800.0000
13476;2023-03-10 12:20:17.783000;7;2009;1;1;0.0000;1;630.0000;None;6800.0000
13476;2023-03-10 12:20:17.783000;7;2009;1;1;0.0000;1;630.0000;None;6800.0000
13476;2023-03-10 12:20:17.783000;7;2052;1;1;0.0000;1;630.0000;None;6800.0000
13477;2023-03-10 12:44:12.147000;3;201146;1;1;6800.0000;1;29241.0000;None;315800.0000
13477;2023-03-10 12:47:35.017000;2;200136;1;1;109800.0000;1;29241.0000;None;315800.0000
13477;2023-03-10 12:47:35.017000;7;2008;1;4;0.0000;1;29241.0000;None;315800.0000
13477;2023-03-10 12:52:26.637000;1;103076;1;1;49800.0000;1;29241.0000;None;315800.0000
13477;2023-03-10 12:52:26.637000;1;103076;1;1;49800.0000;1;29241.0000;None;315800.0000
13477;2023-03-10 12:52:26.637000;1;103076;1;1;49800.0000;1;29241.0000;None;315800.0000
13477;2023-03-10 12:52:26.637000;1;103076;1;1;49800.0000;1;29241.0000;None;315800.0000
13477;2023-03-10 12:52:26.637000;7;1027;1;1;0.0000;1;29241.0000;None;315800.0000
13479;2023-03-10 13:01:04.813000;3;100614;1;1;5800.0000;1;537.0000;None;5800.0000
13480;2023-03-10 13:02:24.563000;3;100614;1;1;5800.0000;1;537.0000;None;5800.0000
13481;2023-03-10 13:21:54.880000;11;101165;1;1;36200.0000;1;3037.0000;None;141400.0000
13481;2023-03-10 13:21:54.880000;11;101165;1;1;36200.0000;1;3037.0000;None;141400.0000
13481;2023-03-10 13:21:54.880000;11;101165;1;1;36200.0000;1;3037.0000;None;141400.0000
13481;2023-03-10 13:26:25.230000;2;109417;1;1;32800.0000;1;3037.0000;None;141400.0000
13484;2023-03-10 13:38:58.897000;1;103296;1;1;39800.0000;1;8815.0000;None;95200.0000
13484;2023-03-10 13:38:58.897000;1;108005;1;1;0.0000;1;8815.0000;None;95200.0000
13484;2023-03-10 13:38:58.897000;1;103296;1;1;39800.0000;1;8815.0000;None;95200.0000
13484;2023-03-10 13:38:58.897000;1;108005;1;1;0.0000;1;8815.0000;None;95200.0000
13484;2023-03-10 13:41:22.260000;3;102635;1;1;8800.0000;1;8815.0000;None;95200.0000
13484;2023-03-10 13:41:22.260000;3;201211;1;1;6800.0000;1;8815.0000;None;95200.0000
13485;2023-03-10 13:49:50.750000;3;100606;1;2;13600.0000;1;14093.0000;None;152200.0000
13485;2023-03-10 13:49:50.750000;7;2009;1;1;0.0000;1;14093.0000;None;152200.0000
13485;2023-03-10 13:49:50.750000;7;2009;1;1;0.0000;1;14093.0000;None;152200.0000
13485;2023-03-10 14:01:08.517000;1;103646;1;1;47800.0000;1;14093.0000;None;152200.0000
13485;2023-03-10 14:01:08.517000;6;101511;1;1;0.0000;1;14093.0000;None;152200.0000
13485;2023-03-10 14:01:08.517000;1;102060;1;1;30800.0000;1;14093.0000;None;152200.0000
13485;2023-03-10 14:01:08.517000;1;101503;1;1;0.0000;1;14093.0000;None;152200.0000
13485;2023-03-10 14:01:08.517000;7;1135;1;1;0.0000;1;14093.0000;None;152200.0000
13485;2023-03-10 14:01:08.517000;7;1135;1;1;0.0000;1;14093.0000;None;152200.0000
13485;2023-03-10 14:01:08.517000;1;106366;1;1;27800.0000;1;14093.0000;None;152200.0000
13485;2023-03-10 14:01:08.517000;1;101503;1;1;0.0000;1;14093.0000;None;152200.0000
13485;2023-03-10 14:26:08.463000;3;201211;1;2;13600.0000;1;14093.0000;None;152200.0000
13485;2023-03-10 14:26:08.463000;3;100606;1;1;6800.0000;1;14093.0000;None;152200.0000
13485;2023-03-10 14:26:08.463000;7;2009;1;1;0.0000;1;14093.0000;None;152200.0000
13485;2023-03-10 14:28:37.127000;1;104158;1;1;11800.0000;1;14093.0000;None;152200.0000
13487;2023-03-10 14:01:58.507000;1;103076;1;1;49800.0000;1;5778.0000;None;62400.0000
13487;2023-03-10 14:01:58.507000;3;201958;1;1;6800.0000;1;5778.0000;None;62400.0000
13487;2023-03-10 14:28:05.063000;3;100614;1;1;5800.0000;1;5778.0000;None;62400.0000
13488;2023-03-10 14:06:36.567000;3;100606;1;1;6800.0000;1;1259.0000;None;13600.0000
13488;2023-03-10 14:06:36.567000;7;2009;1;1;0.0000;1;1259.0000;None;13600.0000
13488;2023-03-10 14:06:36.567000;3;100607;1;1;6800.0000;1;1259.0000;None;13600.0000
13488;2023-03-10 14:06:36.567000;7;2009;1;1;0.0000;1;1259.0000;None;13600.0000
13489;2023-03-10 14:09:54.123000;1;202712;1;1;34800.0000;1;3222.0000;None;34800.0000
13489;2023-03-10 14:09:54.123000;1;108006;1;1;0.0000;1;3222.0000;None;34800.0000
13489;2023-03-10 14:09:54.123000;1;106800;2;1;0.0000;1;3222.0000;None;34800.0000
13489;2023-03-10 14:09:54.123000;1;106271;1;1;0.0000;1;3222.0000;None;34800.0000
13494;2023-03-10 14:14:09.900000;3;100613;1;1;5800.0000;1;None;None;25800.0000
13494;2023-03-10 14:24:00.537000;1;105281;1;1;20000.0000;1;None;None;25800.0000
13495;2023-03-10 14:21:09.297000;3;201146;1;1;6800.0000;1;15074.0000;None;162800.0000
13495;2023-03-10 14:21:09.297000;3;102750;1;1;5800.0000;1;15074.0000;None;162800.0000
13495;2023-03-10 14:21:09.297000;7;1207;1;1;0.0000;1;15074.0000;None;162800.0000
13495;2023-03-10 14:21:09.297000;1;104929;1;2;95600.0000;1;15074.0000;None;162800.0000
13495;2023-03-10 14:21:09.297000;1;104929;1;1;47800.0000;1;15074.0000;None;162800.0000
13495;2023-03-10 14:21:09.297000;7;1135;1;1;0.0000;1;15074.0000;None;162800.0000
13495;2023-03-10 14:38:48.477000;3;200644;1;1;6800.0000;1;15074.0000;None;162800.0000
13495;2023-03-10 14:38:48.477000;1;101270;1;1;0.0000;1;15074.0000;None;162800.0000
13496;2023-03-10 14:33:11.473000;1;104932;1;1;46800.0000;1;5056.0000;None;54600.0000
13496;2023-03-10 14:33:11.473000;1;108006;1;1;0.0000;1;5056.0000;None;54600.0000
13496;2023-03-10 14:33:11.473000;3;102624;1;1;7800.0000;1;5056.0000;None;54600.0000
13497;2023-03-10 14:33:32.853000;3;108531;1;1;7800.0000;1;5963.0000;None;64400.0000
13497;2023-03-10 14:33:32.853000;7;2057;1;1;0.0000;1;5963.0000;None;64400.0000
13497;2023-03-10 14:33:32.853000;1;104172;1;1;10800.0000;1;5963.0000;None;64400.0000
13497;2023-03-10 14:36:35.823000;2;102774;1;1;45800.0000;1;5963.0000;None;64400.0000
13499;2023-03-10 14:56:37.390000;3;104554;1;2;9600.0000;1;1426.0000;None;15400.0000
13499;2023-03-10 14:58:17.003000;3;101231;1;1;5800.0000;1;1426.0000;None;15400.0000
13500;2023-03-10 15:00:53.590000;3;100606;1;3;20400.0000;1;None;None;38080.0000
13500;2023-03-10 15:33:11.787000;3;201146;1;1;6800.0000;1;None;None;38080.0000
13500;2023-03-10 16:12:14.410000;3;100606;1;3;20400.0000;1;None;None;38080.0000
13500;2023-03-10 16:55:31.247000;None;4;None;1;-9520.0000;2;None;None;38080.0000
13502;2023-03-10 15:13:09.487000;2;101728;1;1;33800.0000;1;9630.0000;None;104000.0000
13502;2023-03-10 15:13:09.487000;2;101728;1;1;33800.0000;1;9630.0000;None;104000.0000
13502;2023-03-10 15:13:09.487000;3;200644;1;1;6800.0000;1;9630.0000;None;104000.0000
13502;2023-03-10 15:13:09.487000;1;101270;1;1;0.0000;1;9630.0000;None;104000.0000
13502;2023-03-10 15:13:09.487000;1;103288;1;1;24800.0000;1;9630.0000;None;104000.0000
13502;2023-03-10 15:13:09.487000;1;108005;1;1;0.0000;1;9630.0000;None;104000.0000
13502;2023-03-10 15:13:09.487000;1;102254;1;1;4800.0000;1;9630.0000;None;104000.0000
13502;2023-03-10 15:13:09.487000;7;1011;1;1;0.0000;1;9630.0000;None;104000.0000
13503;2023-03-10 15:16:09.597000;3;100614;1;3;17400.0000;1;5296.0000;None;57200.0000
13503;2023-03-10 15:16:09.597000;7;2034;1;3;0.0000;1;5296.0000;None;57200.0000
13503;2023-03-10 15:16:09.597000;3;201146;1;1;6800.0000;1;5296.0000;None;57200.0000
13503;2023-03-10 15:16:09.597000;1;103992;1;1;6800.0000;1;5296.0000;None;57200.0000
13503;2023-03-10 15:16:09.597000;1;103992;1;1;6800.0000;1;5296.0000;None;57200.0000
13503;2023-03-10 13:10:21.863000;3;100614;1;1;5800.0000;1;5296.0000;None;57200.0000
13503;2023-03-10 13:10:21.863000;7;2034;1;1;0.0000;1;5296.0000;None;57200.0000
13503;2023-03-10 13:10:21.863000;3;201146;1;1;6800.0000;1;5296.0000;None;57200.0000
13503;2023-03-10 15:33:20.617000;3;201146;1;1;6800.0000;1;5296.0000;None;57200.0000
13504;2023-03-10 15:17:04.280000;3;101209;1;1;12800.0000;1;7870.0000;None;85000.0000
13504;2023-03-10 15:17:04.280000;3;101208;1;1;12800.0000;1;7870.0000;None;85000.0000
13504;2023-03-10 15:17:04.280000;1;104004;1;1;16800.0000;1;7870.0000;None;85000.0000
13504;2023-03-10 15:17:04.280000;7;1027;1;1;0.0000;1;7870.0000;None;85000.0000
13504;2023-03-10 15:17:04.280000;1;101088;1;1;3800.0000;1;7870.0000;None;85000.0000
13504;2023-03-10 15:17:04.280000;7;1011;1;1;0.0000;1;7870.0000;None;85000.0000
13504;2023-03-10 15:36:04.473000;3;201146;1;1;6800.0000;1;7870.0000;None;85000.0000
13504;2023-03-10 15:36:04.473000;7;2050;1;1;0.0000;1;7870.0000;None;85000.0000
13504;2023-03-10 15:36:04.473000;7;2008;1;2;0.0000;1;7870.0000;None;85000.0000
13504;2023-03-10 16:00:16.833000;3;100614;1;1;5800.0000;1;7870.0000;None;85000.0000
13504;2023-03-10 16:00:16.833000;3;200644;1;1;6800.0000;1;7870.0000;None;85000.0000
13504;2023-03-10 16:02:13.700000;3;100614;1;1;5800.0000;1;7870.0000;None;85000.0000
13504;2023-03-10 17:27:47.577000;3;201146;1;1;6800.0000;1;7870.0000;None;85000.0000
13504;2023-03-10 17:27:47.577000;3;200644;1;1;6800.0000;1;7870.0000;None;85000.0000
13505;2023-03-10 15:18:20.873000;3;100614;1;2;11600.0000;1;6963.0000;None;75200.0000
13505;2023-03-10 15:18:20.873000;1;103246;1;2;63600.0000;1;6963.0000;None;75200.0000
13505;2023-03-10 15:18:20.873000;1;108006;1;1;0.0000;1;6963.0000;None;75200.0000
13505;2023-03-10 15:18:20.873000;1;108006;1;1;0.0000;1;6963.0000;None;75200.0000
13505;2023-03-10 15:18:20.873000;7;1135;1;1;0.0000;1;6963.0000;None;75200.0000
13508;2023-03-10 15:32:48.713000;2;101727;1;1;30800.0000;1;19333.0000;None;208800.0000
13508;2023-03-10 15:32:48.713000;2;107998;1;1;42800.0000;1;19333.0000;None;208800.0000
13508;2023-03-10 15:32:48.713000;3;102102;1;1;9800.0000;1;19333.0000;None;208800.0000
13508;2023-03-10 15:32:48.713000;3;100613;1;1;5800.0000;1;19333.0000;None;208800.0000
13508;2023-03-10 15:32:48.713000;1;102128;1;1;2800.0000;1;19333.0000;None;208800.0000
13508;2023-03-10 15:32:48.713000;1;101257;1;1;26800.0000;1;19333.0000;None;208800.0000
13508;2023-03-10 15:32:48.713000;1;101503;1;1;0.0000;1;19333.0000;None;208800.0000
13508;2023-03-10 15:32:48.713000;1;103961;1;1;16800.0000;1;19333.0000;None;208800.0000
13508;2023-03-10 16:08:26.190000;2;101727;1;2;61600.0000;1;19333.0000;None;208800.0000
13508;2023-03-10 16:08:26.190000;3;100613;1;1;5800.0000;1;19333.0000;None;208800.0000
13508;2023-03-10 16:08:26.190000;1;100590;1;1;5800.0000;1;19333.0000;None;208800.0000
13509;2023-03-10 15:32:59.363000;3;104554;1;1;4800.0000;1;1981.0000;None;21400.0000
13509;2023-03-10 16:05:38.960000;3;108531;1;1;7800.0000;1;1981.0000;None;21400.0000
13509;2023-03-10 16:05:38.960000;7;2060;1;1;0.0000;1;1981.0000;None;21400.0000
13509;2023-03-10 16:05:38.960000;6;105082;1;1;2000.0000;1;1981.0000;None;21400.0000
13509;2023-03-10 16:09:56.813000;1;103992;1;1;6800.0000;1;1981.0000;None;21400.0000
13510;2023-03-10 15:36:30.173000;3;100614;1;1;5800.0000;1;537.0000;None;5800.0000
13511;2023-03-10 15:50:21.027000;2;106012;1;1;49800.0000;1;5148.0000;None;55600.0000
13511;2023-03-10 15:50:21.027000;3;100614;1;1;5800.0000;1;5148.0000;None;55600.0000
13512;2023-03-10 15:52:33.023000;2;201187;1;1;10800.0000;1;None;None;43000.0000
13512;2023-03-10 15:52:33.023000;1;103992;1;1;6800.0000;1;None;None;43000.0000
13512;2023-03-10 15:52:33.023000;1;102187;1;1;3800.0000;1;None;None;43000.0000
13512;2023-03-10 15:52:33.023000;7;1294;1;1;0.0000;1;None;None;43000.0000
13512;2023-03-10 15:52:33.023000;7;1135;1;1;0.0000;1;None;None;43000.0000
13512;2023-03-10 15:55:21.883000;2;201187;1;1;10800.0000;1;None;None;43000.0000
13512;2023-03-10 16:32:50.790000;2;201187;1;1;10800.0000;1;None;None;43000.0000
13513;2023-03-10 15:53:34.153000;3;200644;1;2;13600.0000;1;11759.0000;None;127000.0000
13513;2023-03-10 16:05:36.613000;1;101108;1;1;48800.0000;1;11759.0000;None;127000.0000
13513;2023-03-10 16:05:36.613000;1;101502;1;1;0.0000;1;11759.0000;None;127000.0000
13513;2023-03-10 16:05:36.613000;2;101727;1;1;30800.0000;1;11759.0000;None;127000.0000
13513;2023-03-10 16:05:36.613000;2;101728;1;1;33800.0000;1;11759.0000;None;127000.0000
13514;2023-03-10 15:57:47.397000;3;100606;1;2;13600.0000;1;1796.0000;None;19400.0000
13514;2023-03-10 15:57:47.397000;7;2009;1;1;0.0000;1;1796.0000;None;19400.0000
13514;2023-03-10 15:56:29.153000;3;100614;1;1;5800.0000;1;1796.0000;None;19400.0000
13515;2023-03-10 16:04:31.097000;1;104150;1;1;11800.0000;1;5352.0000;None;57800.0000
13515;2023-03-10 16:04:31.097000;1;104150;1;1;11800.0000;1;5352.0000;None;57800.0000
13515;2023-03-10 16:04:31.097000;1;104166;1;1;9800.0000;1;5352.0000;None;57800.0000
13515;2023-03-10 16:04:31.097000;1;104166;1;1;9800.0000;1;5352.0000;None;57800.0000
13515;2023-03-10 16:04:31.097000;3;104554;1;1;4800.0000;1;5352.0000;None;57800.0000
13515;2023-03-10 16:04:31.097000;3;108533;1;1;9800.0000;1;5352.0000;None;57800.0000
13515;2023-03-10 16:04:31.097000;7;2009;1;1;0.0000;1;5352.0000;None;57800.0000
13517;2023-03-10 16:19:37.363000;3;200644;1;1;6800.0000;1;4722.0000;None;51000.0000
13517;2023-03-10 16:19:37.363000;7;2008;1;1;0.0000;1;4722.0000;None;51000.0000
13517;2023-03-10 16:19:37.363000;7;2008;1;1;0.0000;1;4722.0000;None;51000.0000
13517;2023-03-10 16:22:08.187000;1;103214;1;1;26800.0000;1;4722.0000;None;51000.0000
13517;2023-03-10 16:22:08.187000;1;100590;1;1;5800.0000;1;4722.0000;None;51000.0000
13517;2023-03-10 16:25:05.207000;3;100613;1;1;5800.0000;1;4722.0000;None;51000.0000
13517;2023-03-10 16:25:05.207000;3;100596;1;1;5800.0000;1;4722.0000;None;51000.0000
13518;2023-03-10 16:23:23.800000;3;101333;1;1;15800.0000;1;2907.0000;None;31400.0000
13518;2023-03-10 16:23:23.800000;1;100590;1;1;5800.0000;1;2907.0000;None;31400.0000
13518;2023-03-10 16:23:23.800000;3;200006;1;1;9800.0000;1;2907.0000;None;31400.0000
13518;2023-03-10 16:23:23.800000;1;101270;1;1;0.0000;1;2907.0000;None;31400.0000
13519;2023-03-10 16:23:45.207000;3;101208;1;1;12800.0000;1;3167.0000;None;34200.0000
13519;2023-03-10 16:23:45.207000;6;105082;1;1;2000.0000;1;3167.0000;None;34200.0000
13519;2023-03-10 16:23:45.207000;3;100613;1;1;5800.0000;1;3167.0000;None;34200.0000
13519;2023-03-10 17:17:17.660000;3;200644;1;2;13600.0000;1;3167.0000;None;34200.0000
13519;2023-03-10 17:17:17.660000;1;101270;1;1;0.0000;1;3167.0000;None;34200.0000
13519;2023-03-10 17:17:17.660000;1;101270;1;1;0.0000;1;3167.0000;None;34200.0000
13520;2023-03-10 16:24:35.410000;3;108531;1;1;7800.0000;1;5704.0000;None;61600.0000
13520;2023-03-10 16:24:35.410000;7;2060;1;1;0.0000;1;5704.0000;None;61600.0000
13520;2023-03-10 16:24:35.410000;3;100606;1;1;6800.0000;1;5704.0000;None;61600.0000
13520;2023-03-10 16:24:35.410000;3;100607;1;1;6800.0000;1;5704.0000;None;61600.0000
13520;2023-03-10 16:28:43.147000;1;104158;1;1;11800.0000;1;5704.0000;None;61600.0000
13520;2023-03-10 16:28:43.177000;1;104172;1;1;10800.0000;1;5704.0000;None;61600.0000
13520;2023-03-10 16:58:34.380000;1;100590;1;1;5800.0000;1;5704.0000;None;61600.0000
13520;2023-03-10 16:58:34.380000;7;1135;1;1;0.0000;1;5704.0000;None;61600.0000
13520;2023-03-10 17:07:20.690000;1;109556;1;1;11800.0000;1;5704.0000;None;61600.0000
13521;2023-03-10 16:30:14.157000;1;104171;1;1;12800.0000;1;3537.0000;None;38200.0000
13521;2023-03-10 16:30:14.157000;1;104150;1;1;11800.0000;1;3537.0000;None;38200.0000
13521;2023-03-10 16:33:28.077000;3;100606;1;1;6800.0000;1;3537.0000;None;38200.0000
13521;2023-03-10 16:33:28.077000;3;100606;1;1;6800.0000;1;3537.0000;None;38200.0000
13522;2023-03-10 16:34:36.713000;3;102635;1;1;8800.0000;1;4259.0000;None;46000.0000
13522;2023-03-10 16:34:36.713000;3;100606;1;1;6800.0000;1;4259.0000;None;46000.0000
13522;2023-03-10 16:43:15.210000;1;104150;1;1;11800.0000;1;4259.0000;None;46000.0000
13522;2023-03-10 16:43:15.210000;1;104158;1;1;11800.0000;1;4259.0000;None;46000.0000
13522;2023-03-10 17:25:25.873000;3;100606;1;1;6800.0000;1;4259.0000;None;46000.0000
13526;2023-03-10 16:38:21.930000;2;101734;1;1;65800.0000;1;25630.0000;None;313000.0000
13526;2023-03-10 16:38:21.930000;3;105735;1;1;0.0000;1;25630.0000;None;313000.0000
13526;2023-03-10 16:38:21.930000;2;101734;1;1;65800.0000;1;25630.0000;None;313000.0000
13526;2023-03-10 16:38:21.930000;3;105735;1;1;0.0000;1;25630.0000;None;313000.0000
13526;2023-03-10 16:38:21.930000;7;1207;1;1;0.0000;1;25630.0000;None;313000.0000
13526;2023-03-10 17:17:46.160000;2;101734;1;1;65800.0000;1;25630.0000;None;313000.0000
13526;2023-03-10 17:17:46.160000;3;105735;1;1;0.0000;1;25630.0000;None;313000.0000
13526;2023-03-10 17:17:46.160000;2;101734;1;1;65800.0000;1;25630.0000;None;313000.0000
13526;2023-03-10 17:17:46.160000;3;105735;1;1;0.0000;1;25630.0000;None;313000.0000
13526;2023-03-10 18:24:51.257000;3;100606;1;2;13600.0000;1;25630.0000;None;313000.0000
13526;2023-03-10 18:24:51.257000;7;2046;1;1;0.0000;1;25630.0000;None;313000.0000
13526;2023-03-10 18:24:51.257000;7;2046;1;1;0.0000;1;25630.0000;None;313000.0000
13526;2023-03-10 18:24:51.257000;11;101165;1;1;36200.0000;1;25630.0000;None;313000.0000
13527;2023-03-10 16:40:30.417000;3;202707;1;1;7800.0000;1;3463.0000;None;37400.0000
13527;2023-03-10 16:40:30.417000;3;108533;1;1;9800.0000;1;3463.0000;None;37400.0000
13527;2023-03-10 16:40:30.417000;7;2009;1;1;0.0000;1;3463.0000;None;37400.0000
13527;2023-03-10 16:40:30.417000;1;103166;1;1;19800.0000;1;3463.0000;None;37400.0000
13528;2023-03-10 16:44:36.433000;3;100606;1;1;6800.0000;1;630.0000;None;6800.0000
13529;2023-03-10 16:48:08.150000;3;101216;1;1;6800.0000;1;15463.0000;None;167000.0000
13529;2023-03-10 16:48:08.150000;7;1207;1;1;0.0000;1;15463.0000;None;167000.0000
13529;2023-03-10 16:48:08.150000;3;100606;1;1;6800.0000;1;15463.0000;None;167000.0000
13529;2023-03-10 16:48:08.150000;7;2033;1;1;0.0000;1;15463.0000;None;167000.0000
13529;2023-03-10 17:43:03.553000;2;200171;1;1;139800.0000;1;15463.0000;None;167000.0000
13529;2023-03-10 17:43:03.553000;7;1207;1;1;0.0000;1;15463.0000;None;167000.0000
13529;2023-03-10 18:00:25.193000;3;201146;1;1;6800.0000;1;15463.0000;None;167000.0000
13529;2023-03-10 18:00:25.193000;7;2008;1;2;0.0000;1;15463.0000;None;167000.0000
13529;2023-03-10 18:07:13.673000;3;200644;1;1;6800.0000;1;15463.0000;None;167000.0000
13530;2023-03-10 16:49:50.427000;3;202707;1;1;7800.0000;1;1981.0000;None;21400.0000
13530;2023-03-10 16:49:50.427000;3;201146;1;1;6800.0000;1;1981.0000;None;21400.0000
13530;2023-03-10 16:49:50.427000;7;2050;1;1;0.0000;1;1981.0000;None;21400.0000
13530;2023-03-10 16:49:50.427000;3;200644;1;1;6800.0000;1;1981.0000;None;21400.0000
13530;2023-03-10 16:49:50.427000;1;101270;1;1;0.0000;1;1981.0000;None;21400.0000
13532;2023-03-10 16:35:20.357000;3;200644;1;1;6800.0000;1;31426.0000;None;339400.0000
13532;2023-03-10 16:35:20.357000;7;2094;1;1;0.0000;1;31426.0000;None;339400.0000
13532;2023-03-10 16:59:39.233000;2;200150;1;1;159800.0000;1;31426.0000;None;339400.0000
13532;2023-03-10 18:18:53.917000;3;102747;1;1;4800.0000;1;31426.0000;None;339400.0000
13532;2023-03-10 18:20:27.890000;1;103384;1;1;47800.0000;1;31426.0000;None;339400.0000
13532;2023-03-10 18:49:09.207000;2;108118;1;1;39800.0000;1;31426.0000;None;339400.0000
13532;2023-03-10 18:49:09.207000;6;105419;1;1;0.0000;1;31426.0000;None;339400.0000
13532;2023-03-10 18:53:23.740000;3;201146;1;1;6800.0000;1;31426.0000;None;339400.0000
13532;2023-03-10 18:53:23.740000;1;101270;1;1;0.0000;1;31426.0000;None;339400.0000
13532;2023-03-10 19:20:29.563000;1;103384;1;1;47800.0000;1;31426.0000;None;339400.0000
13532;2023-03-10 19:20:29.563000;1;101503;1;1;0.0000;1;31426.0000;None;339400.0000
13532;2023-03-10 19:20:29.563000;1;104557;1;1;25800.0000;1;31426.0000;None;339400.0000
13532;2023-03-10 19:20:29.563000;1;101502;1;1;0.0000;1;31426.0000;None;339400.0000
13533;2023-03-10 17:07:20.690000;1;104172;1;1;10800.0000;1;9519.0000;None;102800.0000
13533;2023-03-10 17:07:20.690000;2;103221;1;1;26800.0000;1;9519.0000;None;102800.0000
13533;2023-03-10 17:07:20.690000;2;103221;1;1;26800.0000;1;9519.0000;None;102800.0000
13533;2023-03-10 17:10:33.037000;3;101208;1;1;12800.0000;1;9519.0000;None;102800.0000
13533;2023-03-10 17:15:46.683000;1;109554;1;1;13800.0000;1;9519.0000;None;102800.0000
13533;2023-03-10 17:33:10.850000;3;103734;1;1;11800.0000;1;9519.0000;None;102800.0000
13535;2023-03-10 16:18:28.273000;3;102102;1;1;9800.0000;1;4963.0000;None;53600.0000
13535;2023-03-10 16:18:28.273000;3;100614;1;1;5800.0000;1;4963.0000;None;53600.0000
13535;2023-03-10 16:43:59.183000;3;201146;1;1;6800.0000;1;4963.0000;None;53600.0000
13535;2023-03-10 16:44:57.127000;3;202134;1;1;9800.0000;1;4963.0000;None;53600.0000
13535;2023-03-10 17:25:10.813000;3;100596;1;1;5800.0000;1;4963.0000;None;53600.0000
13535;2023-03-10 17:34:03.157000;3;102635;1;1;8800.0000;1;4963.0000;None;53600.0000
13535;2023-03-10 17:34:03.157000;7;2042;1;1;0.0000;1;4963.0000;None;53600.0000
13535;2023-03-10 17:34:03.157000;3;201146;1;1;6800.0000;1;4963.0000;None;53600.0000
13536;2023-03-10 17:27:18.207000;3;100606;1;1;6800.0000;1;1704.0000;None;18400.0000
13536;2023-03-10 17:27:18.207000;7;2009;1;1;0.0000;1;1704.0000;None;18400.0000
13536;2023-03-10 17:27:18.207000;3;101231;1;2;11600.0000;1;1704.0000;None;18400.0000
13541;2023-03-10 17:50:36.043000;3;200006;1;1;9800.0000;1;907.0000;None;9800.0000
13541;2023-03-10 17:50:36.043000;1;101270;1;1;0.0000;1;907.0000;None;9800.0000
13541;2023-03-10 17:50:36.043000;1;101270;1;1;0.0000;1;907.0000;None;9800.0000
13542;2023-03-10 18:10:55.230000;1;103076;1;1;49800.0000;1;11667.0000;None;126000.0000
13542;2023-03-10 18:10:55.230000;3;101148;1;1;6800.0000;1;11667.0000;None;126000.0000
13542;2023-03-10 18:10:55.230000;3;100607;1;1;6800.0000;1;11667.0000;None;126000.0000
13542;2023-03-10 18:10:55.230000;3;100607;1;1;6800.0000;1;11667.0000;None;126000.0000
13542;2023-03-10 13:20:47.110000;3;201211;1;1;6800.0000;1;11667.0000;None;126000.0000
13542;2023-03-10 13:20:47.110000;1;101270;1;1;0.0000;1;11667.0000;None;126000.0000
13542;2023-03-10 13:20:47.110000;1;101270;1;1;0.0000;1;11667.0000;None;126000.0000
13542;2023-03-10 13:20:47.110000;7;2051;1;1;0.0000;1;11667.0000;None;126000.0000
13542;2023-03-10 18:13:09.923000;3;108531;1;1;7800.0000;1;11667.0000;None;126000.0000
13542;2023-03-10 18:13:09.923000;7;2060;1;1;0.0000;1;11667.0000;None;126000.0000
13542;2023-03-10 18:14:19.853000;1;109554;1;1;13800.0000;1;11667.0000;None;126000.0000
13542;2023-03-10 18:23:55.410000;1;109554;1;1;13800.0000;1;11667.0000;None;126000.0000
13542;2023-03-10 18:33:40.897000;3;201211;1;1;6800.0000;1;11667.0000;None;126000.0000
13542;2023-03-10 18:47:38.030000;3;201211;1;1;6800.0000;1;11667.0000;None;126000.0000
13544;2023-03-10 18:18:30.073000;3;104554;1;1;4800.0000;1;11407.0000;None;123200.0000
13544;2023-03-10 18:40:19.903000;3;100606;1;1;6800.0000;1;11407.0000;None;123200.0000
13544;2023-03-10 18:40:19.903000;7;2009;1;1;0.0000;1;11407.0000;None;123200.0000
13544;2023-03-10 18:40:19.903000;3;100606;1;1;6800.0000;1;11407.0000;None;123200.0000
13544;2023-03-10 18:40:19.903000;7;2009;1;1;0.0000;1;11407.0000;None;123200.0000
13544;2023-03-10 18:42:38.300000;1;101261;1;1;35800.0000;1;11407.0000;None;123200.0000
13544;2023-03-10 18:42:38.300000;1;101503;1;1;0.0000;1;11407.0000;None;123200.0000
13544;2023-03-10 19:02:13.707000;1;101261;1;1;35800.0000;1;11407.0000;None;123200.0000
13544;2023-03-10 19:02:13.707000;1;101503;1;1;0.0000;1;11407.0000;None;123200.0000
13544;2023-03-10 19:02:13.707000;1;106689;1;1;2800.0000;1;11407.0000;None;123200.0000
13544;2023-03-10 19:02:13.707000;7;1135;1;1;0.0000;1;11407.0000;None;123200.0000
13544;2023-03-10 19:02:54.337000;3;100606;1;1;6800.0000;1;11407.0000;None;123200.0000
13544;2023-03-10 19:02:54.337000;7;2009;1;1;0.0000;1;11407.0000;None;123200.0000
13544;2023-03-10 19:02:54.337000;3;200644;1;1;6800.0000;1;11407.0000;None;123200.0000
13544;2023-03-10 19:02:54.337000;1;101270;1;1;0.0000;1;11407.0000;None;123200.0000
13544;2023-03-10 19:07:52.450000;1;103961;1;1;16800.0000;1;11407.0000;None;123200.0000
13545;2023-03-10 18:24:32.730000;3;201211;1;1;6800.0000;1;630.0000;None;6800.0000
13547;2023-03-10 18:31:43.737000;2;109386;1;1;22800.0000;1;23408.0000;None;252800.0000
13547;2023-03-10 18:31:43.737000;2;109386;1;1;22800.0000;1;23408.0000;None;252800.0000
13547;2023-03-10 18:43:43.687000;1;103380;1;1;39800.0000;1;23408.0000;None;252800.0000
13547;2023-03-10 18:43:43.687000;1;101503;1;1;0.0000;1;23408.0000;None;252800.0000
13547;2023-03-10 18:43:43.687000;1;102260;1;1;3800.0000;1;23408.0000;None;252800.0000
13547;2023-03-10 18:43:43.687000;7;1011;1;1;0.0000;1;23408.0000;None;252800.0000
13547;2023-03-10 18:43:54.047000;1;103322;1;1;26800.0000;1;23408.0000;None;252800.0000
13547;2023-03-10 18:43:54.047000;1;108006;1;1;0.0000;1;23408.0000;None;252800.0000
13547;2023-03-10 18:43:54.047000;1;108006;1;1;0.0000;1;23408.0000;None;252800.0000
13547;2023-03-10 18:43:54.047000;7;1135;1;1;0.0000;1;23408.0000;None;252800.0000
13547;2023-03-10 18:52:29.677000;2;109386;1;1;22800.0000;1;23408.0000;None;252800.0000
13547;2023-03-10 18:52:29.677000;2;109386;1;1;22800.0000;1;23408.0000;None;252800.0000
13547;2023-03-10 19:20:24.707000;2;109386;1;1;22800.0000;1;23408.0000;None;252800.0000
13547;2023-03-10 19:20:24.707000;2;109386;1;1;22800.0000;1;23408.0000;None;252800.0000
13547;2023-03-10 19:32:52.527000;2;109386;1;1;22800.0000;1;23408.0000;None;252800.0000
13547;2023-03-10 19:32:52.527000;2;109386;1;1;22800.0000;1;23408.0000;None;252800.0000
13548;2023-03-10 18:32:51.320000;3;200644;1;1;6800.0000;1;5963.0000;None;64400.0000
13548;2023-03-10 18:32:51.320000;7;2002;1;1;0.0000;1;5963.0000;None;64400.0000
13548;2023-03-10 18:32:51.320000;1;101257;1;1;26800.0000;1;5963.0000;None;64400.0000
13548;2023-03-10 18:32:51.320000;8;101576;1;1;0.0000;1;5963.0000;None;64400.0000
13548;2023-03-10 18:32:51.320000;1;101503;1;1;0.0000;1;5963.0000;None;64400.0000
13548;2023-03-10 18:32:51.320000;2;101783;1;1;30800.0000;1;5963.0000;None;64400.0000
13548;2023-03-10 18:32:51.320000;3;105735;1;1;0.0000;1;5963.0000;None;64400.0000
13551;2023-03-10 18:50:38.480000;2;101780;1;1;37800.0000;1;11815.0000;None;127600.0000
13551;2023-03-10 18:50:38.480000;7;2002;1;1;0.0000;1;11815.0000;None;127600.0000
13551;2023-03-10 18:50:38.480000;2;101780;1;1;37800.0000;1;11815.0000;None;127600.0000
13551;2023-03-10 18:50:38.480000;7;2002;1;1;0.0000;1;11815.0000;None;127600.0000
13551;2023-03-10 18:50:38.480000;3;100606;1;1;6800.0000;1;11815.0000;None;127600.0000
13551;2023-03-10 18:50:38.480000;7;2009;1;1;0.0000;1;11815.0000;None;127600.0000
13551;2023-03-10 18:58:54.560000;1;104172;1;1;10800.0000;1;11815.0000;None;127600.0000
13551;2023-03-10 18:58:54.560000;1;104158;1;1;11800.0000;1;11815.0000;None;127600.0000
13551;2023-03-10 18:58:54.577000;1;104171;1;1;12800.0000;1;11815.0000;None;127600.0000
13551;2023-03-10 18:58:54.577000;1;103886;1;1;9800.0000;1;11815.0000;None;127600.0000
13552;2023-03-10 18:55:41.300000;3;100607;1;1;6800.0000;1;3333.0000;None;36000.0000
13552;2023-03-10 18:55:41.300000;6;105082;1;1;2000.0000;1;3333.0000;None;36000.0000
13552;2023-03-10 18:55:41.300000;3;100606;1;1;6800.0000;1;3333.0000;None;36000.0000
13552;2023-03-10 18:56:21.620000;1;103102;1;1;7800.0000;1;3333.0000;None;36000.0000
13552;2023-03-10 18:59:05.633000;1;103893;1;1;5800.0000;1;3333.0000;None;36000.0000
13552;2023-03-10 19:09:50.727000;3;100606;1;1;6800.0000;1;3333.0000;None;36000.0000
13553;2023-03-10 18:57:48.840000;3;100606;1;1;6800.0000;1;9426.0000;None;101800.0000
13553;2023-03-10 18:57:48.840000;3;100606;1;1;6800.0000;1;9426.0000;None;101800.0000
13553;2023-03-10 19:16:32.047000;1;103248;1;1;16800.0000;1;9426.0000;None;101800.0000
13553;2023-03-10 19:16:32.047000;1;108005;1;1;0.0000;1;9426.0000;None;101800.0000
13553;2023-03-10 19:16:32.047000;1;103250;1;1;45800.0000;1;9426.0000;None;101800.0000
13553;2023-03-10 19:16:32.047000;1;108006;1;1;0.0000;1;9426.0000;None;101800.0000
13553;2023-03-10 19:16:32.047000;7;1135;1;1;0.0000;1;9426.0000;None;101800.0000
13553;2023-03-10 19:17:20.483000;1;101310;1;1;20800.0000;1;9426.0000;None;101800.0000
13553;2023-03-10 19:27:24.623000;3;102747;1;1;4800.0000;1;9426.0000;None;101800.0000
13553;2023-03-10 19:27:24.623000;7;2072;1;1;0.0000;1;9426.0000;None;101800.0000
13555;2023-03-10 18:59:37.873000;1;103627;1;1;49800.0000;1;8889.0000;None;96000.0000
13555;2023-03-10 18:59:37.873000;1;108005;1;1;0.0000;1;8889.0000;None;96000.0000
13555;2023-03-10 18:59:37.873000;3;108531;1;1;7800.0000;1;8889.0000;None;96000.0000
13555;2023-03-10 18:59:37.873000;7;2060;1;1;0.0000;1;8889.0000;None;96000.0000
13555;2023-03-10 18:59:37.873000;3;108531;1;1;7800.0000;1;8889.0000;None;96000.0000
13555;2023-03-10 18:59:37.873000;7;2060;1;1;0.0000;1;8889.0000;None;96000.0000
13555;2023-03-10 18:59:37.873000;7;2009;1;1;0.0000;1;8889.0000;None;96000.0000
13555;2023-03-10 19:35:05.540000;1;103214;1;1;26800.0000;1;8889.0000;None;96000.0000
13555;2023-03-10 19:35:05.540000;1;102187;1;1;3800.0000;1;8889.0000;None;96000.0000
13555;2023-03-10 19:35:05.540000;7;1294;1;1;0.0000;1;8889.0000;None;96000.0000
13555;2023-03-10 19:35:05.540000;7;1247;1;1;0.0000;1;8889.0000;None;96000.0000
13558;2023-03-10 16:28:43.177000;1;104151;1;1;6800.0000;1;None;None;6800.0000
13559;2023-03-10 19:22:25.693000;3;100613;1;1;5800.0000;1;537.0000;None;5800.0000
13560;2023-03-10 19:25:52.517000;1;104158;1;1;11800.0000;1;3815.0000;None;41200.0000
13560;2023-03-10 19:31:02.660000;1;103992;1;1;6800.0000;1;3815.0000;None;41200.0000
13560;2023-03-10 19:31:02.660000;3;101333;1;1;15800.0000;1;3815.0000;None;41200.0000
13560;2023-03-10 19:31:02.660000;3;100606;1;1;6800.0000;1;3815.0000;None;41200.0000
13561;2023-03-10 19:36:45.650000;3;108533;1;1;9800.0000;1;1722.0000;None;18600.0000
13561;2023-03-10 19:36:45.650000;7;2009;1;1;0.0000;1;1722.0000;None;18600.0000
13561;2023-03-10 19:36:45.650000;3;100607;1;1;6800.0000;1;1722.0000;None;18600.0000
13561;2023-03-10 19:36:45.650000;6;105082;1;1;2000.0000;1;1722.0000;None;18600.0000
13563;2023-03-10 20:09:18.783000;2;200098;1;1;135800.0000;1;16241.0000;None;175400.0000
13563;2023-03-10 20:09:18.783000;7;1207;1;1;0.0000;1;16241.0000;None;175400.0000
13563;2023-03-10 20:13:34.843000;1;101261;1;1;35800.0000;1;16241.0000;None;175400.0000
13563;2023-03-10 20:13:34.843000;1;101503;1;1;0.0000;1;16241.0000;None;175400.0000
13563;2023-03-10 20:13:34.843000;8;101576;1;1;0.0000;1;16241.0000;None;175400.0000
13563;2023-03-10 20:13:34.843000;1;102260;1;1;3800.0000;1;16241.0000;None;175400.0000
13564;2023-03-10 20:10:57.553000;3;100614;1;1;5800.0000;1;537.0000;None;5800.0000
13565;2023-03-10 20:18:50.403000;1;103076;1;1;49800.0000;1;None;None;49800.0000
13565;2023-03-10 20:18:50.403000;7;1157;1;1;0.0000;1;None;None;49800.0000
13568;2023-03-10 21:01:09.233000;1;103627;1;1;49800.0000;1;16741.0000;None;180800.0000
13568;2023-03-10 21:01:09.233000;1;108005;1;1;0.0000;1;16741.0000;None;180800.0000
13568;2023-03-10 21:01:09.233000;1;103627;1;1;49800.0000;1;16741.0000;None;180800.0000
13568;2023-03-10 21:01:09.233000;1;108005;1;1;0.0000;1;16741.0000;None;180800.0000
13568;2023-03-10 21:01:09.233000;7;1135;1;1;0.0000;1;16741.0000;None;180800.0000
13568;2023-03-10 21:01:09.233000;1;103627;1;1;49800.0000;1;16741.0000;None;180800.0000
13568;2023-03-10 21:01:09.233000;1;108005;1;1;0.0000;1;16741.0000;None;180800.0000
13568;2023-03-10 21:01:09.233000;7;1135;1;1;0.0000;1;16741.0000;None;180800.0000
13568;2023-03-10 21:05:50.623000;3;100606;1;2;13600.0000;1;16741.0000;None;180800.0000
13568;2023-03-10 21:05:50.623000;7;2052;1;200;0.0000;1;16741.0000;None;180800.0000
13568;2023-03-10 21:05:50.623000;3;101231;1;1;5800.0000;1;16741.0000;None;180800.0000
13568;2023-03-10 21:28:20.760000;1;102813;1;4;12000.0000;1;16741.0000;None;180800.0000
26858;2023-03-10 10:09:02.620000;3;100596;1;1;5800.0000;1;4426.0000;None;47800.0000
26858;2023-03-10 10:48:40.420000;1;104173;1;1;5800.0000;1;4426.0000;None;47800.0000
26858;2023-03-10 10:48:40.420000;1;104158;1;1;11800.0000;1;4426.0000;None;47800.0000
26858;2023-03-10 11:11:25.147000;3;100614;1;1;5800.0000;1;4426.0000;None;47800.0000
26858;2023-03-10 11:11:25.147000;1;104158;1;1;11800.0000;1;4426.0000;None;47800.0000
26858;2023-03-10 11:12:41.337000;3;201146;1;1;6800.0000;1;4426.0000;None;47800.0000
26858;2023-03-10 11:12:41.337000;7;2051;1;1;0.0000;1;4426.0000;None;47800.0000
26858;2023-03-10 11:12:41.337000;7;2051;1;1;0.0000;1;4426.0000;None;47800.0000
26858;2023-03-10 11:12:41.337000;1;101270;1;1;0.0000;1;4426.0000;None;47800.0000
26858;2023-03-10 11:12:41.337000;1;101270;1;1;0.0000;1;4426.0000;None;47800.0000
26859;2023-03-10 10:09:09.627000;3;100606;1;1;6800.0000;1;13722.0000;None;148200.0000
26859;2023-03-10 10:09:09.627000;3;100606;1;1;6800.0000;1;13722.0000;None;148200.0000
26859;2023-03-10 10:09:09.627000;3;100606;1;1;6800.0000;1;13722.0000;None;148200.0000
26859;2023-03-10 10:14:49.910000;1;103290;1;1;31800.0000;1;13722.0000;None;148200.0000
26859;2023-03-10 10:14:49.910000;1;108006;1;1;0.0000;1;13722.0000;None;148200.0000
26859;2023-03-10 10:14:49.910000;1;103250;1;1;45800.0000;1;13722.0000;None;148200.0000
26859;2023-03-10 10:14:49.910000;1;108006;1;1;0.0000;1;13722.0000;None;148200.0000
26859;2023-03-10 10:14:49.910000;1;103251;1;1;25800.0000;1;13722.0000;None;148200.0000
26859;2023-03-10 10:14:49.910000;1;108006;1;1;0.0000;1;13722.0000;None;148200.0000
26859;2023-03-10 10:39:45.463000;3;102635;1;1;8800.0000;1;13722.0000;None;148200.0000
26859;2023-03-10 10:39:45.463000;3;102635;1;1;8800.0000;1;13722.0000;None;148200.0000
26859;2023-03-10 10:39:45.463000;3;100606;1;1;6800.0000;1;13722.0000;None;148200.0000
26859;2023-03-10 10:39:45.463000;7;2052;1;1;0.0000;1;13722.0000;None;148200.0000
26859;2023-03-10 10:39:45.463000;7;2009;1;1;0.0000;1;13722.0000;None;148200.0000
26859;2023-03-10 10:39:45.463000;7;2009;1;1;0.0000;1;13722.0000;None;148200.0000
26861;2023-03-10 10:14:00.983000;3;100606;1;1;6800.0000;1;2463.0000;None;26600.0000
26861;2023-03-10 10:14:26.303000;1;109102;1;1;19800.0000;1;2463.0000;None;26600.0000
26862;2023-03-10 10:14:06.917000;3;100606;1;1;6800.0000;1;630.0000;None;6800.0000
26862;2023-03-10 10:14:06.917000;7;2009;1;1;0.0000;1;630.0000;None;6800.0000
26862;2023-03-10 10:14:06.917000;7;2009;1;1;0.0000;1;630.0000;None;6800.0000
26863;2023-03-10 10:25:00.137000;3;100606;1;1;6800.0000;1;1259.0000;None;13600.0000
26863;2023-03-10 10:25:00.137000;3;100606;1;1;6800.0000;1;1259.0000;None;13600.0000
26864;2023-03-10 10:29:37.647000;3;100606;1;1;6800.0000;1;630.0000;None;6800.0000
26864;2023-03-10 10:29:37.647000;7;2052;1;1;0.0000;1;630.0000;None;6800.0000
26865;2023-03-10 10:31:40.447000;3;100613;1;1;5800.0000;1;8037.0000;None;86800.0000
26865;2023-03-10 10:31:40.447000;7;2052;1;1;0.0000;1;8037.0000;None;86800.0000
26865;2023-03-10 10:31:40.447000;7;2052;1;1;0.0000;1;8037.0000;None;86800.0000
26865;2023-03-10 10:31:40.447000;7;2009;1;1;0.0000;1;8037.0000;None;86800.0000
26865;2023-03-10 10:31:40.447000;7;2009;1;1;0.0000;1;8037.0000;None;86800.0000
26865;2023-03-10 10:31:40.447000;7;2009;1;1;0.0000;1;8037.0000;None;86800.0000
26865;2023-03-10 10:31:40.447000;3;200006;1;1;9800.0000;1;8037.0000;None;86800.0000
26865;2023-03-10 10:31:40.447000;7;2051;1;1;0.0000;1;8037.0000;None;86800.0000
26865;2023-03-10 10:31:40.447000;1;101270;1;1;0.0000;1;8037.0000;None;86800.0000
26865;2023-03-10 10:31:40.447000;1;101270;1;1;0.0000;1;8037.0000;None;86800.0000
26865;2023-03-10 10:31:40.447000;1;101270;1;1;0.0000;1;8037.0000;None;86800.0000
26865;2023-03-10 10:31:40.447000;7;2051;1;1;0.0000;1;8037.0000;None;86800.0000
26865;2023-03-10 10:38:04.137000;3;100607;1;1;6800.0000;1;8037.0000;None;86800.0000
26865;2023-03-10 10:38:04.137000;7;2052;1;1;0.0000;1;8037.0000;None;86800.0000
26865;2023-03-10 10:45:26.053000;3;100607;1;1;6800.0000;1;8037.0000;None;86800.0000
26865;2023-03-10 10:45:26.053000;3;100596;1;1;5800.0000;1;8037.0000;None;86800.0000
26865;2023-03-10 11:17:07.970000;3;100613;1;1;5800.0000;1;8037.0000;None;86800.0000
26865;2023-03-10 11:17:07.970000;3;100613;1;1;5800.0000;1;8037.0000;None;86800.0000
26865;2023-03-10 11:17:07.970000;3;102635;1;1;8800.0000;1;8037.0000;None;86800.0000
26865;2023-03-10 11:17:07.970000;7;2065;1;1;0.0000;1;8037.0000;None;86800.0000
26865;2023-03-10 11:21:15.313000;1;103961;1;1;16800.0000;1;8037.0000;None;86800.0000
26865;2023-03-10 11:47:26.060000;3;108531;1;1;7800.0000;1;8037.0000;None;86800.0000
26865;2023-03-10 11:47:26.060000;7;2060;1;1;0.0000;1;8037.0000;None;86800.0000
26865;2023-03-10 12:08:02.970000;3;100607;1;1;6800.0000;1;8037.0000;None;86800.0000
26866;2023-03-10 10:36:05.017000;1;100590;1;1;5800.0000;1;1241.0000;None;13400.0000
26866;2023-03-10 10:37:31.607000;3;100614;1;1;5800.0000;1;1241.0000;None;13400.0000
26866;2023-03-10 10:41:31.063000;1;102212;1;1;1800.0000;1;1241.0000;None;13400.0000
26867;2023-03-10 10:39:56.880000;3;100606;1;1;6800.0000;1;2241.0000;None;24200.0000
26867;2023-03-10 10:39:56.880000;7;2052;1;1;0.0000;1;2241.0000;None;24200.0000
26867;2023-03-10 10:39:56.880000;3;100614;1;1;5800.0000;1;2241.0000;None;24200.0000
26867;2023-03-10 10:39:56.880000;7;2052;1;1;0.0000;1;2241.0000;None;24200.0000
26867;2023-03-10 10:39:56.880000;7;2052;1;1;0.0000;1;2241.0000;None;24200.0000
26867;2023-03-10 10:45:57.747000;1;100590;1;1;5800.0000;1;2241.0000;None;24200.0000
26867;2023-03-10 10:45:57.747000;1;100590;1;1;5800.0000;1;2241.0000;None;24200.0000
26868;2023-03-10 10:41:01.113000;3;100596;1;1;5800.0000;1;1796.0000;None;19400.0000
26868;2023-03-10 10:41:01.113000;3;200644;1;1;6800.0000;1;1796.0000;None;19400.0000
26868;2023-03-10 10:41:01.113000;7;2002;1;1;0.0000;1;1796.0000;None;19400.0000
26868;2023-03-10 10:41:01.113000;6;101575;1;1;0.0000;1;1796.0000;None;19400.0000
26868;2023-03-10 10:41:01.113000;1;101270;1;1;0.0000;1;1796.0000;None;19400.0000
26868;2023-03-10 10:43:44.203000;3;201146;1;1;6800.0000;1;1796.0000;None;19400.0000
26869;2023-03-10 10:41:13.453000;3;100614;1;1;5800.0000;1;1167.0000;None;12600.0000
26869;2023-03-10 10:41:13.453000;3;100606;1;1;6800.0000;1;1167.0000;None;12600.0000
26870;2023-03-10 10:47:43.880000;3;100606;1;1;6800.0000;1;796.0000;None;8600.0000
26870;2023-03-10 10:47:43.880000;1;102412;1;1;1800.0000;1;796.0000;None;8600.0000
26871;2023-03-10 11:02:46.297000;3;102102;1;1;9800.0000;1;7278.0000;None;78600.0000
26871;2023-03-10 11:28:43.037000;3;100606;1;1;6800.0000;1;7278.0000;None;78600.0000
26871;2023-03-10 11:28:43.037000;3;102102;1;1;9800.0000;1;7278.0000;None;78600.0000
26871;2023-03-10 11:28:43.037000;2;101709;1;1;28800.0000;1;7278.0000;None;78600.0000
26871;2023-03-10 11:28:43.037000;6;105520;1;1;0.0000;1;7278.0000;None;78600.0000
26871;2023-03-10 11:28:43.037000;7;1207;1;1;0.0000;1;7278.0000;None;78600.0000
26871;2023-03-10 12:01:10.447000;3;201958;1;1;6800.0000;1;7278.0000;None;78600.0000
26871;2023-03-10 12:01:10.447000;7;2065;1;1;0.0000;1;7278.0000;None;78600.0000
26871;2023-03-10 12:01:10.447000;3;100606;1;1;6800.0000;1;7278.0000;None;78600.0000
26871;2023-03-10 12:06:40.870000;3;102102;1;1;9800.0000;1;7278.0000;None;78600.0000
26872;2023-03-10 11:05:03.203000;3;100606;1;1;6800.0000;1;2704.0000;None;29200.0000
26872;2023-03-10 11:05:03.203000;7;2052;1;1;0.0000;1;2704.0000;None;29200.0000
26872;2023-03-10 11:05:03.203000;7;2021;1;1;0.0000;1;2704.0000;None;29200.0000
26872;2023-03-10 11:05:03.203000;6;105082;1;1;2000.0000;1;2704.0000;None;29200.0000
26872;2023-03-10 11:05:03.203000;3;100606;1;1;6800.0000;1;2704.0000;None;29200.0000
26872;2023-03-10 11:05:03.203000;6;105082;1;1;2000.0000;1;2704.0000;None;29200.0000
26872;2023-03-10 11:05:03.203000;7;2052;1;1;0.0000;1;2704.0000;None;29200.0000
26872;2023-03-10 11:05:03.203000;7;2044;1;1;0.0000;1;2704.0000;None;29200.0000
26872;2023-03-10 11:09:05.863000;1;102415;1;1;2800.0000;1;2704.0000;None;29200.0000
26872;2023-03-10 11:29:44.080000;3;100606;1;1;6800.0000;1;2704.0000;None;29200.0000
26872;2023-03-10 11:29:44.080000;6;105082;1;1;2000.0000;1;2704.0000;None;29200.0000
26872;2023-03-10 11:29:44.080000;7;2052;1;1;0.0000;1;2704.0000;None;29200.0000
26872;2023-03-10 11:29:44.080000;7;2052;1;1;0.0000;1;2704.0000;None;29200.0000
26872;2023-03-10 11:29:44.080000;7;2044;1;1;0.0000;1;2704.0000;None;29200.0000
26872;2023-03-10 11:29:44.080000;7;2089;1;1;0.0000;1;2704.0000;None;29200.0000
26873;2023-03-10 11:10:56.997000;3;100606;1;1;6800.0000;1;6296.0000;None;68000.0000
26873;2023-03-10 11:10:56.997000;2;201615;1;1;14800.0000;1;6296.0000;None;68000.0000
26873;2023-03-10 11:15:58.137000;1;103248;1;1;16800.0000;1;6296.0000;None;68000.0000
26873;2023-03-10 11:15:58.137000;1;108006;1;1;0.0000;1;6296.0000;None;68000.0000
26873;2023-03-10 11:38:40.457000;2;201615;1;1;14800.0000;1;6296.0000;None;68000.0000
26873;2023-03-10 11:38:40.457000;2;201615;1;1;14800.0000;1;6296.0000;None;68000.0000
26874;2023-03-10 11:20:30.067000;3;100614;1;1;5800.0000;1;3056.0000;None;33000.0000
26874;2023-03-10 11:20:30.067000;7;2044;1;1;0.0000;1;3056.0000;None;33000.0000
26874;2023-03-10 11:20:30.067000;3;100606;1;1;6800.0000;1;3056.0000;None;33000.0000
26874;2023-03-10 11:20:30.067000;7;2021;1;1;0.0000;1;3056.0000;None;33000.0000
26874;2023-03-10 11:20:30.067000;3;100606;1;1;6800.0000;1;3056.0000;None;33000.0000
26874;2023-03-10 11:20:30.067000;7;2044;1;1;0.0000;1;3056.0000;None;33000.0000
26874;2023-03-10 11:20:30.067000;3;104554;1;1;4800.0000;1;3056.0000;None;33000.0000
26874;2023-03-10 11:20:30.067000;3;100614;1;1;5800.0000;1;3056.0000;None;33000.0000
26874;2023-03-10 11:20:30.067000;7;2034;1;1;0.0000;1;3056.0000;None;33000.0000
26874;2023-03-10 11:20:30.067000;7;2034;1;1;0.0000;1;3056.0000;None;33000.0000
26874;2023-03-10 11:20:30.067000;1;107283;1;20;3000.0000;1;3056.0000;None;33000.0000
26875;2023-03-10 11:20:49.583000;3;100606;1;1;6800.0000;1;1889.0000;None;20400.0000
26875;2023-03-10 11:20:49.583000;3;100606;1;1;6800.0000;1;1889.0000;None;20400.0000
26875;2023-03-10 11:47:00.910000;3;100606;1;1;6800.0000;1;1889.0000;None;20400.0000
26876;2023-03-10 11:28:48.503000;3;100614;1;1;5800.0000;1;1074.0000;None;11600.0000
26876;2023-03-10 11:43:57.643000;3;100614;1;1;5800.0000;1;1074.0000;None;11600.0000
26877;2023-03-10 11:34:50.883000;1;105421;1;1;19800.0000;1;8500.0000;None;91800.0000
26877;2023-03-10 11:34:50.883000;3;100614;1;1;5800.0000;1;8500.0000;None;91800.0000
26877;2023-03-10 11:34:50.883000;3;201958;1;1;6800.0000;1;8500.0000;None;91800.0000
26877;2023-03-10 11:51:11.617000;1;105421;1;3;59400.0000;1;8500.0000;None;91800.0000
26877;2023-03-10 11:51:11.617000;7;1157;1;1;0.0000;1;8500.0000;None;91800.0000
26877;2023-03-10 11:51:11.617000;7;1157;1;1;0.0000;1;8500.0000;None;91800.0000
26877;2023-03-10 11:51:11.617000;7;1135;1;1;0.0000;1;8500.0000;None;91800.0000
26878;2023-03-10 12:00:52.273000;1;103076;1;1;49800.0000;1;None;None;49800.0000
26878;2023-03-10 12:00:52.273000;7;1157;1;1;0.0000;1;None;None;49800.0000
26878;2023-03-10 12:00:52.273000;7;1157;1;1;0.0000;1;None;None;49800.0000
26879;2023-03-10 12:07:51.587000;3;100607;1;1;6800.0000;1;2185.0000;None;23600.0000
26879;2023-03-10 12:07:51.587000;7;2009;1;1;0.0000;1;2185.0000;None;23600.0000
26879;2023-03-10 12:07:51.587000;7;2009;1;1;0.0000;1;2185.0000;None;23600.0000
26879;2023-03-10 12:07:51.587000;7;2051;1;1;0.0000;1;2185.0000;None;23600.0000
26879;2023-03-10 12:07:51.587000;7;2034;1;1;0.0000;1;2185.0000;None;23600.0000
26879;2023-03-10 12:07:51.587000;7;2034;1;1;0.0000;1;2185.0000;None;23600.0000
26879;2023-03-10 12:19:52.417000;1;106689;1;6;16800.0000;1;2185.0000;None;23600.0000
26879;2023-03-10 12:19:52.417000;7;1157;1;1;0.0000;1;2185.0000;None;23600.0000
26879;2023-03-10 12:19:52.417000;7;1157;1;1;0.0000;1;2185.0000;None;23600.0000
26879;2023-03-10 12:19:52.417000;7;1135;1;1;0.0000;1;2185.0000;None;23600.0000
26880;2023-03-10 12:16:32.387000;3;100606;1;1;6800.0000;1;3444.0000;None;37200.0000
26880;2023-03-10 12:32:13.027000;3;100606;1;1;6800.0000;1;3444.0000;None;37200.0000
26880;2023-03-10 12:39:37.587000;3;102641;1;1;10800.0000;1;3444.0000;None;37200.0000
26880;2023-03-10 12:46:08.177000;3;200007;1;1;12800.0000;1;3444.0000;None;37200.0000
26880;2023-03-10 12:46:08.177000;7;2002;1;1;0.0000;1;3444.0000;None;37200.0000
26880;2023-03-10 12:46:08.177000;7;2002;1;1;0.0000;1;3444.0000;None;37200.0000
26880;2023-03-10 12:46:08.177000;6;101575;1;1;0.0000;1;3444.0000;None;37200.0000
26880;2023-03-10 12:46:08.177000;1;101270;1;1;0.0000;1;3444.0000;None;37200.0000
26880;2023-03-10 12:46:08.177000;7;2051;1;1;0.0000;1;3444.0000;None;37200.0000
26881;2023-03-10 12:16:38.737000;3;101333;1;1;15800.0000;1;3463.0000;None;37400.0000
26881;2023-03-10 13:36:32.760000;1;109554;1;1;13800.0000;1;3463.0000;None;37400.0000
26881;2023-03-10 13:36:32.760000;3;108531;1;1;7800.0000;1;3463.0000;None;37400.0000
26881;2023-03-10 13:36:32.760000;7;2060;1;1;0.0000;1;3463.0000;None;37400.0000
26883;2023-03-10 12:55:19.683000;3;201146;1;1;6800.0000;1;7537.0000;None;81400.0000
26883;2023-03-10 12:55:19.683000;1;101257;1;1;26800.0000;1;7537.0000;None;81400.0000
26883;2023-03-10 12:55:19.683000;1;101503;1;1;0.0000;1;7537.0000;None;81400.0000
26883;2023-03-10 12:55:19.683000;8;101576;1;1;0.0000;1;7537.0000;None;81400.0000
26883;2023-03-10 12:55:19.683000;7;1135;1;1;0.0000;1;7537.0000;None;81400.0000
26883;2023-03-10 13:16:52.130000;1;104929;1;1;47800.0000;1;7537.0000;None;81400.0000
26884;2023-03-10 13:06:59.857000;3;102649;1;1;5800.0000;1;1074.0000;None;11600.0000
26884;2023-03-10 13:06:59.857000;7;2065;1;1;0.0000;1;1074.0000;None;11600.0000
26884;2023-03-10 13:30:16.897000;3;100614;1;1;5800.0000;1;1074.0000;None;11600.0000
26886;2023-03-10 13:26:17.733000;3;100614;1;1;5800.0000;1;1074.0000;None;11600.0000
26886;2023-03-10 13:26:17.733000;3;100614;1;1;5800.0000;1;1074.0000;None;11600.0000
26887;2023-03-10 13:43:08.540000;2;101727;1;1;30800.0000;1;17926.0000;None;193600.0000
26887;2023-03-10 13:50:37.873000;3;102635;1;1;8800.0000;1;17926.0000;None;193600.0000
26887;2023-03-10 14:06:22.343000;3;201211;1;1;6800.0000;1;17926.0000;None;193600.0000
26887;2023-03-10 14:06:22.343000;2;101727;1;1;30800.0000;1;17926.0000;None;193600.0000
26887;2023-03-10 14:14:46.820000;1;104150;1;1;11800.0000;1;17926.0000;None;193600.0000
26887;2023-03-10 14:14:46.820000;1;104156;1;1;6800.0000;1;17926.0000;None;193600.0000
26887;2023-03-10 14:14:46.820000;1;104166;1;1;9800.0000;1;17926.0000;None;193600.0000
26887;2023-03-10 14:14:46.820000;1;104172;1;1;10800.0000;1;17926.0000;None;193600.0000
26887;2023-03-10 14:27:51.720000;2;101727;1;1;30800.0000;1;17926.0000;None;193600.0000
26887;2023-03-10 14:36:37.397000;3;102635;1;1;8800.0000;1;17926.0000;None;193600.0000
26887;2023-03-10 14:36:37.397000;7;2065;1;1;0.0000;1;17926.0000;None;193600.0000
26887;2023-03-10 14:42:10.050000;2;101727;1;1;30800.0000;1;17926.0000;None;193600.0000
26887;2023-03-10 14:42:10.050000;3;201211;1;1;6800.0000;1;17926.0000;None;193600.0000
26888;2023-03-10 14:30:27.623000;3;100596;1;1;5800.0000;1;1704.0000;None;18400.0000
26888;2023-03-10 14:30:27.623000;3;200644;1;1;6800.0000;1;1704.0000;None;18400.0000
26888;2023-03-10 14:30:27.623000;3;101231;1;1;5800.0000;1;1704.0000;None;18400.0000
26891;2023-03-10 14:51:56.553000;3;101231;1;1;5800.0000;1;537.0000;None;5800.0000
26892;2023-03-10 14:46:38.453000;1;104004;1;1;16800.0000;1;3167.0000;None;34200.0000
26892;2023-03-10 14:46:38.453000;7;1027;1;1;0.0000;1;3167.0000;None;34200.0000
26892;2023-03-10 14:46:38.453000;1;102187;1;1;3800.0000;1;3167.0000;None;34200.0000
26892;2023-03-10 14:46:38.453000;7;1294;1;1;0.0000;1;3167.0000;None;34200.0000
26892;2023-03-10 14:46:38.453000;3;201958;1;1;6800.0000;1;3167.0000;None;34200.0000
26892;2023-03-10 14:46:38.453000;7;2002;1;1;0.0000;1;3167.0000;None;34200.0000
26892;2023-03-10 14:47:25.850000;3;100607;1;1;6800.0000;1;3167.0000;None;34200.0000
26893;2023-03-10 14:46:05.120000;3;201269;1;1;6800.0000;1;3611.0000;None;39000.0000
26893;2023-03-10 14:46:05.120000;1;101270;1;1;0.0000;1;3611.0000;None;39000.0000
26893;2023-03-10 14:46:05.120000;7;2002;1;1;0.0000;1;3611.0000;None;39000.0000
26893;2023-03-10 14:46:50.887000;3;201269;1;1;6800.0000;1;3611.0000;None;39000.0000
26893;2023-03-10 14:46:50.887000;1;101270;1;1;0.0000;1;3611.0000;None;39000.0000
26893;2023-03-10 14:46:50.887000;3;100614;1;1;5800.0000;1;3611.0000;None;39000.0000
26893;2023-03-10 14:14:09.900000;3;200006;1;1;9800.0000;1;3611.0000;None;39000.0000
26893;2023-03-10 14:18:18.823000;3;100626;1;1;9800.0000;1;3611.0000;None;39000.0000
26894;2023-03-10 14:59:06.453000;3;100614;1;1;5800.0000;1;10982.0000;None;118600.0000
26894;2023-03-10 15:03:29.993000;3;100606;1;1;6800.0000;1;10982.0000;None;118600.0000
26894;2023-03-10 15:08:38.800000;1;104158;1;1;11800.0000;1;10982.0000;None;118600.0000
26894;2023-03-10 15:08:38.800000;1;102415;1;1;2800.0000;1;10982.0000;None;118600.0000
26894;2023-03-10 16:28:29.397000;3;100606;1;1;6800.0000;1;10982.0000;None;118600.0000
26894;2023-03-10 17:05:30.447000;3;102635;1;1;8800.0000;1;10982.0000;None;118600.0000
26894;2023-03-10 17:26:50.293000;3;102635;1;1;8800.0000;1;10982.0000;None;118600.0000
26894;2023-03-10 18:02:14.020000;3;102653;1;1;4800.0000;1;10982.0000;None;118600.0000
26894;2023-03-10 19:08:01.070000;1;103587;1;1;49800.0000;1;10982.0000;None;118600.0000
26894;2023-03-10 19:08:01.070000;3;102653;1;2;9600.0000;1;10982.0000;None;118600.0000
26894;2023-03-10 19:18:10.727000;1;106689;1;1;2800.0000;1;10982.0000;None;118600.0000
26895;2023-03-10 15:00:16.530000;1;103296;1;1;39800.0000;1;11204.0000;None;121000.0000
26895;2023-03-10 15:00:16.530000;1;108006;1;1;0.0000;1;11204.0000;None;121000.0000
26895;2023-03-10 15:00:16.530000;3;200644;1;1;6800.0000;1;11204.0000;None;121000.0000
26895;2023-03-10 15:00:16.530000;1;101270;1;1;0.0000;1;11204.0000;None;121000.0000
26895;2023-03-10 15:00:16.530000;7;2002;1;1;0.0000;1;11204.0000;None;121000.0000
26895;2023-03-10 15:00:16.530000;2;101728;1;1;33800.0000;1;11204.0000;None;121000.0000
26895;2023-03-10 15:13:01.937000;3;201211;1;1;6800.0000;1;11204.0000;None;121000.0000
26895;2023-03-10 15:28:42.150000;2;101728;1;1;33800.0000;1;11204.0000;None;121000.0000
26896;2023-03-10 15:07:51.407000;3;100614;1;1;5800.0000;1;2148.0000;None;23200.0000
26896;2023-03-10 15:07:51.407000;3;100614;1;1;5800.0000;1;2148.0000;None;23200.0000
26896;2023-03-10 16:07:44.850000;3;100614;1;1;5800.0000;1;2148.0000;None;23200.0000
26896;2023-03-10 16:07:44.850000;3;100614;1;1;5800.0000;1;2148.0000;None;23200.0000
26897;2023-03-10 15:22:13.193000;3;100607;1;2;13600.0000;1;3630.0000;None;39200.0000
26897;2023-03-10 15:22:13.193000;7;2009;1;2;0.0000;1;3630.0000;None;39200.0000
26897;2023-03-10 15:22:13.193000;1;103166;1;1;19800.0000;1;3630.0000;None;39200.0000
26897;2023-03-10 15:22:13.193000;1;103890;1;1;5800.0000;1;3630.0000;None;39200.0000
26898;2023-03-10 15:42:56.727000;3;101231;1;1;5800.0000;1;9463.0000;None;102200.0000
26898;2023-03-10 15:42:56.727000;2;201187;1;1;10800.0000;1;9463.0000;None;102200.0000
26898;2023-03-10 16:17:32.477000;3;100606;1;1;6800.0000;1;9463.0000;None;102200.0000
26898;2023-03-10 16:17:32.477000;3;100606;1;1;6800.0000;1;9463.0000;None;102200.0000
26898;2023-03-10 16:17:32.477000;2;201187;1;1;10800.0000;1;9463.0000;None;102200.0000
26898;2023-03-10 17:11:40.977000;2;201187;1;1;10800.0000;1;9463.0000;None;102200.0000
26898;2023-03-10 17:11:40.977000;1;103166;1;1;19800.0000;1;9463.0000;None;102200.0000
26898;2023-03-10 17:27:31.377000;1;103166;1;1;19800.0000;1;9463.0000;None;102200.0000
26898;2023-03-10 17:27:31.377000;2;201187;1;1;10800.0000;1;9463.0000;None;102200.0000
26899;2023-03-10 15:44:13.133000;3;100614;1;1;5800.0000;1;4870.0000;None;52600.0000
26899;2023-03-10 15:47:47.357000;1;103961;1;1;16800.0000;1;4870.0000;None;52600.0000
26899;2023-03-10 15:49:39.067000;3;100606;1;1;6800.0000;1;4870.0000;None;52600.0000
26899;2023-03-10 15:49:39.067000;3;101231;1;1;5800.0000;1;4870.0000;None;52600.0000
26899;2023-03-10 15:49:39.067000;3;100614;1;1;5800.0000;1;4870.0000;None;52600.0000
26899;2023-03-10 15:55:01.210000;3;100606;1;1;6800.0000;1;4870.0000;None;52600.0000
26899;2023-03-10 15:55:01.210000;3;102747;1;1;4800.0000;1;4870.0000;None;52600.0000
26899;2023-03-10 15:55:01.210000;7;2072;1;1;0.0000;1;4870.0000;None;52600.0000
26900;2023-03-10 15:51:23.007000;3;100613;1;2;11600.0000;1;4148.0000;None;44800.0000
26900;2023-03-10 15:51:23.007000;3;100606;1;1;6800.0000;1;4148.0000;None;44800.0000
26900;2023-03-10 15:51:23.007000;1;102813;1;3;9000.0000;1;4148.0000;None;44800.0000
26900;2023-03-10 16:26:25.537000;3;100614;1;1;5800.0000;1;4148.0000;None;44800.0000
26900;2023-03-10 16:26:25.537000;3;100613;1;2;11600.0000;1;4148.0000;None;44800.0000
26900;2023-03-10 16:26:25.537000;7;2044;1;1;0.0000;1;4148.0000;None;44800.0000
26903;2023-03-10 16:24:31.997000;3;100607;1;1;6800.0000;1;8833.0000;None;95400.0000
26903;2023-03-10 16:42:08.500000;3;201146;1;1;6800.0000;1;8833.0000;None;95400.0000
26903;2023-03-10 16:42:08.500000;1;101270;1;1;0.0000;1;8833.0000;None;95400.0000
26903;2023-03-10 16:51:38.270000;3;201146;1;1;6800.0000;1;8833.0000;None;95400.0000
26903;2023-03-10 16:51:38.270000;7;2050;1;1;0.0000;1;8833.0000;None;95400.0000
26903;2023-03-10 16:51:38.270000;1;101270;1;1;0.0000;1;8833.0000;None;95400.0000
26903;2023-03-10 17:06:47.190000;3;101231;1;1;5800.0000;1;8833.0000;None;95400.0000
26903;2023-03-10 17:29:32.410000;3;101231;1;1;5800.0000;1;8833.0000;None;95400.0000
26903;2023-03-10 17:32:04.037000;1;103587;1;1;49800.0000;1;8833.0000;None;95400.0000
26903;2023-03-10 17:32:04.037000;1;101503;1;1;0.0000;1;8833.0000;None;95400.0000
26903;2023-03-10 18:10:07.500000;3;201146;1;1;6800.0000;1;8833.0000;None;95400.0000
26903;2023-03-10 18:10:07.500000;7;2050;1;1;0.0000;1;8833.0000;None;95400.0000
26903;2023-03-10 18:10:07.500000;3;201269;1;1;6800.0000;1;8833.0000;None;95400.0000
26903;2023-03-10 18:10:07.500000;1;101270;1;1;0.0000;1;8833.0000;None;95400.0000
26903;2023-03-10 18:10:07.500000;7;2002;1;1;0.0000;1;8833.0000;None;95400.0000
26904;2023-03-10 16:27:09.007000;1;104156;1;1;6800.0000;1;1259.0000;None;13600.0000
26904;2023-03-10 16:29:09.397000;3;100606;1;1;6800.0000;1;1259.0000;None;13600.0000
26905;2023-03-10 16:10:29.180000;1;103587;1;1;49800.0000;1;9741.0000;None;105200.0000
26905;2023-03-10 16:10:29.180000;1;101503;1;1;0.0000;1;9741.0000;None;105200.0000
26905;2023-03-10 16:10:29.180000;1;109101;1;1;29800.0000;1;9741.0000;None;105200.0000
26905;2023-03-10 16:21:07.413000;3;101208;1;2;25600.0000;1;9741.0000;None;105200.0000
26906;2023-03-10 16:32:57.880000;3;100614;1;1;5800.0000;1;2981.0000;None;32200.0000
26906;2023-03-10 16:32:57.880000;2;201615;1;1;14800.0000;1;2981.0000;None;32200.0000
26906;2023-03-10 16:44:55.987000;3;101231;1;2;11600.0000;1;2981.0000;None;32200.0000
26907;2023-03-10 16:34:06.493000;2;101878;1;2;59600.0000;1;17093.0000;None;184600.0000
26907;2023-03-10 16:34:06.493000;3;108531;1;1;7800.0000;1;17093.0000;None;184600.0000
26907;2023-03-10 16:34:06.493000;7;2060;1;1;0.0000;1;17093.0000;None;184600.0000
26907;2023-03-10 17:18:51.417000;1;103587;1;1;49800.0000;1;17093.0000;None;184600.0000
26907;2023-03-10 17:18:51.417000;1;101503;1;1;0.0000;1;17093.0000;None;184600.0000
26907;2023-03-10 17:18:51.417000;2;101878;1;2;59600.0000;1;17093.0000;None;184600.0000
26907;2023-03-10 17:18:51.417000;3;108531;1;1;7800.0000;1;17093.0000;None;184600.0000
26907;2023-03-10 17:18:51.417000;7;2060;1;1;0.0000;1;17093.0000;None;184600.0000
26909;2023-03-10 16:37:48.353000;1;102412;1;2;3600.0000;1;None;None;3600.0000
26910;2023-03-10 16:45:51.130000;3;108531;1;1;7800.0000;1;1537.0000;None;16600.0000
26910;2023-03-10 16:45:51.130000;7;2060;1;1;0.0000;1;1537.0000;None;16600.0000
26910;2023-03-10 17:09:54.020000;3;102635;1;1;8800.0000;1;1537.0000;None;16600.0000
26911;2023-03-10 16:48:34.493000;3;100606;1;1;6800.0000;1;None;None;6800.0000
26911;2023-03-10 16:48:34.493000;7;2034;1;1;0.0000;1;None;None;6800.0000
26912;2023-03-10 16:57:45.290000;3;102102;1;1;9800.0000;1;3648.0000;None;39400.0000
26912;2023-03-10 16:59:01.177000;3;102637;1;1;9800.0000;1;3648.0000;None;39400.0000
26912;2023-03-10 17:20:32.393000;1;103166;1;1;19800.0000;1;3648.0000;None;39400.0000
26913;2023-03-10 16:59:48.833000;3;101333;1;1;15800.0000;1;2093.0000;None;22600.0000
26913;2023-03-10 16:59:48.833000;3;100606;1;1;6800.0000;1;2093.0000;None;22600.0000
26913;2023-03-10 16:59:48.833000;7;2009;1;1;0.0000;1;2093.0000;None;22600.0000
26914;2023-03-10 17:05:07.237000;3;100615;1;1;8800.0000;1;1537.0000;None;16600.0000
26914;2023-03-10 17:05:07.237000;3;108531;1;1;7800.0000;1;1537.0000;None;16600.0000
26914;2023-03-10 17:05:07.237000;7;2059;1;1;0.0000;1;1537.0000;None;16600.0000
26915;2023-03-10 17:15:03.540000;3;100606;1;1;6800.0000;1;2259.0000;None;24400.0000
26915;2023-03-10 17:15:03.540000;3;100606;1;1;6800.0000;1;2259.0000;None;24400.0000
26915;2023-03-10 17:15:03.540000;1;104172;1;1;10800.0000;1;2259.0000;None;24400.0000
26916;2023-03-10 17:17:28.723000;2;101709;1;1;28800.0000;1;21963.0000;None;237200.0000
26916;2023-03-10 17:17:28.723000;7;2002;1;1;0.0000;1;21963.0000;None;237200.0000
26916;2023-03-10 17:17:28.723000;2;101709;1;1;28800.0000;1;21963.0000;None;237200.0000
26916;2023-03-10 17:17:28.723000;7;2002;1;1;0.0000;1;21963.0000;None;237200.0000
26916;2023-03-10 17:17:28.723000;2;101709;1;1;28800.0000;1;21963.0000;None;237200.0000
26916;2023-03-10 17:17:28.723000;7;2002;1;1;0.0000;1;21963.0000;None;237200.0000
26916;2023-03-10 17:17:28.723000;3;200644;1;1;6800.0000;1;21963.0000;None;237200.0000
26916;2023-03-10 17:17:28.723000;1;101270;1;1;0.0000;1;21963.0000;None;237200.0000
26916;2023-03-10 17:17:28.723000;6;101575;1;1;0.0000;1;21963.0000;None;237200.0000
26916;2023-03-10 17:17:28.723000;7;2002;1;1;0.0000;1;21963.0000;None;237200.0000
26916;2023-03-10 17:24:17.373000;2;101709;1;3;86400.0000;1;21963.0000;None;237200.0000
26916;2023-03-10 18:14:03.110000;2;101709;1;1;28800.0000;1;21963.0000;None;237200.0000
26916;2023-03-10 18:14:03.110000;7;2002;1;1;0.0000;1;21963.0000;None;237200.0000
26916;2023-03-10 18:14:03.110000;6;105520;1;1;0.0000;1;21963.0000;None;237200.0000
26916;2023-03-10 18:16:33.017000;2;101709;1;1;28800.0000;1;21963.0000;None;237200.0000
26916;2023-03-10 18:16:33.017000;3;105735;1;1;0.0000;1;21963.0000;None;237200.0000
26917;2023-03-10 17:25:41.940000;2;101672;1;1;24800.0000;1;7537.0000;None;81400.0000
26917;2023-03-10 17:25:41.940000;6;102646;1;1;0.0000;1;7537.0000;None;81400.0000
26917;2023-03-10 17:37:56.860000;2;101672;1;1;24800.0000;1;7537.0000;None;81400.0000
26917;2023-03-10 17:37:56.860000;6;102646;1;1;0.0000;1;7537.0000;None;81400.0000
26917;2023-03-10 17:43:53.143000;2;101844;1;1;31800.0000;1;7537.0000;None;81400.0000
26917;2023-03-10 17:43:53.143000;3;105735;1;1;0.0000;1;7537.0000;None;81400.0000
26918;2023-03-10 17:31:38.973000;1;104004;1;1;16800.0000;1;3167.0000;None;34200.0000
26918;2023-03-10 17:31:38.973000;7;1027;1;1;0.0000;1;3167.0000;None;34200.0000
26918;2023-03-10 17:31:38.973000;3;100606;1;1;6800.0000;1;3167.0000;None;34200.0000
26918;2023-03-10 17:31:38.973000;3;100606;1;1;6800.0000;1;3167.0000;None;34200.0000
26918;2023-03-10 17:36:32.257000;1;101088;1;1;3800.0000;1;3167.0000;None;34200.0000
26919;2023-03-10 17:37:35.133000;1;103288;1;1;24800.0000;1;7148.0000;None;77200.0000
26919;2023-03-10 17:37:35.133000;1;108005;1;1;0.0000;1;7148.0000;None;77200.0000
26919;2023-03-10 17:37:35.133000;1;103296;1;1;39800.0000;1;7148.0000;None;77200.0000
26919;2023-03-10 17:37:35.150000;1;108005;1;1;0.0000;1;7148.0000;None;77200.0000
26919;2023-03-10 17:40:56.260000;3;100606;1;1;6800.0000;1;7148.0000;None;77200.0000
26919;2023-03-10 17:40:56.260000;3;101231;1;1;5800.0000;1;7148.0000;None;77200.0000
26920;2023-03-10 17:51:11.173000;3;100613;1;2;11600.0000;1;1704.0000;None;18400.0000
26920;2023-03-10 17:51:11.173000;7;2044;1;1;0.0000;1;1704.0000;None;18400.0000
26920;2023-03-10 17:51:11.173000;3;100606;1;1;6800.0000;1;1704.0000;None;18400.0000
26921;2023-03-10 17:55:36.287000;1;103290;1;1;31800.0000;1;20241.0000;None;218600.0000
26921;2023-03-10 17:55:36.287000;1;108006;1;1;0.0000;1;20241.0000;None;218600.0000
26921;2023-03-10 17:55:36.287000;1;102267;1;1;5800.0000;1;20241.0000;None;218600.0000
26921;2023-03-10 17:55:36.287000;7;1011;1;1;0.0000;1;20241.0000;None;218600.0000
26921;2023-03-10 17:55:36.287000;7;1039;1;1;0.0000;1;20241.0000;None;218600.0000
26921;2023-03-10 17:57:15.470000;1;103272;1;2;55600.0000;1;20241.0000;None;218600.0000
26921;2023-03-10 17:57:15.470000;1;108006;1;2;0.0000;1;20241.0000;None;218600.0000
26921;2023-03-10 18:00:24.100000;1;104173;1;1;5800.0000;1;20241.0000;None;218600.0000
26921;2023-03-10 18:00:24.100000;7;1135;1;1;0.0000;1;20241.0000;None;218600.0000
26921;2023-03-10 17:38:21.460000;2;101712;1;1;55800.0000;1;20241.0000;None;218600.0000
26921;2023-03-10 17:38:21.460000;3;105735;1;1;0.0000;1;20241.0000;None;218600.0000
26921;2023-03-10 18:02:17.903000;3;101216;1;1;6800.0000;1;20241.0000;None;218600.0000
26921;2023-03-10 18:04:12.947000;3;102619;1;1;7800.0000;1;20241.0000;None;218600.0000
26921;2023-03-10 18:04:12.947000;3;100614;1;1;5800.0000;1;20241.0000;None;218600.0000
26921;2023-03-10 18:10:21.483000;1;103290;1;1;31800.0000;1;20241.0000;None;218600.0000
26921;2023-03-10 18:10:21.483000;1;108006;1;1;0.0000;1;20241.0000;None;218600.0000
26921;2023-03-10 18:10:21.483000;1;102267;1;1;5800.0000;1;20241.0000;None;218600.0000
26921;2023-03-10 18:10:21.483000;1;104173;1;1;5800.0000;1;20241.0000;None;218600.0000
26921;2023-03-10 18:10:21.483000;7;1011;1;1;0.0000;1;20241.0000;None;218600.0000
26921;2023-03-10 18:10:21.483000;7;1011;1;1;0.0000;1;20241.0000;None;218600.0000
26922;2023-03-10 17:58:08.283000;3;100606;1;1;6800.0000;1;6482.0000;None;70000.0000
26922;2023-03-10 17:58:08.283000;3;100606;1;1;6800.0000;1;6482.0000;None;70000.0000
26922;2023-03-10 17:58:08.283000;6;105082;1;2;4000.0000;1;6482.0000;None;70000.0000
26922;2023-03-10 17:58:08.283000;3;101216;1;1;6800.0000;1;6482.0000;None;70000.0000
26922;2023-03-10 17:58:08.283000;6;105082;1;1;2000.0000;1;6482.0000;None;70000.0000
26922;2023-03-10 18:04:19.897000;1;103214;1;1;26800.0000;1;6482.0000;None;70000.0000
26922;2023-03-10 18:04:19.897000;1;104004;1;1;16800.0000;1;6482.0000;None;70000.0000
26923;2023-03-10 17:59:45.533000;2;201187;1;1;10800.0000;1;1630.0000;None;17600.0000
26923;2023-03-10 17:59:45.533000;7;2016;1;1;0.0000;1;1630.0000;None;17600.0000
26923;2023-03-10 17:59:45.533000;3;201146;1;1;6800.0000;1;1630.0000;None;17600.0000
26923;2023-03-10 17:59:45.533000;1;101270;1;1;0.0000;1;1630.0000;None;17600.0000
26924;2023-03-10 18:01:21.137000;1;103214;1;1;26800.0000;1;3741.0000;None;40400.0000
26924;2023-03-10 18:04:41.443000;3;100606;1;2;13600.0000;1;3741.0000;None;40400.0000
26924;2023-03-10 18:04:41.443000;7;2009;1;2;0.0000;1;3741.0000;None;40400.0000
26925;2023-03-10 18:12:36.007000;1;103992;1;1;6800.0000;1;4167.0000;None;45000.0000
26925;2023-03-10 18:12:36.007000;1;109554;1;1;13800.0000;1;4167.0000;None;45000.0000
26925;2023-03-10 18:12:36.007000;3;108533;1;1;9800.0000;1;4167.0000;None;45000.0000
26925;2023-03-10 18:12:36.007000;6;105082;1;1;2000.0000;1;4167.0000;None;45000.0000
26925;2023-03-10 18:12:36.007000;3;101231;1;1;5800.0000;1;4167.0000;None;45000.0000
26925;2023-03-10 18:12:36.007000;3;200644;1;1;6800.0000;1;4167.0000;None;45000.0000
26925;2023-03-10 18:12:36.007000;6;101575;1;1;0.0000;1;4167.0000;None;45000.0000
26925;2023-03-10 18:12:36.007000;7;2002;1;1;0.0000;1;4167.0000;None;45000.0000
26925;2023-03-10 18:12:36.007000;1;101270;1;1;0.0000;1;4167.0000;None;45000.0000
26926;2023-03-10 18:28:29.600000;2;106012;1;1;49800.0000;1;5167.0000;None;55800.0000
26926;2023-03-10 18:28:29.600000;1;107283;1;40;6000.0000;1;5167.0000;None;55800.0000
26927;2023-03-10 18:29:11.653000;3;102747;1;2;9600.0000;1;889.0000;None;9600.0000
26928;2023-03-10 18:51:46.427000;1;103076;1;1;49800.0000;1;19037.0000;None;205600.0000
26928;2023-03-10 18:51:46.427000;2;101727;1;1;30800.0000;1;19037.0000;None;205600.0000
26928;2023-03-10 18:51:46.427000;2;101727;1;1;30800.0000;1;19037.0000;None;205600.0000
26928;2023-03-10 18:10:55.230000;1;103076;1;1;49800.0000;1;19037.0000;None;205600.0000
26928;2023-03-10 19:18:29.810000;2;101727;1;1;30800.0000;1;19037.0000;None;205600.0000
26928;2023-03-10 19:31:06.737000;3;201269;1;1;6800.0000;1;19037.0000;None;205600.0000
26928;2023-03-10 19:31:06.737000;1;101270;1;1;0.0000;1;19037.0000;None;205600.0000
26928;2023-03-10 19:31:06.737000;3;201269;1;1;6800.0000;1;19037.0000;None;205600.0000
26928;2023-03-10 19:31:06.737000;1;101270;1;1;0.0000;1;19037.0000;None;205600.0000
26930;2023-03-10 18:59:11.177000;1;101261;1;1;35800.0000;1;3944.0000;None;42600.0000
26930;2023-03-10 18:59:11.177000;1;101503;1;1;0.0000;1;3944.0000;None;42600.0000
26930;2023-03-10 18:59:11.177000;8;101576;1;1;0.0000;1;3944.0000;None;42600.0000
26930;2023-03-10 19:00:05.597000;3;201146;1;1;6800.0000;1;3944.0000;None;42600.0000
26930;2023-03-10 19:00:05.597000;7;2050;1;1;0.0000;1;3944.0000;None;42600.0000
