4500;2023-03-11 09:33:43.977000;3;100606;1;-6;-40800.0000;1;None;None;-38080.0000
4500;2023-03-11 09:33:43.977000;3;201146;1;-1;-6800.0000;1;None;None;-38080.0000
4500;2023-03-11 09:33:43.977000;None;4;None;-1;9520.0000;2;None;None;-38080.0000
4501;2023-03-11 09:55:48.097000;3;100606;1;6;40800.0000;1;None;None;38080.0000
4501;2023-03-11 09:55:48.097000;3;201146;1;1;6800.0000;1;None;None;38080.0000
4501;2023-03-11 09:55:48.097000;None;4;None;1;-9520.0000;2;None;None;38080.0000
4508;2023-03-11 10:59:16.543000;3;107358;1;1;26800.0000;1;None;None;26800.0000
4513;2023-03-11 13:59:18.230000;3;201146;1;-1;-6800.0000;1;-1259.0000;None;-13600.0000
4513;2023-03-11 13:59:18.230000;3;100606;1;-1;-6800.0000;1;-1259.0000;None;-13600.0000
13569;2023-03-11 08:15:59.087000;1;103047;1;1;22800.0000;1;7926.0000;None;85600.0000
13569;2023-03-11 08:15:59.087000;1;103047;1;1;22800.0000;1;7926.0000;None;85600.0000
13569;2023-03-11 08:15:59.087000;1;100590;1;1;5800.0000;1;7926.0000;None;85600.0000
13569;2023-03-11 08:15:59.087000;7;1001;1;1;0.0000;1;7926.0000;None;85600.0000
13569;2023-03-11 08:15:59.087000;1;100590;1;1;5800.0000;1;7926.0000;None;85600.0000
13569;2023-03-11 08:21:44.590000;3;101333;1;1;15800.0000;1;7926.0000;None;85600.0000
13569;2023-03-11 08:21:44.590000;7;2009;1;1;0.0000;1;7926.0000;None;85600.0000
13569;2023-03-11 08:21:44.590000;3;100606;1;1;6800.0000;1;7926.0000;None;85600.0000
13569;2023-03-11 08:40:29.270000;3;100596;1;1;5800.0000;1;7926.0000;None;85600.0000
13570;2023-03-11 08:56:21.633000;3;100606;1;1;6800.0000;1;13926.0000;None;150400.0000
13570;2023-03-11 08:56:21.633000;3;100614;1;1;5800.0000;1;13926.0000;None;150400.0000
13570;2023-03-11 08:56:21.633000;3;100606;1;1;6800.0000;1;13926.0000;None;150400.0000
13570;2023-03-11 08:56:21.633000;3;108532;1;1;7800.0000;1;13926.0000;None;150400.0000
13570;2023-03-11 09:14:09.787000;1;103635;1;1;48800.0000;1;13926.0000;None;150400.0000
13570;2023-03-11 09:14:09.787000;6;101511;1;1;0.0000;1;13926.0000;None;150400.0000
13570;2023-03-11 09:14:09.787000;1;103272;1;1;27800.0000;1;13926.0000;None;150400.0000
13570;2023-03-11 09:14:09.787000;1;108006;1;1;0.0000;1;13926.0000;None;150400.0000
13570;2023-03-11 09:30:35.120000;3;100614;1;1;5800.0000;1;13926.0000;None;150400.0000
13570;2023-03-11 09:31:51.650000;3;102635;1;1;8800.0000;1;13926.0000;None;150400.0000
13570;2023-03-11 09:33:25.593000;3;100614;1;1;5800.0000;1;13926.0000;None;150400.0000
13570;2023-03-11 10:17:11.307000;3;100614;1;1;5800.0000;1;13926.0000;None;150400.0000
13570;2023-03-11 10:20:14.980000;3;100614;1;1;5800.0000;1;13926.0000;None;150400.0000
13570;2023-03-11 10:43:01.697000;3;100614;1;1;5800.0000;1;13926.0000;None;150400.0000
13570;2023-03-11 10:43:01.697000;3;102635;1;1;8800.0000;1;13926.0000;None;150400.0000
13571;2023-03-11 09:03:16.067000;3;100614;1;1;5800.0000;1;1611.0000;None;17400.0000
13571;2023-03-11 09:35:59.707000;3;100614;1;1;5800.0000;1;1611.0000;None;17400.0000
13571;2023-03-11 09:35:59.707000;3;100614;1;1;5800.0000;1;1611.0000;None;17400.0000
13572;2023-03-11 09:10:08.623000;3;200006;1;1;9800.0000;1;907.0000;None;9800.0000
13572;2023-03-11 09:10:08.623000;7;2002;1;1;0.0000;1;907.0000;None;9800.0000
13572;2023-03-11 09:10:08.623000;7;2002;1;1;0.0000;1;907.0000;None;9800.0000
13573;2023-03-11 09:26:07.893000;1;201567;1;1;9800.0000;1;8019.0000;None;86600.0000
13573;2023-03-11 09:26:07.893000;6;101543;1;1;0.0000;1;8019.0000;None;86600.0000
13573;2023-03-11 09:26:07.893000;6;101543;1;1;0.0000;1;8019.0000;None;86600.0000
13573;2023-03-11 09:26:07.893000;7;1002;1;1;0.0000;1;8019.0000;None;86600.0000
13573;2023-03-11 09:28:13.773000;1;103047;1;1;22800.0000;1;8019.0000;None;86600.0000
13573;2023-03-11 09:28:13.773000;1;103056;1;1;24800.0000;1;8019.0000;None;86600.0000
13573;2023-03-11 09:28:13.773000;3;100614;1;1;5800.0000;1;8019.0000;None;86600.0000
13573;2023-03-11 09:36:56.427000;3;108531;1;1;7800.0000;1;8019.0000;None;86600.0000
13573;2023-03-11 09:36:56.427000;7;2057;1;1;0.0000;1;8019.0000;None;86600.0000
13573;2023-03-11 09:39:38.477000;1;100590;1;1;5800.0000;1;8019.0000;None;86600.0000
13573;2023-03-11 09:39:38.477000;1;104015;1;1;9800.0000;1;8019.0000;None;86600.0000
13574;2023-03-11 09:27:42.630000;3;100614;1;1;5800.0000;1;6093.0000;None;65800.0000
13574;2023-03-11 09:27:42.630000;3;101333;1;1;15800.0000;1;6093.0000;None;65800.0000
13574;2023-03-11 09:27:42.630000;7;2009;1;1;0.0000;1;6093.0000;None;65800.0000
13574;2023-03-11 09:35:34.377000;1;109102;1;1;19800.0000;1;6093.0000;None;65800.0000
13574;2023-03-11 09:35:34.377000;1;104157;1;1;5800.0000;1;6093.0000;None;65800.0000
13574;2023-03-11 09:35:34.377000;1;102557;1;1;11800.0000;1;6093.0000;None;65800.0000
13574;2023-03-11 09:35:34.377000;6;100523;1;1;0.0000;1;6093.0000;None;65800.0000
13574;2023-03-11 09:35:34.377000;3;102644;1;1;6800.0000;1;6093.0000;None;65800.0000
13574;2023-03-11 09:35:34.377000;7;1207;1;1;0.0000;1;6093.0000;None;65800.0000
13575;2023-03-11 09:36:36.597000;3;100607;1;2;13600.0000;1;1259.0000;None;13600.0000
13575;2023-03-11 09:36:36.597000;7;2009;1;1;0.0000;1;1259.0000;None;13600.0000
13575;2023-03-11 09:36:36.597000;7;2009;1;1;0.0000;1;1259.0000;None;13600.0000
13577;2023-03-11 10:10:53.707000;3;101216;1;1;6800.0000;1;4056.0000;None;43800.0000
13577;2023-03-11 10:10:53.707000;1;100590;1;1;5800.0000;1;4056.0000;None;43800.0000
13577;2023-03-11 10:15:40.020000;1;104158;1;1;11800.0000;1;4056.0000;None;43800.0000
13577;2023-03-11 10:15:40.020000;1;104172;1;1;10800.0000;1;4056.0000;None;43800.0000
13577;2023-03-11 10:15:40.020000;7;1135;1;1;0.0000;1;4056.0000;None;43800.0000
13577;2023-03-11 10:15:50.393000;1;102212;1;1;1800.0000;1;4056.0000;None;43800.0000
13577;2023-03-11 10:17:45.650000;3;101216;1;1;6800.0000;1;4056.0000;None;43800.0000
13577;2023-03-11 10:17:45.650000;7;2009;1;1;0.0000;1;4056.0000;None;43800.0000
13578;2023-03-11 10:11:14.493000;1;201567;1;1;9800.0000;1;13241.0000;None;143000.0000
13578;2023-03-11 10:11:14.493000;6;101543;1;1;0.0000;1;13241.0000;None;143000.0000
13578;2023-03-11 10:11:14.493000;6;101543;1;1;0.0000;1;13241.0000;None;143000.0000
13578;2023-03-11 10:11:14.493000;1;201567;1;1;9800.0000;1;13241.0000;None;143000.0000
13578;2023-03-11 10:11:14.493000;6;101488;1;1;0.0000;1;13241.0000;None;143000.0000
13578;2023-03-11 10:11:14.493000;6;101488;1;1;0.0000;1;13241.0000;None;143000.0000
13578;2023-03-11 10:13:23.420000;3;201146;1;1;6800.0000;1;13241.0000;None;143000.0000
13578;2023-03-11 10:13:23.420000;3;201146;1;1;6800.0000;1;13241.0000;None;143000.0000
13578;2023-03-11 10:14:08.533000;1;103056;1;1;24800.0000;1;13241.0000;None;143000.0000
13578;2023-03-11 10:14:08.533000;1;103056;1;1;24800.0000;1;13241.0000;None;143000.0000
13578;2023-03-11 10:14:08.533000;1;104556;1;1;9800.0000;1;13241.0000;None;143000.0000
13578;2023-03-11 10:14:08.533000;6;100523;1;1;0.0000;1;13241.0000;None;143000.0000
13578;2023-03-11 10:14:08.533000;1;101458;1;1;3800.0000;1;13241.0000;None;143000.0000
13578;2023-03-11 10:14:08.533000;7;1135;1;1;0.0000;1;13241.0000;None;143000.0000
13578;2023-03-11 10:14:08.533000;1;102553;1;1;9800.0000;1;13241.0000;None;143000.0000
13578;2023-03-11 10:14:08.533000;6;100523;1;1;0.0000;1;13241.0000;None;143000.0000
13578;2023-03-11 10:14:08.533000;1;100590;1;3;17400.0000;1;13241.0000;None;143000.0000
13578;2023-03-11 10:14:08.533000;7;1135;1;1;0.0000;1;13241.0000;None;143000.0000
13578;2023-03-11 10:16:13.457000;3;102649;1;1;5800.0000;1;13241.0000;None;143000.0000
13578;2023-03-11 10:20:27.327000;3;201146;1;1;6800.0000;1;13241.0000;None;143000.0000
13578;2023-03-11 10:36:07.567000;3;100606;1;1;6800.0000;1;13241.0000;None;143000.0000
13579;2023-03-11 10:23:50.193000;1;100590;1;1;5800.0000;1;1963.0000;None;21200.0000
13579;2023-03-11 10:23:50.193000;1;102254;1;1;4800.0000;1;1963.0000;None;21200.0000
13579;2023-03-11 10:23:50.193000;1;101458;1;1;3800.0000;1;1963.0000;None;21200.0000
13579;2023-03-11 10:23:50.193000;7;1027;1;1;0.0000;1;1963.0000;None;21200.0000
13579;2023-03-11 10:23:50.193000;7;1135;1;1;0.0000;1;1963.0000;None;21200.0000
13579;2023-03-11 10:30:53.073000;3;100606;1;1;6800.0000;1;1963.0000;None;21200.0000
13580;2023-03-11 10:26:03.680000;1;109554;1;1;13800.0000;1;1907.0000;None;20600.0000
13580;2023-03-11 10:37:07.427000;3;100606;1;1;6800.0000;1;1907.0000;None;20600.0000
13582;2023-03-11 10:31:16.603000;3;201958;1;1;6800.0000;1;10556.0000;None;114000.0000
13582;2023-03-11 10:31:16.603000;3;102635;1;1;8800.0000;1;10556.0000;None;114000.0000
13582;2023-03-11 10:31:57.913000;1;103652;1;1;32800.0000;1;10556.0000;None;114000.0000
13582;2023-03-11 10:31:57.913000;1;108006;1;1;0.0000;1;10556.0000;None;114000.0000
13582;2023-03-11 10:31:57.913000;1;102132;1;1;4800.0000;1;10556.0000;None;114000.0000
13582;2023-03-11 10:31:57.913000;7;1135;1;1;0.0000;1;10556.0000;None;114000.0000
13582;2023-03-11 10:31:57.913000;1;103047;1;1;22800.0000;1;10556.0000;None;114000.0000
13582;2023-03-11 10:31:57.913000;1;104556;1;1;9800.0000;1;10556.0000;None;114000.0000
13582;2023-03-11 10:31:57.913000;6;100523;1;1;0.0000;1;10556.0000;None;114000.0000
13582;2023-03-11 10:31:57.913000;1;104015;1;1;9800.0000;1;10556.0000;None;114000.0000
13582;2023-03-11 10:46:15.320000;1;100590;1;1;5800.0000;1;10556.0000;None;114000.0000
13582;2023-03-11 11:00:23.280000;3;100607;1;1;6800.0000;1;10556.0000;None;114000.0000
13582;2023-03-11 11:00:23.280000;3;101656;1;1;5800.0000;1;10556.0000;None;114000.0000
13582;2023-03-11 11:00:23.280000;7;2009;1;1;0.0000;1;10556.0000;None;114000.0000
13582;2023-03-11 11:00:23.280000;7;2051;1;1;0.0000;1;10556.0000;None;114000.0000
13582;2023-03-11 11:00:23.280000;7;2052;1;1;0.0000;1;10556.0000;None;114000.0000
13583;2023-03-11 10:32:46.543000;3;101219;1;1;10800.0000;1;2907.0000;None;31400.0000
13583;2023-03-11 10:32:46.543000;1;104158;1;1;11800.0000;1;2907.0000;None;31400.0000
13583;2023-03-11 10:34:57.213000;3;102630;1;1;8800.0000;1;2907.0000;None;31400.0000
13584;2023-03-11 10:36:50.947000;3;100606;1;1;6800.0000;1;3333.0000;None;36000.0000
13584;2023-03-11 10:36:50.947000;7;2009;1;1;0.0000;1;3333.0000;None;36000.0000
13584;2023-03-11 10:36:50.947000;3;100606;1;1;6800.0000;1;3333.0000;None;36000.0000
13584;2023-03-11 11:18:15.927000;3;100606;1;1;6800.0000;1;3333.0000;None;36000.0000
13584;2023-03-11 11:18:15.927000;1;201567;1;1;9800.0000;1;3333.0000;None;36000.0000
13584;2023-03-11 11:18:15.927000;6;101543;1;1;0.0000;1;3333.0000;None;36000.0000
13584;2023-03-11 11:18:15.927000;6;101543;1;1;0.0000;1;3333.0000;None;36000.0000
13584;2023-03-11 11:19:43.330000;1;104157;1;1;5800.0000;1;3333.0000;None;36000.0000
13587;2023-03-11 11:04:14.737000;2;105926;1;1;22600.0000;1;3463.0000;None;37400.0000
13587;2023-03-11 12:10:13.423000;2;201615;1;1;14800.0000;1;3463.0000;None;37400.0000
13588;2023-03-11 11:11:21.630000;3;100614;1;1;5800.0000;1;1074.0000;None;11600.0000
13588;2023-03-11 11:20:48.060000;3;100614;1;1;5800.0000;1;1074.0000;None;11600.0000
13589;2023-03-11 11:18:33.957000;3;102637;1;1;9800.0000;1;1352.0000;None;14600.0000
13589;2023-03-11 11:18:33.957000;7;2065;1;1;0.0000;1;1352.0000;None;14600.0000
13589;2023-03-11 11:19:23.200000;3;102747;1;1;4800.0000;1;1352.0000;None;14600.0000
13589;2023-03-11 11:19:23.200000;7;1207;1;1;0.0000;1;1352.0000;None;14600.0000
13590;2023-03-11 11:21:32.097000;3;200007;1;1;12800.0000;1;7093.0000;None;76600.0000
13590;2023-03-11 11:18:43.427000;3;100606;1;1;6800.0000;1;7093.0000;None;76600.0000
13590;2023-03-11 11:18:43.427000;7;2052;1;1;0.0000;1;7093.0000;None;76600.0000
13590;2023-03-11 11:18:43.427000;7;2009;1;1;0.0000;1;7093.0000;None;76600.0000
13590;2023-03-11 11:34:38.777000;1;104004;1;1;16800.0000;1;7093.0000;None;76600.0000
13590;2023-03-11 11:34:38.777000;7;1027;1;1;0.0000;1;7093.0000;None;76600.0000
13590;2023-03-11 11:34:38.777000;1;102187;1;1;3800.0000;1;7093.0000;None;76600.0000
13590;2023-03-11 11:34:38.777000;7;1294;1;1;0.0000;1;7093.0000;None;76600.0000
13590;2023-03-11 11:42:57.513000;3;100606;1;1;6800.0000;1;7093.0000;None;76600.0000
13590;2023-03-11 12:00:54.497000;1;103047;1;1;22800.0000;1;7093.0000;None;76600.0000
13590;2023-03-11 12:00:54.497000;7;1135;1;1;0.0000;1;7093.0000;None;76600.0000
13590;2023-03-11 12:11:08.890000;3;100606;1;1;6800.0000;1;7093.0000;None;76600.0000
13591;2023-03-11 11:23:29.627000;3;101231;1;1;5800.0000;1;3204.0000;None;34600.0000
13591;2023-03-11 11:23:29.627000;1;101267;1;1;28800.0000;1;3204.0000;None;34600.0000
13591;2023-03-11 11:23:29.627000;1;101503;1;1;0.0000;1;3204.0000;None;34600.0000
13592;2023-03-11 11:32:46.740000;3;108539;1;1;9800.0000;1;4593.0000;None;49600.0000
13592;2023-03-11 11:32:46.740000;7;2060;1;1;0.0000;1;4593.0000;None;49600.0000
13592;2023-03-11 11:32:46.740000;7;2009;1;1;0.0000;1;4593.0000;None;49600.0000
13592;2023-03-11 11:43:24.310000;1;109100;1;1;39800.0000;1;4593.0000;None;49600.0000
13593;2023-03-11 11:33:00.113000;2;105926;1;1;22600.0000;1;4185.0000;None;45200.0000
13593;2023-03-11 11:33:00.113000;2;105926;1;1;22600.0000;1;4185.0000;None;45200.0000
13594;2023-03-11 11:33:42.653000;3;102402;1;1;7800.0000;1;722.0000;None;7800.0000
13594;2023-03-11 11:33:42.653000;6;104291;2;1;0.0000;1;722.0000;None;7800.0000
13594;2023-03-11 11:33:42.653000;6;104291;2;1;0.0000;1;722.0000;None;7800.0000
13594;2023-03-11 11:33:42.653000;6;104291;2;1;0.0000;1;722.0000;None;7800.0000
13594;2023-03-11 11:33:42.653000;6;104291;2;1;0.0000;1;722.0000;None;7800.0000
13595;2023-03-11 11:36:12.017000;3;100606;1;1;6800.0000;1;3111.0000;None;33600.0000
13595;2023-03-11 11:36:12.017000;7;2009;1;1;0.0000;1;3111.0000;None;33600.0000
13595;2023-03-11 11:36:12.017000;1;103214;1;1;26800.0000;1;3111.0000;None;33600.0000
13596;2023-03-11 11:39:17.727000;3;102630;1;1;8800.0000;1;3611.0000;None;39000.0000
13596;2023-03-11 11:39:17.727000;3;201146;1;1;6800.0000;1;3611.0000;None;39000.0000
13596;2023-03-11 11:46:14.953000;1;104150;1;1;11800.0000;1;3611.0000;None;39000.0000
13596;2023-03-11 11:46:14.953000;1;100590;1;1;5800.0000;1;3611.0000;None;39000.0000
13596;2023-03-11 11:52:20.840000;3;100613;1;1;5800.0000;1;3611.0000;None;39000.0000
13597;2023-03-11 11:41:20.207000;3;100614;1;1;5800.0000;1;537.0000;None;5800.0000
13598;2023-03-11 11:41:27.220000;3;100614;1;1;5800.0000;1;1704.0000;None;18400.0000
13598;2023-03-11 11:41:27.220000;3;100596;1;1;5800.0000;1;1704.0000;None;18400.0000
13598;2023-03-11 12:01:31.840000;3;201146;1;1;6800.0000;1;1704.0000;None;18400.0000
13598;2023-03-11 12:01:31.840000;7;2008;1;1;0.0000;1;1704.0000;None;18400.0000
13598;2023-03-11 12:01:31.840000;7;2008;1;1;0.0000;1;1704.0000;None;18400.0000
13599;2023-03-11 11:45:23.920000;3;101333;1;1;15800.0000;1;4982.0000;None;53800.0000
13599;2023-03-11 11:45:23.920000;7;2009;1;1;0.0000;1;4982.0000;None;53800.0000
13599;2023-03-11 11:45:23.920000;3;101333;1;1;15800.0000;1;4982.0000;None;53800.0000
13599;2023-03-11 11:45:23.920000;7;2009;1;1;0.0000;1;4982.0000;None;53800.0000
13599;2023-03-11 11:45:23.920000;1;106689;1;1;2800.0000;1;4982.0000;None;53800.0000
13599;2023-03-11 12:10:39.230000;3;100614;1;1;5800.0000;1;4982.0000;None;53800.0000
13599;2023-03-11 12:34:46.230000;3;202709;1;1;7800.0000;1;4982.0000;None;53800.0000
13599;2023-03-11 12:34:46.230000;7;1207;1;1;0.0000;1;4982.0000;None;53800.0000
13599;2023-03-11 12:34:46.230000;3;100614;1;1;5800.0000;1;4982.0000;None;53800.0000
13600;2023-03-11 11:51:30.887000;1;103076;1;1;49800.0000;1;10741.0000;None;116000.0000
13600;2023-03-11 11:51:30.887000;1;103273;1;1;41800.0000;1;10741.0000;None;116000.0000
13600;2023-03-11 11:51:30.887000;1;108006;1;1;0.0000;1;10741.0000;None;116000.0000
13600;2023-03-11 11:51:30.887000;3;102751;1;1;8800.0000;1;10741.0000;None;116000.0000
13600;2023-03-11 11:51:30.887000;3;102751;1;1;8800.0000;1;10741.0000;None;116000.0000
13600;2023-03-11 12:16:14.860000;3;201958;1;1;6800.0000;1;10741.0000;None;116000.0000
13601;2023-03-11 11:52:14.173000;3;104554;1;1;4800.0000;1;981.0000;None;10600.0000
13601;2023-03-11 11:52:14.173000;1;100590;1;1;5800.0000;1;981.0000;None;10600.0000
13602;2023-03-11 11:55:06.240000;3;101231;1;1;5800.0000;1;1704.0000;None;18400.0000
13602;2023-03-11 11:55:06.240000;7;2052;1;1;0.0000;1;1704.0000;None;18400.0000
13602;2023-03-11 11:55:06.240000;1;103992;1;1;6800.0000;1;1704.0000;None;18400.0000
13602;2023-03-11 11:55:06.240000;1;100590;1;1;5800.0000;1;1704.0000;None;18400.0000
13603;2023-03-11 11:59:42.553000;3;100614;1;1;5800.0000;1;3000.0000;None;32400.0000
13603;2023-03-11 11:59:42.553000;2;101030;1;1;19800.0000;1;3000.0000;None;32400.0000
13603;2023-03-11 11:59:42.553000;3;100606;1;1;6800.0000;1;3000.0000;None;32400.0000
13603;2023-03-11 11:59:42.553000;7;2009;1;1;0.0000;1;3000.0000;None;32400.0000
13604;2023-03-11 12:04:29.963000;3;100606;1;1;6800.0000;1;1259.0000;None;13600.0000
13604;2023-03-11 12:04:29.963000;7;2009;1;1;0.0000;1;1259.0000;None;13600.0000
13604;2023-03-11 12:04:29.963000;3;100606;1;1;6800.0000;1;1259.0000;None;13600.0000
13604;2023-03-11 12:04:29.963000;7;2052;1;1;0.0000;1;1259.0000;None;13600.0000
13604;2023-03-11 12:04:29.963000;7;2052;1;1;0.0000;1;1259.0000;None;13600.0000
13606;2023-03-11 12:14:03.877000;2;201187;1;1;10800.0000;1;2370.0000;None;25600.0000
13606;2023-03-11 12:14:03.877000;2;201615;1;1;14800.0000;1;2370.0000;None;25600.0000
13607;2023-03-11 12:25:26.563000;3;108531;1;1;7800.0000;1;1352.0000;None;14600.0000
13607;2023-03-11 12:25:26.563000;7;2057;1;1;0.0000;1;1352.0000;None;14600.0000
13607;2023-03-11 12:25:26.563000;3;201269;1;1;6800.0000;1;1352.0000;None;14600.0000
13607;2023-03-11 12:25:26.563000;7;2042;1;1;0.0000;1;1352.0000;None;14600.0000
13607;2023-03-11 12:25:26.563000;7;2043;1;1;0.0000;1;1352.0000;None;14600.0000
13608;2023-03-11 12:25:41.307000;3;100614;1;1;5800.0000;1;3148.0000;None;34000.0000
13608;2023-03-11 12:25:41.307000;7;2052;1;1;0.0000;1;3148.0000;None;34000.0000
13608;2023-03-11 12:25:41.307000;3;100614;1;1;5800.0000;1;3148.0000;None;34000.0000
13608;2023-03-11 12:25:41.307000;3;201146;1;1;6800.0000;1;3148.0000;None;34000.0000
13608;2023-03-11 12:25:41.307000;7;2050;1;1;0.0000;1;3148.0000;None;34000.0000
13608;2023-03-11 12:25:41.307000;7;2050;1;1;0.0000;1;3148.0000;None;34000.0000
13608;2023-03-11 12:25:41.307000;3;200006;1;1;9800.0000;1;3148.0000;None;34000.0000
13608;2023-03-11 10:59:16.543000;3;101231;1;1;5800.0000;1;3148.0000;None;34000.0000
13609;2023-03-11 11:02:52.380000;3;100614;1;1;5800.0000;1;2148.0000;None;23200.0000
13609;2023-03-11 11:27:30.767000;3;100614;1;1;5800.0000;1;2148.0000;None;23200.0000
13609;2023-03-11 13:04:13.553000;3;100596;1;1;5800.0000;1;2148.0000;None;23200.0000
13609;2023-03-11 13:04:13.553000;3;100596;1;1;5800.0000;1;2148.0000;None;23200.0000
13610;2023-03-11 12:35:27.860000;3;100606;1;1;6800.0000;1;815.0000;None;8800.0000
13610;2023-03-11 12:35:27.860000;6;105082;1;1;2000.0000;1;815.0000;None;8800.0000
13611;2023-03-11 12:39:12.497000;3;104554;1;1;4800.0000;1;1907.0000;None;20600.0000
13611;2023-03-11 12:39:12.497000;3;101333;1;1;15800.0000;1;1907.0000;None;20600.0000
13611;2023-03-11 12:39:12.497000;7;2009;1;1;0.0000;1;1907.0000;None;20600.0000
13612;2023-03-11 12:40:51.460000;3;100606;1;1;6800.0000;1;1167.0000;None;12600.0000
13612;2023-03-11 10:59:16.543000;1;100590;1;1;5800.0000;1;1167.0000;None;12600.0000
13613;2023-03-11 12:43:19.517000;3;100607;1;1;6800.0000;1;1259.0000;None;13600.0000
13613;2023-03-11 12:43:19.517000;7;2052;1;1;0.0000;1;1259.0000;None;13600.0000
13613;2023-03-11 12:43:19.517000;3;100607;1;1;6800.0000;1;1259.0000;None;13600.0000
13613;2023-03-11 12:43:19.517000;7;2052;1;1;0.0000;1;1259.0000;None;13600.0000
13613;2023-03-11 12:43:19.517000;7;2052;1;1;0.0000;1;1259.0000;None;13600.0000
13615;2023-03-11 12:52:34.273000;3;201146;1;1;6800.0000;1;1259.0000;None;13600.0000
13615;2023-03-11 12:52:34.273000;3;100606;1;1;6800.0000;1;1259.0000;None;13600.0000
13615;2023-03-11 12:53:48.827000;7;1000;1;-1;0.0000;1;1259.0000;None;13600.0000
13616;2023-03-11 12:52:47.720000;3;100607;1;1;6800.0000;1;2333.0000;None;25200.0000
13616;2023-03-11 12:52:47.720000;1;100590;1;1;5800.0000;1;2333.0000;None;25200.0000
13616;2023-03-11 13:15:22.383000;3;100607;1;1;6800.0000;1;2333.0000;None;25200.0000
13616;2023-03-11 13:15:22.383000;7;2052;1;1;0.0000;1;2333.0000;None;25200.0000
13616;2023-03-11 13:15:22.383000;7;2052;1;1;0.0000;1;2333.0000;None;25200.0000
13616;2023-03-11 13:28:12.790000;1;100590;1;1;5800.0000;1;2333.0000;None;25200.0000
13616;2023-03-11 13:28:12.790000;7;1135;1;1;0.0000;1;2333.0000;None;25200.0000
13618;2023-03-11 13:07:58.027000;3;102649;1;1;5800.0000;1;1815.0000;None;19600.0000
13618;2023-03-11 13:07:58.027000;7;2094;1;1;0.0000;1;1815.0000;None;19600.0000
13618;2023-03-11 13:18:04.850000;1;109554;1;1;13800.0000;1;1815.0000;None;19600.0000
13619;2023-03-11 13:10:44.727000;2;201615;1;1;14800.0000;1;5982.0000;None;64600.0000
13619;2023-03-11 13:16:08.990000;1;103076;1;1;49800.0000;1;5982.0000;None;64600.0000
13620;2023-03-11 13:18:53.650000;3;100606;1;1;6800.0000;1;1259.0000;None;13600.0000
13620;2023-03-11 13:18:53.650000;3;201146;1;1;6800.0000;1;1259.0000;None;13600.0000
13621;2023-03-11 13:21:21.337000;3;200644;1;1;6800.0000;1;3944.0000;None;42600.0000
13621;2023-03-11 13:21:21.337000;2;109110;1;1;35800.0000;1;3944.0000;None;42600.0000
13622;2023-03-11 13:27:02.873000;1;109554;1;1;13800.0000;1;12500.0000;None;135000.0000
13622;2023-03-11 13:27:02.873000;7;1001;1;1;0.0000;1;12500.0000;None;135000.0000
13622;2023-03-11 13:27:02.873000;7;1001;1;1;0.0000;1;12500.0000;None;135000.0000
13622;2023-03-11 13:27:02.873000;7;1001;1;1;0.0000;1;12500.0000;None;135000.0000
13622;2023-03-11 13:27:02.873000;1;102035;1;1;35800.0000;1;12500.0000;None;135000.0000
13622;2023-03-11 13:27:02.873000;1;103635;1;1;48800.0000;1;12500.0000;None;135000.0000
13622;2023-03-11 13:27:02.873000;1;101502;1;1;0.0000;1;12500.0000;None;135000.0000
13622;2023-03-11 13:27:02.873000;2;101878;1;1;29800.0000;1;12500.0000;None;135000.0000
13622;2023-03-11 13:27:02.873000;3;200644;1;1;6800.0000;1;12500.0000;None;135000.0000
13622;2023-03-11 13:27:02.873000;1;101270;1;1;0.0000;1;12500.0000;None;135000.0000
13624;2023-03-11 13:27:25.370000;3;108533;1;1;9800.0000;1;1630.0000;None;17600.0000
13624;2023-03-11 13:27:25.370000;3;108532;1;1;7800.0000;1;1630.0000;None;17600.0000
13625;2023-03-11 13:44:49.900000;3;100606;1;1;6800.0000;1;9722.0000;None;105000.0000
13625;2023-03-11 14:29:11.733000;1;103771;1;1;29800.0000;1;9722.0000;None;105000.0000
13625;2023-03-11 15:05:27.150000;3;200644;1;1;6800.0000;1;9722.0000;None;105000.0000
13625;2023-03-11 15:05:27.150000;3;201146;1;1;6800.0000;1;9722.0000;None;105000.0000
13625;2023-03-11 15:05:27.150000;1;102062;1;1;54800.0000;1;9722.0000;None;105000.0000
13625;2023-03-11 15:05:27.150000;1;101503;1;1;0.0000;1;9722.0000;None;105000.0000
13626;2023-03-11 13:47:19.360000;3;102102;1;1;9800.0000;1;2167.0000;None;23400.0000
13626;2023-03-11 13:47:19.360000;3;201269;1;1;6800.0000;1;2167.0000;None;23400.0000
13626;2023-03-11 13:47:19.360000;7;2042;1;1;0.0000;1;2167.0000;None;23400.0000
13626;2023-03-11 13:47:19.360000;7;2043;1;1;0.0000;1;2167.0000;None;23400.0000
13626;2023-03-11 14:14:44.327000;3;100607;1;1;6800.0000;1;2167.0000;None;23400.0000
13627;2023-03-11 14:31:06.770000;3;100613;1;1;5800.0000;1;537.0000;None;5800.0000
13628;2023-03-11 14:31:50.867000;2;102979;1;1;33800.0000;1;30315.0000;None;327400.0000
13628;2023-03-11 14:31:50.867000;1;103203;1;1;49800.0000;1;30315.0000;None;327400.0000
13628;2023-03-11 14:31:50.867000;1;101503;1;1;0.0000;1;30315.0000;None;327400.0000
13628;2023-03-11 14:31:50.867000;1;103387;1;1;42800.0000;1;30315.0000;None;327400.0000
13628;2023-03-11 14:31:50.867000;1;101503;1;1;0.0000;1;30315.0000;None;327400.0000
13628;2023-03-11 14:32:55.150000;1;102128;1;2;5600.0000;1;30315.0000;None;327400.0000
13628;2023-03-11 14:53:40.790000;2;202366;1;1;185800.0000;1;30315.0000;None;327400.0000
13628;2023-03-11 15:47:37.510000;1;102128;1;1;2800.0000;1;30315.0000;None;327400.0000
13628;2023-03-11 15:47:37.510000;1;102139;1;1;6800.0000;1;30315.0000;None;327400.0000
13629;2023-03-11 14:32:30.717000;1;102813;1;1;3000.0000;1;1556.0000;None;16800.0000
13629;2023-03-11 14:32:30.717000;1;102813;1;1;3000.0000;1;1556.0000;None;16800.0000
13629;2023-03-11 14:34:49.913000;3;101219;1;1;10800.0000;1;1556.0000;None;16800.0000
13630;2023-03-11 14:42:32.860000;1;103266;1;1;19800.0000;1;3463.0000;None;37400.0000
13630;2023-03-11 14:42:32.860000;1;108006;1;1;0.0000;1;3463.0000;None;37400.0000
13630;2023-03-11 14:42:32.860000;7;1039;1;1;0.0000;1;3463.0000;None;37400.0000
13630;2023-03-11 14:49:14.290000;3;100606;1;2;13600.0000;1;3463.0000;None;37400.0000
13630;2023-03-11 14:49:14.290000;6;105082;1;2;4000.0000;1;3463.0000;None;37400.0000
13632;2023-03-11 14:47:04.247000;3;102112;1;2;11600.0000;1;3426.0000;None;37000.0000
13632;2023-03-11 14:47:04.247000;3;100606;1;1;6800.0000;1;3426.0000;None;37000.0000
13632;2023-03-11 14:47:04.247000;1;103961;1;1;16800.0000;1;3426.0000;None;37000.0000
13632;2023-03-11 14:47:04.247000;1;102412;1;1;1800.0000;1;3426.0000;None;37000.0000
13634;2023-03-11 14:48:59.947000;3;100606;1;1;6800.0000;1;1796.0000;None;19400.0000
13634;2023-03-11 14:48:59.947000;1;103992;1;1;6800.0000;1;1796.0000;None;19400.0000
13634;2023-03-11 14:48:59.947000;1;101068;1;1;5800.0000;1;1796.0000;None;19400.0000
13636;2023-03-11 14:56:23.263000;3;101231;1;1;5800.0000;1;7907.0000;None;85400.0000
13636;2023-03-11 15:08:19.730000;1;107283;1;40;6000.0000;1;7907.0000;None;85400.0000
13636;2023-03-11 15:09:53.383000;3;100606;1;1;6800.0000;1;7907.0000;None;85400.0000
13636;2023-03-11 15:09:53.383000;1;101068;1;1;5800.0000;1;7907.0000;None;85400.0000
13636;2023-03-11 15:28:46.937000;3;104554;1;1;4800.0000;1;7907.0000;None;85400.0000
13636;2023-03-11 16:20:38.493000;3;201146;1;1;6800.0000;1;7907.0000;None;85400.0000
13636;2023-03-11 16:20:38.493000;7;2050;1;1;0.0000;1;7907.0000;None;85400.0000
13636;2023-03-11 16:20:38.493000;7;2008;1;1;0.0000;1;7907.0000;None;85400.0000
13636;2023-03-11 16:20:38.493000;7;2008;1;1;0.0000;1;7907.0000;None;85400.0000
13636;2023-03-11 17:30:01.353000;3;100607;1;1;6800.0000;1;7907.0000;None;85400.0000
13636;2023-03-11 17:30:01.353000;7;2052;1;1;0.0000;1;7907.0000;None;85400.0000
13636;2023-03-11 17:30:01.353000;7;2052;1;1;0.0000;1;7907.0000;None;85400.0000
13636;2023-03-11 17:30:01.353000;3;101219;1;1;10800.0000;1;7907.0000;None;85400.0000
13636;2023-03-11 17:30:01.353000;7;2052;1;1;0.0000;1;7907.0000;None;85400.0000
13636;2023-03-11 17:30:01.353000;7;2052;1;1;0.0000;1;7907.0000;None;85400.0000
13636;2023-03-11 17:33:37.403000;1;103290;1;1;31800.0000;1;7907.0000;None;85400.0000
13636;2023-03-11 17:33:37.403000;1;108005;1;1;0.0000;1;7907.0000;None;85400.0000
13636;2023-03-11 17:33:37.403000;1;108005;1;1;0.0000;1;7907.0000;None;85400.0000
13636;2023-03-11 17:33:37.403000;7;1039;1;1;0.0000;1;7907.0000;None;85400.0000
13637;2023-03-11 14:57:28.670000;1;103961;1;1;16800.0000;1;4370.0000;None;47200.0000
13637;2023-03-11 14:57:28.670000;7;1135;1;1;0.0000;1;4370.0000;None;47200.0000
13637;2023-03-11 15:01:29.647000;3;104554;1;1;4800.0000;1;4370.0000;None;47200.0000
13637;2023-03-11 15:01:29.663000;3;100596;1;1;5800.0000;1;4370.0000;None;47200.0000
13637;2023-03-11 15:03:11.417000;1;105421;1;1;19800.0000;1;4370.0000;None;47200.0000
13638;2023-03-11 15:04:39.487000;3;104554;1;1;4800.0000;1;1519.0000;None;16400.0000
13638;2023-03-11 15:04:39.487000;3;100613;1;1;5800.0000;1;1519.0000;None;16400.0000
13638;2023-03-11 15:04:39.487000;3;100614;1;1;5800.0000;1;1519.0000;None;16400.0000
13639;2023-03-11 15:06:34.687000;3;100606;1;1;6800.0000;1;1167.0000;None;12600.0000
13639;2023-03-11 15:06:34.687000;7;2028;1;1;0.0000;1;1167.0000;None;12600.0000
13639;2023-03-11 15:06:34.687000;3;100614;1;1;5800.0000;1;1167.0000;None;12600.0000
13640;2023-03-11 15:08:46.727000;3;102102;1;1;9800.0000;1;2093.0000;None;22600.0000
13640;2023-03-11 15:08:46.727000;3;108533;1;1;9800.0000;1;2093.0000;None;22600.0000
13640;2023-03-11 15:08:46.727000;1;102813;1;1;3000.0000;1;2093.0000;None;22600.0000
13640;2023-03-11 15:08:46.727000;7;1135;1;1;0.0000;1;2093.0000;None;22600.0000
13641;2023-03-11 15:10:54.543000;3;101333;1;1;15800.0000;1;3537.0000;None;38200.0000
13641;2023-03-11 15:10:54.543000;3;100596;1;1;5800.0000;1;3537.0000;None;38200.0000
13641;2023-03-11 15:10:54.543000;3;100626;1;1;9800.0000;1;3537.0000;None;38200.0000
13641;2023-03-11 15:10:54.543000;3;100606;1;1;6800.0000;1;3537.0000;None;38200.0000
13641;2023-03-11 15:10:54.543000;7;2009;1;1;0.0000;1;3537.0000;None;38200.0000
13642;2023-03-11 15:14:43.130000;3;102653;1;1;4800.0000;1;4259.0000;None;46000.0000
13642;2023-03-11 15:14:49.963000;3;100606;1;1;6800.0000;1;4259.0000;None;46000.0000
13642;2023-03-11 15:14:49.963000;3;100614;1;1;5800.0000;1;4259.0000;None;46000.0000
13642;2023-03-11 15:20:31.187000;1;101043;1;1;21800.0000;1;4259.0000;None;46000.0000
13642;2023-03-11 15:23:03.690000;3;201211;1;1;6800.0000;1;4259.0000;None;46000.0000
13642;2023-03-11 15:23:03.690000;1;101270;1;1;0.0000;1;4259.0000;None;46000.0000
13642;2023-03-11 15:23:03.690000;1;101270;1;1;0.0000;1;4259.0000;None;46000.0000
13643;2023-03-11 15:26:36.720000;3;100606;1;1;6800.0000;1;1259.0000;None;13600.0000
13643;2023-03-11 15:26:36.720000;3;100606;1;1;6800.0000;1;1259.0000;None;13600.0000
13643;2023-03-11 15:26:36.720000;7;2009;1;1;0.0000;1;1259.0000;None;13600.0000
13643;2023-03-11 15:26:36.720000;7;2009;1;1;0.0000;1;1259.0000;None;13600.0000
13645;2023-03-11 15:41:35.860000;3;100596;1;1;5800.0000;1;2889.0000;None;31200.0000
13645;2023-03-11 15:41:35.860000;3;100606;1;1;6800.0000;1;2889.0000;None;31200.0000
13645;2023-03-11 15:41:35.860000;3;200007;1;1;12800.0000;1;2889.0000;None;31200.0000
13645;2023-03-11 15:41:35.860000;7;2008;1;2;0.0000;1;2889.0000;None;31200.0000
13645;2023-03-11 15:55:55.397000;3;100614;1;1;5800.0000;1;2889.0000;None;31200.0000
13646;2023-03-11 15:45:32.827000;1;103166;1;1;19800.0000;1;3093.0000;None;33400.0000
13646;2023-03-11 15:45:42.757000;3;108532;1;1;7800.0000;1;3093.0000;None;33400.0000
13646;2023-03-11 15:45:42.757000;3;100614;1;1;5800.0000;1;3093.0000;None;33400.0000
13647;2023-03-11 16:09:04.957000;3;100607;1;1;6800.0000;1;630.0000;None;6800.0000
13649;2023-03-11 16:14:10.417000;3;101208;1;1;12800.0000;1;2000.0000;None;21600.0000
13649;2023-03-11 16:14:10.417000;3;100615;1;1;8800.0000;1;2000.0000;None;21600.0000
13651;2023-03-11 16:16:21.137000;2;201187;1;1;10800.0000;1;1889.0000;None;20400.0000
13651;2023-03-11 16:16:21.137000;3;100607;1;1;6800.0000;1;1889.0000;None;20400.0000
13651;2023-03-11 16:16:21.137000;1;101069;1;1;2800.0000;1;1889.0000;None;20400.0000
13652;2023-03-11 16:20:02.023000;3;100607;1;1;6800.0000;1;2333.0000;None;25200.0000
13652;2023-03-11 16:20:02.023000;7;2052;1;1;0.0000;1;2333.0000;None;25200.0000
13652;2023-03-11 16:20:02.023000;7;2052;1;1;0.0000;1;2333.0000;None;25200.0000
13652;2023-03-11 16:20:02.023000;3;100607;1;1;6800.0000;1;2333.0000;None;25200.0000
13652;2023-03-11 16:20:02.023000;7;2052;1;1;0.0000;1;2333.0000;None;25200.0000
13652;2023-03-11 16:20:02.023000;7;2052;1;1;0.0000;1;2333.0000;None;25200.0000
13652;2023-03-11 16:20:02.023000;1;101068;1;1;5800.0000;1;2333.0000;None;25200.0000
13652;2023-03-11 16:20:02.023000;1;101068;1;1;5800.0000;1;2333.0000;None;25200.0000
13653;2023-03-11 16:21:02.143000;1;103166;1;1;19800.0000;1;None;None;19800.0000
13653;2023-03-11 16:21:02.143000;7;1135;1;1;0.0000;1;None;None;19800.0000
13654;2023-03-11 16:22:26.433000;3;101231;1;1;5800.0000;1;1167.0000;None;12600.0000
13654;2023-03-11 16:22:26.433000;3;100606;1;1;6800.0000;1;1167.0000;None;12600.0000
13655;2023-03-11 16:28:25.120000;2;200152;1;1;109800.0000;1;10167.0000;None;109800.0000
13655;2023-03-11 16:28:25.120000;7;2008;1;2;0.0000;1;10167.0000;None;109800.0000
13657;2023-03-11 16:35:05.960000;3;201211;1;1;6800.0000;1;3407.0000;None;36800.0000
13657;2023-03-11 16:35:05.960000;7;2065;1;1;0.0000;1;3407.0000;None;36800.0000
13657;2023-03-11 16:35:05.960000;1;100590;1;1;5800.0000;1;3407.0000;None;36800.0000
13657;2023-03-11 16:46:33.110000;3;100614;1;1;5800.0000;1;3407.0000;None;36800.0000
13657;2023-03-11 16:46:33.110000;3;100614;1;1;5800.0000;1;3407.0000;None;36800.0000
13657;2023-03-11 17:17:51.533000;3;200644;1;1;6800.0000;1;3407.0000;None;36800.0000
13657;2023-03-11 17:17:51.533000;3;100614;1;1;5800.0000;1;3407.0000;None;36800.0000
13658;2023-03-11 16:37:05.033000;3;102426;1;1;3800.0000;1;3167.0000;None;34200.0000
13658;2023-03-11 16:37:05.033000;1;103961;1;1;16800.0000;1;3167.0000;None;34200.0000
13658;2023-03-11 16:37:05.033000;1;103992;1;1;6800.0000;1;3167.0000;None;34200.0000
13658;2023-03-11 16:37:05.033000;3;100606;1;1;6800.0000;1;3167.0000;None;34200.0000
13658;2023-03-11 16:37:05.033000;7;2009;1;1;0.0000;1;3167.0000;None;34200.0000
13660;2023-03-11 16:51:08.393000;3;200644;1;1;6800.0000;1;5574.0000;None;60200.0000
13660;2023-03-11 16:51:08.393000;1;105421;1;1;19800.0000;1;5574.0000;None;60200.0000
13660;2023-03-11 16:51:08.393000;1;103214;1;1;26800.0000;1;5574.0000;None;60200.0000
13660;2023-03-11 16:51:08.393000;7;1135;1;1;0.0000;1;5574.0000;None;60200.0000
13660;2023-03-11 16:52:38.287000;3;100606;1;1;6800.0000;1;5574.0000;None;60200.0000
13660;2023-03-11 16:52:38.287000;7;2009;1;1;0.0000;1;5574.0000;None;60200.0000
13661;2023-03-11 16:54:03.740000;1;101310;1;1;20800.0000;1;5370.0000;None;58000.0000
13661;2023-03-11 16:54:03.740000;1;104004;1;1;16800.0000;1;5370.0000;None;58000.0000
13661;2023-03-11 16:55:20.270000;3;100606;1;1;6800.0000;1;5370.0000;None;58000.0000
13661;2023-03-11 16:55:20.270000;7;2009;1;1;0.0000;1;5370.0000;None;58000.0000
13661;2023-03-11 16:55:20.270000;3;100607;1;1;6800.0000;1;5370.0000;None;58000.0000
13661;2023-03-11 16:55:20.270000;7;2009;1;1;0.0000;1;5370.0000;None;58000.0000
13661;2023-03-11 17:08:17.477000;3;201146;1;1;6800.0000;1;5370.0000;None;58000.0000
13661;2023-03-11 17:08:17.477000;7;2065;1;2;0.0000;1;5370.0000;None;58000.0000
13662;2023-03-11 16:54:29.343000;3;104554;1;1;4800.0000;1;981.0000;None;10600.0000
13662;2023-03-11 16:54:29.343000;3;100613;1;1;5800.0000;1;981.0000;None;10600.0000
13663;2023-03-11 16:57:45.957000;3;108531;1;1;7800.0000;1;4278.0000;None;46200.0000
13663;2023-03-11 16:57:45.957000;7;2057;1;1;0.0000;1;4278.0000;None;46200.0000
13663;2023-03-11 16:57:45.957000;3;100606;1;1;6800.0000;1;4278.0000;None;46200.0000
13663;2023-03-11 16:57:45.957000;7;2009;1;1;0.0000;1;4278.0000;None;46200.0000
13663;2023-03-11 16:57:45.957000;7;2009;1;1;0.0000;1;4278.0000;None;46200.0000
13663;2023-03-11 16:57:45.957000;7;2052;1;1;0.0000;1;4278.0000;None;46200.0000
13663;2023-03-11 16:57:45.957000;7;2052;1;1;0.0000;1;4278.0000;None;46200.0000
13663;2023-03-11 16:57:45.957000;7;2052;1;1;0.0000;1;4278.0000;None;46200.0000
13663;2023-03-11 16:57:45.957000;7;2052;1;1;0.0000;1;4278.0000;None;46200.0000
13663;2023-03-11 17:00:04.090000;1;103272;1;1;27800.0000;1;4278.0000;None;46200.0000
13663;2023-03-11 17:00:04.090000;1;108005;1;1;0.0000;1;4278.0000;None;46200.0000
13663;2023-03-11 17:12:41.783000;1;102256;1;1;3800.0000;1;4278.0000;None;46200.0000
13664;2023-03-11 17:09:39.203000;1;104172;1;1;10800.0000;1;39259.0000;None;424000.0000
13664;2023-03-11 17:09:39.203000;1;104171;1;1;12800.0000;1;39259.0000;None;424000.0000
13664;2023-03-11 17:09:39.203000;1;104158;1;1;11800.0000;1;39259.0000;None;424000.0000
13664;2023-03-11 17:09:39.203000;1;104150;1;1;11800.0000;1;39259.0000;None;424000.0000
13664;2023-03-11 17:09:39.203000;1;104167;1;1;6800.0000;1;39259.0000;None;424000.0000
13664;2023-03-11 17:09:39.203000;1;104157;1;1;5800.0000;1;39259.0000;None;424000.0000
13664;2023-03-11 17:09:54.327000;3;101231;1;1;5800.0000;1;39259.0000;None;424000.0000
13664;2023-03-11 17:09:54.327000;3;100614;1;1;5800.0000;1;39259.0000;None;424000.0000
13664;2023-03-11 17:09:54.327000;3;100614;1;1;5800.0000;1;39259.0000;None;424000.0000
13664;2023-03-11 17:18:15.510000;2;200150;1;1;159800.0000;1;39259.0000;None;424000.0000
13664;2023-03-11 17:18:15.510000;7;1207;1;1;0.0000;1;39259.0000;None;424000.0000
13664;2023-03-11 17:41:44.497000;3;201146;1;1;6800.0000;1;39259.0000;None;424000.0000
13664;2023-03-11 18:23:55.043000;2;200150;1;1;159800.0000;1;39259.0000;None;424000.0000
13664;2023-03-11 18:30:56.297000;3;100606;1;1;6800.0000;1;39259.0000;None;424000.0000
13664;2023-03-11 18:30:56.297000;7;2033;1;1;0.0000;1;39259.0000;None;424000.0000
13664;2023-03-11 18:30:56.297000;3;100606;1;1;6800.0000;1;39259.0000;None;424000.0000
13664;2023-03-11 18:30:56.297000;3;100606;1;1;6800.0000;1;39259.0000;None;424000.0000
13665;2023-03-11 17:11:43.090000;1;103214;1;1;26800.0000;1;6852.0000;None;74000.0000
13665;2023-03-11 17:11:43.090000;1;103214;1;1;26800.0000;1;6852.0000;None;74000.0000
13665;2023-03-11 17:16:36.887000;3;100607;1;1;6800.0000;1;6852.0000;None;74000.0000
13665;2023-03-11 17:16:36.887000;3;100607;1;1;6800.0000;1;6852.0000;None;74000.0000
13665;2023-03-11 17:16:36.887000;3;100607;1;1;6800.0000;1;6852.0000;None;74000.0000
13667;2023-03-11 17:23:12.390000;3;104554;1;1;4800.0000;1;2815.0000;None;30400.0000
13667;2023-03-11 17:23:12.390000;3;101208;1;1;12800.0000;1;2815.0000;None;30400.0000
13667;2023-03-11 17:23:12.390000;3;101208;1;1;12800.0000;1;2815.0000;None;30400.0000
13668;2023-03-11 17:31:30.487000;3;100614;1;1;5800.0000;1;3722.0000;None;40200.0000
13668;2023-03-11 17:31:30.487000;3;100615;1;1;8800.0000;1;3722.0000;None;40200.0000
13668;2023-03-11 17:31:30.487000;1;109554;1;1;13800.0000;1;3722.0000;None;40200.0000
13668;2023-03-11 17:31:30.487000;1;109556;1;1;11800.0000;1;3722.0000;None;40200.0000
13670;2023-03-11 17:53:49.340000;3;101208;1;1;12800.0000;1;26259.0000;None;283600.0000
13670;2023-03-11 17:53:49.340000;7;2009;1;1;0.0000;1;26259.0000;None;283600.0000
13670;2023-03-11 17:53:49.340000;3;101333;1;1;15800.0000;1;26259.0000;None;283600.0000
13670;2023-03-11 17:53:49.340000;3;101333;1;1;15800.0000;1;26259.0000;None;283600.0000
13670;2023-03-11 17:53:49.340000;3;100606;1;2;13600.0000;1;26259.0000;None;283600.0000
13670;2023-03-11 17:53:49.340000;7;2009;1;1;0.0000;1;26259.0000;None;283600.0000
13670;2023-03-11 17:53:49.340000;3;102635;1;1;8800.0000;1;26259.0000;None;283600.0000
13670;2023-03-11 17:53:49.340000;2;107767;1;1;50800.0000;1;26259.0000;None;283600.0000
13670;2023-03-11 17:53:49.340000;2;101795;1;1;37800.0000;1;26259.0000;None;283600.0000
13670;2023-03-11 17:53:49.340000;1;109556;1;1;11800.0000;1;26259.0000;None;283600.0000
13670;2023-03-11 17:53:49.340000;1;104158;1;1;11800.0000;1;26259.0000;None;283600.0000
13670;2023-03-11 18:04:37.450000;1;106689;1;1;2800.0000;1;26259.0000;None;283600.0000
13670;2023-03-11 18:10:00.993000;1;103288;1;1;24800.0000;1;26259.0000;None;283600.0000
13670;2023-03-11 18:10:00.993000;1;108005;1;1;0.0000;1;26259.0000;None;283600.0000
13670;2023-03-11 18:10:00.993000;1;103297;1;1;39800.0000;1;26259.0000;None;283600.0000
13670;2023-03-11 18:10:00.993000;1;108005;1;1;0.0000;1;26259.0000;None;283600.0000
13670;2023-03-11 18:14:57.790000;3;201958;1;1;6800.0000;1;26259.0000;None;283600.0000
13670;2023-03-11 18:14:57.790000;7;2002;1;1;0.0000;1;26259.0000;None;283600.0000
13670;2023-03-11 18:15:55.407000;1;106689;1;1;2800.0000;1;26259.0000;None;283600.0000
13670;2023-03-11 18:22:08.320000;1;101310;1;1;20800.0000;1;26259.0000;None;283600.0000
13670;2023-03-11 18:40:46.980000;3;201146;1;1;6800.0000;1;26259.0000;None;283600.0000
13672;2023-03-11 18:12:37.863000;3;201211;1;1;6800.0000;1;2241.0000;None;24200.0000
13672;2023-03-11 18:12:37.863000;3;200644;1;1;6800.0000;1;2241.0000;None;24200.0000
13672;2023-03-11 18:12:37.863000;1;101270;1;1;0.0000;1;2241.0000;None;24200.0000
13672;2023-03-11 18:12:37.863000;1;101270;1;1;0.0000;1;2241.0000;None;24200.0000
13672;2023-03-11 18:12:37.863000;3;100614;1;1;5800.0000;1;2241.0000;None;24200.0000
13672;2023-03-11 18:12:37.863000;1;103879;1;1;4800.0000;1;2241.0000;None;24200.0000
13673;2023-03-11 18:13:43.867000;3;101219;1;1;10800.0000;1;3148.0000;None;34000.0000
13673;2023-03-11 18:13:43.867000;3;100606;1;1;6800.0000;1;3148.0000;None;34000.0000
13673;2023-03-11 18:16:58.407000;3;101219;1;1;10800.0000;1;3148.0000;None;34000.0000
13673;2023-03-11 18:22:16.223000;1;106689;1;2;5600.0000;1;3148.0000;None;34000.0000
13674;2023-03-11 18:17:41.167000;3;101333;1;1;15800.0000;1;2630.0000;None;28400.0000
13674;2023-03-11 18:17:41.167000;1;104173;1;1;5800.0000;1;2630.0000;None;28400.0000
13674;2023-03-11 18:22:21.807000;3;201211;1;1;6800.0000;1;2630.0000;None;28400.0000
13676;2023-03-11 18:27:05.970000;1;101032;1;1;5800.0000;1;537.0000;None;5800.0000
13676;2023-03-11 18:27:05.970000;7;2042;1;1;0.0000;1;537.0000;None;5800.0000
13676;2023-03-11 18:27:05.970000;7;1207;1;1;0.0000;1;537.0000;None;5800.0000
13677;2023-03-11 18:28:16.233000;3;104554;1;1;4800.0000;1;981.0000;None;10600.0000
13677;2023-03-11 18:28:16.233000;3;101231;1;1;5800.0000;1;981.0000;None;10600.0000
13679;2023-03-11 17:55:05.527000;3;100606;1;1;6800.0000;1;3000.0000;None;32400.0000
13679;2023-03-11 17:55:05.527000;3;100596;1;1;5800.0000;1;3000.0000;None;32400.0000
13679;2023-03-11 17:55:05.527000;1;105421;1;1;19800.0000;1;3000.0000;None;32400.0000
13679;2023-03-11 17:55:05.527000;7;1247;1;1;0.0000;1;3000.0000;None;32400.0000
13680;2023-03-11 18:34:42.797000;3;108533;1;1;9800.0000;1;10296.0000;None;111200.0000
13680;2023-03-11 18:34:42.797000;7;2009;1;1;0.0000;1;10296.0000;None;111200.0000
13680;2023-03-11 18:34:42.797000;3;200006;1;1;9800.0000;1;10296.0000;None;111200.0000
13680;2023-03-11 18:36:59.893000;1;103386;1;1;45800.0000;1;10296.0000;None;111200.0000
13680;2023-03-11 18:36:59.893000;1;101503;1;1;0.0000;1;10296.0000;None;111200.0000
13680;2023-03-11 18:36:59.893000;1;103386;1;1;45800.0000;1;10296.0000;None;111200.0000
13680;2023-03-11 18:36:59.893000;1;101503;1;1;0.0000;1;10296.0000;None;111200.0000
13681;2023-03-11 18:42:48.247000;3;101656;1;1;5800.0000;1;9556.0000;None;103200.0000
13681;2023-03-11 18:42:48.297000;2;108416;1;1;75800.0000;1;9556.0000;None;103200.0000
13681;2023-03-11 18:42:48.297000;1;102245;1;1;7800.0000;1;9556.0000;None;103200.0000
13681;2023-03-11 18:44:55.287000;1;107283;1;40;6000.0000;1;9556.0000;None;103200.0000
13681;2023-03-11 18:46:24.287000;1;102245;1;1;7800.0000;1;9556.0000;None;103200.0000
13682;2023-03-11 18:48:32.393000;1;101069;1;1;2800.0000;1;None;None;2800.0000
13686;2023-03-11 18:19:41.243000;1;103992;1;1;6800.0000;1;5222.0000;None;56400.0000
13686;2023-03-11 19:27:59.887000;1;103624;1;1;43800.0000;1;5222.0000;None;56400.0000
13686;2023-03-11 19:27:59.887000;1;108008;1;2;0.0000;1;5222.0000;None;56400.0000
13686;2023-03-11 19:27:59.887000;7;1039;1;1;0.0000;1;5222.0000;None;56400.0000
13686;2023-03-11 19:27:59.887000;7;1135;1;1;0.0000;1;5222.0000;None;56400.0000
13686;2023-03-11 19:27:59.887000;3;101231;1;1;5800.0000;1;5222.0000;None;56400.0000
13686;2023-03-11 19:27:59.887000;7;1207;1;1;0.0000;1;5222.0000;None;56400.0000
13688;2023-03-11 18:59:36.050000;3;100606;1;1;6800.0000;1;3278.0000;None;35400.0000
13688;2023-03-11 18:59:36.050000;6;105082;1;1;2000.0000;1;3278.0000;None;35400.0000
13688;2023-03-11 18:59:36.050000;3;100626;1;1;9800.0000;1;3278.0000;None;35400.0000
13688;2023-03-11 18:59:36.050000;1;103961;1;1;16800.0000;1;3278.0000;None;35400.0000
13689;2023-03-11 18:57:09.140000;3;108531;1;1;7800.0000;1;2722.0000;None;29400.0000
13689;2023-03-11 18:57:09.140000;7;2060;1;1;0.0000;1;2722.0000;None;29400.0000
13689;2023-03-11 18:57:09.140000;3;100607;1;1;6800.0000;1;2722.0000;None;29400.0000
13689;2023-03-11 18:57:09.140000;1;102342;1;1;14800.0000;1;2722.0000;None;29400.0000
13691;2023-03-11 19:04:48.267000;3;101889;1;1;9800.0000;1;7519.0000;None;81200.0000
13691;2023-03-11 19:04:48.267000;3;108531;1;1;7800.0000;1;7519.0000;None;81200.0000
13691;2023-03-11 19:04:48.267000;7;2060;1;1;0.0000;1;7519.0000;None;81200.0000
13691;2023-03-11 19:04:48.267000;1;103975;1;1;18800.0000;1;7519.0000;None;81200.0000
13691;2023-03-11 19:04:48.267000;7;1135;1;1;0.0000;1;7519.0000;None;81200.0000
13691;2023-03-11 19:04:48.267000;1;103297;1;1;39800.0000;1;7519.0000;None;81200.0000
13691;2023-03-11 19:04:48.267000;1;108006;1;1;0.0000;1;7519.0000;None;81200.0000
13691;2023-03-11 19:13:09.633000;6;105082;2;1;2000.0000;1;7519.0000;None;81200.0000
13691;2023-03-11 19:30:25.400000;1;102813;1;1;3000.0000;1;7519.0000;None;81200.0000
13691;2023-03-11 19:30:25.400000;7;1135;1;1;0.0000;1;7519.0000;None;81200.0000
13694;2023-03-11 19:15:10.017000;2;201187;1;2;21600.0000;1;2000.0000;None;21600.0000
13694;2023-03-11 19:15:10.017000;3;108191;1;2;0.0000;1;2000.0000;None;21600.0000
13695;2023-03-11 19:20:30.563000;1;103961;1;1;16800.0000;1;3259.0000;None;35200.0000
13695;2023-03-11 19:20:30.563000;3;200644;1;1;6800.0000;1;3259.0000;None;35200.0000
13695;2023-03-11 19:21:48.630000;3;100614;1;1;5800.0000;1;3259.0000;None;35200.0000
13695;2023-03-11 19:21:48.630000;3;100614;1;1;5800.0000;1;3259.0000;None;35200.0000
13698;2023-03-11 19:32:06.947000;3;100606;1;1;6800.0000;1;2796.0000;None;30200.0000
13698;2023-03-11 19:32:06.947000;3;100614;1;1;5800.0000;1;2796.0000;None;30200.0000
13698;2023-03-11 19:32:06.947000;1;103090;1;2;17600.0000;1;2796.0000;None;30200.0000
13699;2023-03-11 19:51:28.113000;2;106012;1;1;49800.0000;1;11704.0000;None;126400.0000
13699;2023-03-11 19:51:28.113000;1;101257;1;1;26800.0000;1;11704.0000;None;126400.0000
13699;2023-03-11 19:51:28.113000;8;101576;1;1;0.0000;1;11704.0000;None;126400.0000
13699;2023-03-11 19:51:28.113000;1;101503;1;1;0.0000;1;11704.0000;None;126400.0000
13699;2023-03-11 19:53:57.147000;2;106012;1;1;49800.0000;1;11704.0000;None;126400.0000
13700;2023-03-11 20:15:08.657000;2;101718;1;1;28800.0000;1;11963.0000;None;129200.0000
13700;2023-03-11 20:15:08.657000;1;103296;1;1;39800.0000;1;11963.0000;None;129200.0000
13700;2023-03-11 20:15:08.657000;1;108005;1;1;0.0000;1;11963.0000;None;129200.0000
13700;2023-03-11 20:15:08.657000;8;101576;1;1;0.0000;1;11963.0000;None;129200.0000
13700;2023-03-11 20:15:08.657000;1;109101;1;1;29800.0000;1;11963.0000;None;129200.0000
13700;2023-03-11 17:09:39.203000;2;101727;1;1;30800.0000;1;11963.0000;None;129200.0000
13702;2023-03-11 20:35:04.950000;3;200644;1;1;6800.0000;1;14741.0000;None;159200.0000
13702;2023-03-11 20:35:04.950000;3;201146;1;1;6800.0000;1;14741.0000;None;159200.0000
13702;2023-03-11 20:35:04.950000;3;201146;1;1;6800.0000;1;14741.0000;None;159200.0000
13702;2023-03-11 20:35:04.950000;1;101270;1;1;0.0000;1;14741.0000;None;159200.0000
13702;2023-03-11 20:35:04.950000;1;101270;1;1;0.0000;1;14741.0000;None;159200.0000
13702;2023-03-11 20:35:04.950000;1;101270;1;1;0.0000;1;14741.0000;None;159200.0000
13702;2023-03-11 20:35:04.950000;3;102641;1;1;10800.0000;1;14741.0000;None;159200.0000
13702;2023-03-11 20:35:04.950000;1;101257;1;1;26800.0000;1;14741.0000;None;159200.0000
13702;2023-03-11 20:35:04.950000;8;101576;1;1;0.0000;1;14741.0000;None;159200.0000
13702;2023-03-11 20:35:04.950000;1;101503;1;1;0.0000;1;14741.0000;None;159200.0000
13702;2023-03-11 20:35:04.950000;7;1001;1;1;0.0000;1;14741.0000;None;159200.0000
13702;2023-03-11 20:35:04.950000;1;103250;1;1;45800.0000;1;14741.0000;None;159200.0000
13702;2023-03-11 20:35:04.950000;1;108006;1;1;0.0000;1;14741.0000;None;159200.0000
13702;2023-03-11 20:35:04.950000;1;108006;1;1;0.0000;1;14741.0000;None;159200.0000
13702;2023-03-11 20:35:04.950000;7;1039;1;1;0.0000;1;14741.0000;None;159200.0000
13702;2023-03-11 20:46:43.867000;1;103250;1;1;45800.0000;1;14741.0000;None;159200.0000
13702;2023-03-11 20:46:43.867000;1;108005;1;1;0.0000;1;14741.0000;None;159200.0000
13702;2023-03-11 20:46:43.867000;1;108005;1;1;0.0000;1;14741.0000;None;159200.0000
13702;2023-03-11 20:46:43.867000;7;1135;1;1;0.0000;1;14741.0000;None;159200.0000
13702;2023-03-11 20:56:41.727000;1;102261;1;2;9600.0000;1;14741.0000;None;159200.0000
13703;2023-03-11 20:36:56.783000;1;103166;1;1;19800.0000;1;2370.0000;None;25600.0000
13703;2023-03-11 20:37:49.207000;3;100614;1;1;5800.0000;1;2370.0000;None;25600.0000
13703;2023-03-11 20:37:49.207000;7;2052;1;1;0.0000;1;2370.0000;None;25600.0000
13703;2023-03-11 20:37:49.207000;7;2052;1;1;0.0000;1;2370.0000;None;25600.0000
13703;2023-03-11 20:37:49.207000;7;2052;1;1;0.0000;1;2370.0000;None;25600.0000
13704;2023-03-11 21:08:26.450000;3;102653;1;1;4800.0000;1;5667.0000;None;61200.0000
13704;2023-03-11 21:12:46.190000;3;102653;1;1;4800.0000;1;5667.0000;None;61200.0000
13704;2023-03-11 21:25:46.480000;1;103290;1;1;31800.0000;1;5667.0000;None;61200.0000
13704;2023-03-11 21:25:46.480000;1;108005;1;1;0.0000;1;5667.0000;None;61200.0000
13704;2023-03-11 21:25:46.480000;1;108005;1;1;0.0000;1;5667.0000;None;61200.0000
13704;2023-03-11 21:25:46.480000;1;103266;1;1;19800.0000;1;5667.0000;None;61200.0000
13704;2023-03-11 21:25:46.480000;1;108005;1;1;0.0000;1;5667.0000;None;61200.0000
13704;2023-03-11 21:25:46.480000;1;108005;1;1;0.0000;1;5667.0000;None;61200.0000
13704;2023-03-11 21:25:46.480000;7;1135;1;1;0.0000;1;5667.0000;None;61200.0000
13705;2023-03-11 21:12:54.920000;1;102813;1;1;3000.0000;1;None;None;3000.0000
13706;2023-03-11 21:33:44.923000;1;103895;1;2;19600.0000;1;7463.0000;None;80600.0000
13706;2023-03-11 21:33:44.923000;1;103251;1;1;25800.0000;1;7463.0000;None;80600.0000
13706;2023-03-11 21:33:44.923000;1;108006;1;1;0.0000;1;7463.0000;None;80600.0000
13706;2023-03-11 21:33:44.923000;1;103252;1;1;17800.0000;1;7463.0000;None;80600.0000
13706;2023-03-11 21:33:44.923000;1;108006;1;1;0.0000;1;7463.0000;None;80600.0000
13706;2023-03-11 21:33:44.923000;1;108006;1;1;0.0000;1;7463.0000;None;80600.0000
13706;2023-03-11 21:33:44.923000;1;102260;1;1;3800.0000;1;7463.0000;None;80600.0000
13706;2023-03-11 21:33:44.923000;7;1011;1;1;0.0000;1;7463.0000;None;80600.0000
13706;2023-03-11 21:33:44.923000;3;200644;1;1;6800.0000;1;7463.0000;None;80600.0000
13706;2023-03-11 21:33:44.923000;3;200644;1;1;6800.0000;1;7463.0000;None;80600.0000
26931;2023-03-11 14:42:34.373000;3;102102;1;1;9800.0000;1;3907.0000;None;42200.0000
26931;2023-03-11 14:42:34.373000;3;100614;1;1;5800.0000;1;3907.0000;None;42200.0000
26931;2023-03-11 14:42:34.373000;3;100606;1;1;6800.0000;1;3907.0000;None;42200.0000
26931;2023-03-11 14:42:34.373000;7;2009;1;1;0.0000;1;3907.0000;None;42200.0000
26931;2023-03-11 14:42:34.373000;1;103166;1;1;19800.0000;1;3907.0000;None;42200.0000
26932;2023-03-11 15:26:29.927000;2;101728;1;1;33800.0000;1;7796.0000;None;84200.0000
26932;2023-03-11 15:26:29.927000;2;101728;1;1;33800.0000;1;7796.0000;None;84200.0000
26932;2023-03-11 15:26:29.927000;3;200644;1;1;6800.0000;1;7796.0000;None;84200.0000
26932;2023-03-11 15:26:29.927000;1;101270;1;1;0.0000;1;7796.0000;None;84200.0000
26932;2023-03-11 15:26:29.927000;7;2094;1;1;0.0000;1;7796.0000;None;84200.0000
26932;2023-03-11 15:26:29.927000;3;108539;1;1;9800.0000;1;7796.0000;None;84200.0000
26932;2023-03-11 15:26:29.927000;7;2060;1;1;0.0000;1;7796.0000;None;84200.0000
26933;2023-03-11 15:36:57.997000;3;101208;1;2;25600.0000;1;5278.0000;None;57000.0000
26933;2023-03-11 15:36:57.997000;7;2009;1;1;0.0000;1;5278.0000;None;57000.0000
26933;2023-03-11 15:36:57.997000;7;2009;1;1;0.0000;1;5278.0000;None;57000.0000
26933;2023-03-11 15:41:18.593000;3;108531;1;1;7800.0000;1;5278.0000;None;57000.0000
26933;2023-03-11 15:41:18.593000;7;2060;1;1;0.0000;1;5278.0000;None;57000.0000
26933;2023-03-11 15:41:18.593000;1;104004;1;1;16800.0000;1;5278.0000;None;57000.0000
26933;2023-03-11 15:55:23.037000;3;201146;1;1;6800.0000;1;5278.0000;None;57000.0000
26934;2023-03-11 16:02:55.657000;3;100614;1;1;5800.0000;1;5389.0000;None;58200.0000
26934;2023-03-11 16:02:55.657000;3;104554;1;1;4800.0000;1;5389.0000;None;58200.0000
26934;2023-03-11 16:13:15.747000;2;108132;1;2;47600.0000;1;5389.0000;None;58200.0000
26935;2023-03-11 16:14:43.483000;2;104685;1;1;25800.0000;1;10278.0000;None;111000.0000
26935;2023-03-11 16:14:43.483000;3;101216;1;1;6800.0000;1;10278.0000;None;111000.0000
26935;2023-03-11 16:14:43.483000;7;2052;1;1;0.0000;1;10278.0000;None;111000.0000
26935;2023-03-11 16:14:43.483000;7;2052;1;1;0.0000;1;10278.0000;None;111000.0000
26935;2023-03-11 16:33:10.893000;1;104150;1;1;11800.0000;1;10278.0000;None;111000.0000
26935;2023-03-11 16:33:10.893000;1;104173;1;1;5800.0000;1;10278.0000;None;111000.0000
26935;2023-03-11 16:33:10.893000;1;101257;1;1;26800.0000;1;10278.0000;None;111000.0000
26935;2023-03-11 16:33:10.893000;1;101503;1;1;0.0000;1;10278.0000;None;111000.0000
26935;2023-03-11 16:33:10.893000;3;100606;1;1;6800.0000;1;10278.0000;None;111000.0000
26935;2023-03-11 16:42:51.533000;3;101216;1;1;6800.0000;1;10278.0000;None;111000.0000
26935;2023-03-11 16:42:51.550000;7;2052;1;1;0.0000;1;10278.0000;None;111000.0000
26935;2023-03-11 16:42:51.550000;7;2052;1;1;0.0000;1;10278.0000;None;111000.0000
26935;2023-03-11 17:01:09.707000;3;100606;1;1;6800.0000;1;10278.0000;None;111000.0000
26935;2023-03-11 17:07:37.277000;3;201211;1;1;6800.0000;1;10278.0000;None;111000.0000
26935;2023-03-11 17:28:59.033000;3;100606;1;1;6800.0000;1;10278.0000;None;111000.0000
26936;2023-03-11 16:25:19.613000;1;103879;1;1;4800.0000;1;2241.0000;None;24200.0000
26936;2023-03-11 16:25:19.613000;1;103892;1;1;4800.0000;1;2241.0000;None;24200.0000
26936;2023-03-11 16:27:10.803000;3;108531;1;1;7800.0000;1;2241.0000;None;24200.0000
26936;2023-03-11 16:27:10.803000;7;2057;1;1;0.0000;1;2241.0000;None;24200.0000
26936;2023-03-11 16:27:10.803000;3;100606;1;1;6800.0000;1;2241.0000;None;24200.0000
26937;2023-03-11 16:31:32.983000;3;100606;1;1;6800.0000;1;6852.0000;None;74000.0000
26937;2023-03-11 16:31:32.983000;6;105082;1;1;2000.0000;1;6852.0000;None;74000.0000
26937;2023-03-11 16:31:32.983000;3;100614;1;1;5800.0000;1;6852.0000;None;74000.0000
26937;2023-03-11 16:31:32.983000;1;105421;1;1;19800.0000;1;6852.0000;None;74000.0000
26937;2023-03-11 16:37:18.793000;1;105421;1;2;39600.0000;1;6852.0000;None;74000.0000
26937;2023-03-11 16:37:18.793000;7;1157;1;2;0.0000;1;6852.0000;None;74000.0000
26938;2023-03-11 17:03:25.593000;3;101231;1;1;5800.0000;1;5130.0000;None;55400.0000
26938;2023-03-11 17:03:25.593000;3;200644;1;1;6800.0000;1;5130.0000;None;55400.0000
26938;2023-03-11 17:03:25.593000;7;2016;1;1;0.0000;1;5130.0000;None;55400.0000
26938;2023-03-11 17:03:25.593000;2;101658;1;1;42800.0000;1;5130.0000;None;55400.0000
26939;2023-03-11 17:20:27.070000;3;102102;1;1;9800.0000;1;1981.0000;None;21400.0000
26939;2023-03-11 17:20:27.070000;3;100614;1;1;5800.0000;1;1981.0000;None;21400.0000
26939;2023-03-11 17:20:27.070000;3;102749;1;1;5800.0000;1;1981.0000;None;21400.0000
26940;2023-03-11 17:24:38.767000;3;100614;1;1;5800.0000;1;12537.0000;None;135400.0000
26940;2023-03-11 17:24:38.767000;3;100614;1;1;5800.0000;1;12537.0000;None;135400.0000
26940;2023-03-11 17:24:38.767000;2;101030;1;1;19800.0000;1;12537.0000;None;135400.0000
26940;2023-03-11 17:24:38.767000;3;101208;1;1;12800.0000;1;12537.0000;None;135400.0000
26940;2023-03-11 17:24:38.767000;7;2009;1;1;0.0000;1;12537.0000;None;135400.0000
26940;2023-03-11 17:24:38.767000;3;101208;1;1;12800.0000;1;12537.0000;None;135400.0000
26940;2023-03-11 17:24:38.767000;6;105082;1;1;2000.0000;1;12537.0000;None;135400.0000
26940;2023-03-11 17:24:38.767000;2;201615;1;1;14800.0000;1;12537.0000;None;135400.0000
26940;2023-03-11 17:24:38.767000;1;102128;1;1;2800.0000;1;12537.0000;None;135400.0000
26940;2023-03-11 17:24:38.767000;1;104004;1;1;16800.0000;1;12537.0000;None;135400.0000
26940;2023-03-11 17:24:38.767000;1;101088;1;1;3800.0000;1;12537.0000;None;135400.0000
26940;2023-03-11 18:02:19.057000;3;101208;1;1;12800.0000;1;12537.0000;None;135400.0000
26940;2023-03-11 18:02:19.057000;6;105082;1;1;2000.0000;1;12537.0000;None;135400.0000
26940;2023-03-11 18:05:48.517000;1;102128;1;1;2800.0000;1;12537.0000;None;135400.0000
26940;2023-03-11 18:05:48.517000;2;201615;1;1;14800.0000;1;12537.0000;None;135400.0000
26940;2023-03-11 18:05:48.517000;3;100614;1;1;5800.0000;1;12537.0000;None;135400.0000
26941;2023-03-11 17:32:11.667000;3;100606;1;3;20400.0000;1;1889.0000;None;20400.0000
26941;2023-03-11 17:32:11.667000;7;2009;1;3;0.0000;1;1889.0000;None;20400.0000
26942;2023-03-11 17:34:06.133000;2;106012;1;1;49800.0000;1;12019.0000;None;129800.0000
26942;2023-03-11 17:34:06.133000;2;106012;1;1;49800.0000;1;12019.0000;None;129800.0000
26942;2023-03-11 17:34:06.133000;3;100614;1;1;5800.0000;1;12019.0000;None;129800.0000
26942;2023-03-11 17:34:06.133000;3;201146;1;1;6800.0000;1;12019.0000;None;129800.0000
26942;2023-03-11 17:34:06.133000;3;200012;1;1;9800.0000;1;12019.0000;None;129800.0000
26942;2023-03-11 18:21:10.557000;3;108531;1;1;7800.0000;1;12019.0000;None;129800.0000
26942;2023-03-11 18:21:10.557000;7;2057;1;1;0.0000;1;12019.0000;None;129800.0000
26943;2023-03-11 17:53:08.507000;3;102748;1;1;15800.0000;1;2463.0000;None;26600.0000
26943;2023-03-11 17:53:08.507000;2;201187;1;1;10800.0000;1;2463.0000;None;26600.0000
