4521;2023-03-12 11:17:51.470000;3;101333;1;1;15800.0000;1;2926.0000;None;31600.0000
4521;2023-03-12 11:17:51.470000;3;101333;1;1;15800.0000;1;2926.0000;None;31600.0000
4525;2023-03-12 15:09:28.303000;1;101069;1;1;2800.0000;1;None;None;2800.0000
4526;2023-03-12 16:35:15.887000;11;101165;1;1;36200.0000;1;None;None;36200.0000
13708;2023-03-12 10:19:39.110000;3;100606;1;1;6800.0000;1;7667.0000;None;82800.0000
13708;2023-03-12 10:19:39.110000;6;105082;1;1;2000.0000;1;7667.0000;None;82800.0000
13708;2023-03-12 10:19:39.110000;3;100614;1;1;5800.0000;1;7667.0000;None;82800.0000
13708;2023-03-12 10:19:39.110000;1;101458;1;2;7600.0000;1;7667.0000;None;82800.0000
13708;2023-03-12 10:19:39.110000;1;102554;1;1;9800.0000;1;7667.0000;None;82800.0000
13708;2023-03-12 10:19:39.110000;6;104374;1;1;0.0000;1;7667.0000;None;82800.0000
13708;2023-03-12 10:19:39.110000;1;102554;1;1;9800.0000;1;7667.0000;None;82800.0000
13708;2023-03-12 10:19:39.110000;6;104374;1;1;0.0000;1;7667.0000;None;82800.0000
13708;2023-03-12 10:19:39.110000;1;104015;1;1;9800.0000;1;7667.0000;None;82800.0000
13708;2023-03-12 10:19:39.110000;1;104698;1;1;3800.0000;1;7667.0000;None;82800.0000
13708;2023-03-12 10:22:20.110000;3;102635;1;2;17600.0000;1;7667.0000;None;82800.0000
13708;2023-03-12 10:23:30.387000;1;104015;1;1;9800.0000;1;7667.0000;None;82800.0000
13709;2023-03-12 11:05:14.563000;3;100606;1;1;6800.0000;1;3444.0000;None;37200.0000
13709;2023-03-12 11:05:14.563000;6;105082;1;1;2000.0000;1;3444.0000;None;37200.0000
13709;2023-03-12 11:05:14.563000;7;2052;1;200;0.0000;1;3444.0000;None;37200.0000
13709;2023-03-12 11:05:14.563000;3;102102;1;1;9800.0000;1;3444.0000;None;37200.0000
13709;2023-03-12 11:05:14.563000;7;2051;1;1;0.0000;1;3444.0000;None;37200.0000
13709;2023-03-12 11:05:14.563000;7;2001;1;1;0.0000;1;3444.0000;None;37200.0000
13709;2023-03-12 11:05:14.563000;7;2052;1;1;0.0000;1;3444.0000;None;37200.0000
13709;2023-03-12 11:46:22.677000;3;102102;1;1;9800.0000;1;3444.0000;None;37200.0000
13709;2023-03-12 11:46:22.677000;7;2051;1;1;0.0000;1;3444.0000;None;37200.0000
13709;2023-03-12 11:46:22.677000;7;2001;1;1;0.0000;1;3444.0000;None;37200.0000
13709;2023-03-12 11:46:22.677000;7;2052;1;1;0.0000;1;3444.0000;None;37200.0000
13709;2023-03-12 11:46:22.677000;3;100606;1;1;6800.0000;1;3444.0000;None;37200.0000
13709;2023-03-12 11:46:22.677000;6;105082;1;1;2000.0000;1;3444.0000;None;37200.0000
13709;2023-03-12 11:46:22.677000;7;2052;1;200;0.0000;1;3444.0000;None;37200.0000
13711;2023-03-12 11:17:51.470000;3;102630;1;1;8800.0000;1;4074.0000;None;44000.0000
13711;2023-03-12 11:17:51.470000;1;102557;1;1;11800.0000;1;4074.0000;None;44000.0000
13711;2023-03-12 11:17:51.470000;6;100523;1;1;0.0000;1;4074.0000;None;44000.0000
13711;2023-03-12 11:17:51.470000;1;102557;1;1;11800.0000;1;4074.0000;None;44000.0000
13711;2023-03-12 11:17:51.470000;6;100523;1;1;0.0000;1;4074.0000;None;44000.0000
13711;2023-03-12 11:17:51.470000;1;106689;1;1;2800.0000;1;4074.0000;None;44000.0000
13711;2023-03-12 11:18:29.187000;3;102630;1;1;8800.0000;1;4074.0000;None;44000.0000
13712;2023-03-12 11:21:52.467000;1;102553;1;1;9800.0000;1;5648.0000;None;61000.0000
13712;2023-03-12 11:21:52.467000;6;100523;1;1;0.0000;1;5648.0000;None;61000.0000
13712;2023-03-12 11:21:52.467000;1;102553;1;1;9800.0000;1;5648.0000;None;61000.0000
13712;2023-03-12 11:21:52.467000;6;100523;1;1;0.0000;1;5648.0000;None;61000.0000
13712;2023-03-12 11:21:52.467000;3;107358;1;1;26800.0000;1;5648.0000;None;61000.0000
13712;2023-03-12 11:21:52.467000;3;102630;1;1;8800.0000;1;5648.0000;None;61000.0000
13712;2023-03-12 11:50:12.727000;3;100614;1;1;5800.0000;1;5648.0000;None;61000.0000
13713;2023-03-12 11:28:29.030000;3;100614;1;1;5800.0000;1;1444.0000;None;15600.0000
13713;2023-03-12 11:28:29.030000;1;201567;1;1;9800.0000;1;1444.0000;None;15600.0000
13713;2023-03-12 11:28:29.030000;1;101400;1;1;0.0000;1;1444.0000;None;15600.0000
13713;2023-03-12 11:28:29.030000;1;101400;1;1;0.0000;1;1444.0000;None;15600.0000
13714;2023-03-12 11:31:36.750000;1;201567;1;1;9800.0000;1;1444.0000;None;15600.0000
13714;2023-03-12 11:31:43.710000;3;100596;1;1;5800.0000;1;1444.0000;None;15600.0000
13715;2023-03-12 11:39:28.143000;1;100590;1;2;11600.0000;1;1074.0000;None;11600.0000
13716;2023-03-12 12:04:26.313000;3;100606;1;2;13600.0000;1;1259.0000;None;13600.0000
13716;2023-03-12 12:04:26.313000;7;2028;1;2;0.0000;1;1259.0000;None;13600.0000
13717;2023-03-12 12:47:28.527000;2;101718;1;1;28800.0000;1;11759.0000;None;127000.0000
13717;2023-03-12 12:47:28.527000;1;103763;1;1;14800.0000;1;11759.0000;None;127000.0000
13717;2023-03-12 12:47:28.527000;7;1001;1;1;0.0000;1;11759.0000;None;127000.0000
13717;2023-03-12 12:47:28.527000;7;1001;1;1;0.0000;1;11759.0000;None;127000.0000
13717;2023-03-12 12:47:28.527000;7;1001;1;1;0.0000;1;11759.0000;None;127000.0000
13717;2023-03-12 12:47:28.527000;1;103602;1;1;59800.0000;1;11759.0000;None;127000.0000
13717;2023-03-12 12:47:28.527000;1;101503;1;1;0.0000;1;11759.0000;None;127000.0000
13717;2023-03-12 13:44:38.477000;1;103961;1;1;16800.0000;1;11759.0000;None;127000.0000
13717;2023-03-12 13:44:38.477000;3;100606;1;1;6800.0000;1;11759.0000;None;127000.0000
13717;2023-03-12 13:44:38.477000;7;2009;1;1;0.0000;1;11759.0000;None;127000.0000
13718;2023-03-12 12:51:06.233000;1;101257;1;1;26800.0000;1;56537.0000;None;610600.0000
13718;2023-03-12 12:51:06.233000;8;101576;1;1;0.0000;1;56537.0000;None;610600.0000
13718;2023-03-12 12:51:06.233000;1;101503;1;1;0.0000;1;56537.0000;None;610600.0000
13718;2023-03-12 12:51:06.233000;1;101261;1;1;35800.0000;1;56537.0000;None;610600.0000
13718;2023-03-12 12:51:06.233000;8;101576;1;1;0.0000;1;56537.0000;None;610600.0000
13718;2023-03-12 12:51:06.233000;1;101503;1;1;0.0000;1;56537.0000;None;610600.0000
13718;2023-03-12 12:51:06.233000;1;102260;1;1;3800.0000;1;56537.0000;None;610600.0000
13718;2023-03-12 12:51:06.233000;7;1011;1;1;0.0000;1;56537.0000;None;610600.0000
13718;2023-03-12 12:51:30.487000;3;102644;1;1;6800.0000;1;56537.0000;None;610600.0000
13718;2023-03-12 12:51:30.487000;3;201958;1;2;13600.0000;1;56537.0000;None;610600.0000
13718;2023-03-12 12:51:30.487000;3;201211;1;1;6800.0000;1;56537.0000;None;610600.0000
13718;2023-03-12 12:51:30.487000;2;200480;1;1;12800.0000;1;56537.0000;None;610600.0000
13718;2023-03-12 12:51:30.487000;7;2016;1;1;0.0000;1;56537.0000;None;610600.0000
13718;2023-03-12 12:51:58.127000;3;200644;1;1;6800.0000;1;56537.0000;None;610600.0000
13718;2023-03-12 12:51:58.127000;7;2002;1;1;0.0000;1;56537.0000;None;610600.0000
13718;2023-03-12 12:51:58.127000;2;102706;1;1;45800.0000;1;56537.0000;None;610600.0000
13718;2023-03-12 13:03:56.073000;1;103771;1;1;29800.0000;1;56537.0000;None;610600.0000
13718;2023-03-12 13:03:56.073000;7;1135;1;1;0.0000;1;56537.0000;None;610600.0000
13718;2023-03-12 13:14:59.550000;2;102706;1;1;45800.0000;1;56537.0000;None;610600.0000
13718;2023-03-12 13:14:59.550000;1;103272;1;1;27800.0000;1;56537.0000;None;610600.0000
13718;2023-03-12 13:14:59.550000;1;108005;1;1;0.0000;1;56537.0000;None;610600.0000
13718;2023-03-12 13:14:59.550000;1;103272;1;1;27800.0000;1;56537.0000;None;610600.0000
13718;2023-03-12 13:14:59.550000;1;108005;1;1;0.0000;1;56537.0000;None;610600.0000
13718;2023-03-12 13:14:59.550000;1;103250;1;1;45800.0000;1;56537.0000;None;610600.0000
13718;2023-03-12 13:14:59.550000;1;108005;1;1;0.0000;1;56537.0000;None;610600.0000
13718;2023-03-12 13:14:59.550000;1;103627;1;1;49800.0000;1;56537.0000;None;610600.0000
13718;2023-03-12 13:14:59.550000;1;108005;1;1;0.0000;1;56537.0000;None;610600.0000
13718;2023-03-12 13:14:59.550000;7;1027;1;1;0.0000;1;56537.0000;None;610600.0000
13718;2023-03-12 13:14:59.550000;1;103627;1;1;49800.0000;1;56537.0000;None;610600.0000
13718;2023-03-12 13:14:59.550000;1;108005;1;1;0.0000;1;56537.0000;None;610600.0000
13718;2023-03-12 13:16:24.677000;1;103384;1;1;47800.0000;1;56537.0000;None;610600.0000
13718;2023-03-12 13:16:24.677000;1;101503;1;1;0.0000;1;56537.0000;None;610600.0000
13718;2023-03-12 13:26:34.373000;3;201261;1;1;6800.0000;1;56537.0000;None;610600.0000
13718;2023-03-12 13:26:34.373000;7;2002;1;1;0.0000;1;56537.0000;None;610600.0000
13718;2023-03-12 13:29:42.337000;3;201958;1;2;13600.0000;1;56537.0000;None;610600.0000
13718;2023-03-12 13:29:42.337000;3;201211;1;1;6800.0000;1;56537.0000;None;610600.0000
13718;2023-03-12 13:32:50.933000;1;103250;1;1;45800.0000;1;56537.0000;None;610600.0000
13718;2023-03-12 13:32:50.933000;1;108005;1;1;0.0000;1;56537.0000;None;610600.0000
13718;2023-03-12 13:32:50.933000;7;1157;1;1;0.0000;1;56537.0000;None;610600.0000
13718;2023-03-12 13:43:06.057000;1;103214;1;1;26800.0000;1;56537.0000;None;610600.0000
13718;2023-03-12 13:43:06.057000;1;104004;1;1;16800.0000;1;56537.0000;None;610600.0000
13718;2023-03-12 13:43:06.057000;7;1027;1;1;0.0000;1;56537.0000;None;610600.0000
13718;2023-03-12 13:43:06.057000;1;101088;1;1;3800.0000;1;56537.0000;None;610600.0000
13718;2023-03-12 13:46:46.197000;3;101216;1;1;6800.0000;1;56537.0000;None;610600.0000
13718;2023-03-12 13:46:46.197000;7;1207;1;1;0.0000;1;56537.0000;None;610600.0000
13719;2023-03-12 13:18:53.650000;3;100614;1;4;23200.0000;1;9185.0000;None;99200.0000
13719;2023-03-12 13:18:53.650000;7;2034;1;4;0.0000;1;9185.0000;None;99200.0000
13719;2023-03-12 13:19:47.203000;3;100596;1;1;5800.0000;1;9185.0000;None;99200.0000
13719;2023-03-12 13:23:16.913000;3;100596;1;1;5800.0000;1;9185.0000;None;99200.0000
13719;2023-03-12 13:29:03.800000;3;100615;1;1;8800.0000;1;9185.0000;None;99200.0000
13719;2023-03-12 13:34:18.730000;1;101108;1;1;48800.0000;1;9185.0000;None;99200.0000
13719;2023-03-12 13:34:18.730000;1;101503;1;1;0.0000;1;9185.0000;None;99200.0000
13719;2023-03-12 13:47:12.937000;3;201146;1;1;6800.0000;1;9185.0000;None;99200.0000
13720;2023-03-12 13:25:51.980000;1;103248;1;1;16800.0000;1;5500.0000;None;59400.0000
13720;2023-03-12 13:25:51.980000;1;108008;1;2;0.0000;1;5500.0000;None;59400.0000
13720;2023-03-12 13:25:51.980000;7;1027;1;1;0.0000;1;5500.0000;None;59400.0000
13720;2023-03-12 13:25:51.980000;1;101257;1;1;26800.0000;1;5500.0000;None;59400.0000
13720;2023-03-12 13:25:51.980000;1;101503;1;1;0.0000;1;5500.0000;None;59400.0000
13720;2023-03-12 13:25:51.980000;3;200008;1;1;15800.0000;1;5500.0000;None;59400.0000
13720;2023-03-12 13:25:51.980000;7;2008;1;3;0.0000;1;5500.0000;None;59400.0000
13720;2023-03-12 13:25:51.980000;1;101270;1;2;0.0000;1;5500.0000;None;59400.0000
13722;2023-03-12 13:54:26.503000;3;101228;1;1;8800.0000;1;1630.0000;None;17600.0000
13722;2023-03-12 13:54:26.503000;3;102635;1;1;8800.0000;1;1630.0000;None;17600.0000
13724;2023-03-12 14:07:48.817000;1;102342;1;1;14800.0000;1;1907.0000;None;20600.0000
13724;2023-03-12 14:07:48.817000;3;100614;1;1;5800.0000;1;1907.0000;None;20600.0000
13726;2023-03-12 14:28:23.650000;3;100614;1;1;5800.0000;1;1444.0000;None;15600.0000
13726;2023-03-12 14:40:37.530000;3;200012;1;1;9800.0000;1;1444.0000;None;15600.0000
13727;2023-03-12 14:19:50.740000;3;100614;1;2;11600.0000;1;1611.0000;None;17400.0000
13727;2023-03-12 14:19:50.740000;7;2034;1;1;0.0000;1;1611.0000;None;17400.0000
13727;2023-03-12 14:19:50.740000;3;100614;1;1;5800.0000;1;1611.0000;None;17400.0000
13728;2023-03-12 14:31:10.437000;3;100607;1;1;6800.0000;1;1259.0000;None;13600.0000
13728;2023-03-12 14:31:10.437000;7;1207;1;1;0.0000;1;1259.0000;None;13600.0000
13728;2023-03-12 14:31:10.437000;3;100606;1;1;6800.0000;1;1259.0000;None;13600.0000
13728;2023-03-12 14:31:10.437000;7;2009;1;1;0.0000;1;1259.0000;None;13600.0000
13729;2023-03-12 14:40:46.280000;3;200008;1;1;15800.0000;1;20685.0000;None;223400.0000
13729;2023-03-12 14:40:46.280000;7;2008;1;3;0.0000;1;20685.0000;None;223400.0000
13729;2023-03-12 14:43:47.383000;1;102035;1;1;35800.0000;1;20685.0000;None;223400.0000
13729;2023-03-12 14:48:47.630000;1;103251;1;1;25800.0000;1;20685.0000;None;223400.0000
13729;2023-03-12 14:48:47.630000;1;108006;1;1;0.0000;1;20685.0000;None;223400.0000
13729;2023-03-12 14:48:47.630000;1;108006;1;1;0.0000;1;20685.0000;None;223400.0000
13729;2023-03-12 14:48:47.630000;1;103272;1;1;27800.0000;1;20685.0000;None;223400.0000
13729;2023-03-12 14:48:47.630000;1;108006;1;1;0.0000;1;20685.0000;None;223400.0000
13729;2023-03-12 14:48:47.630000;1;108006;1;1;0.0000;1;20685.0000;None;223400.0000
13729;2023-03-12 14:50:54.143000;1;103296;1;1;39800.0000;1;20685.0000;None;223400.0000
13729;2023-03-12 14:50:54.143000;1;108005;1;1;0.0000;1;20685.0000;None;223400.0000
13729;2023-03-12 14:50:54.143000;1;108005;1;1;0.0000;1;20685.0000;None;223400.0000
13729;2023-03-12 14:50:54.143000;7;1135;1;1;0.0000;1;20685.0000;None;223400.0000
13729;2023-03-12 15:03:10.500000;3;200008;1;1;15800.0000;1;20685.0000;None;223400.0000
13729;2023-03-12 15:11:50.767000;1;102813;1;1;3000.0000;1;20685.0000;None;223400.0000
13729;2023-03-12 15:11:50.767000;1;102342;1;1;14800.0000;1;20685.0000;None;223400.0000
13729;2023-03-12 15:11:50.767000;1;102412;1;1;1800.0000;1;20685.0000;None;223400.0000
13729;2023-03-12 15:11:50.767000;3;100606;1;1;6800.0000;1;20685.0000;None;223400.0000
13729;2023-03-12 15:11:50.767000;3;100606;1;1;6800.0000;1;20685.0000;None;223400.0000
13729;2023-03-12 15:11:50.767000;3;102112;1;1;5800.0000;1;20685.0000;None;223400.0000
13729;2023-03-12 15:12:03.800000;1;104158;1;2;23600.0000;1;20685.0000;None;223400.0000
13729;2023-03-12 15:12:03.800000;7;1135;1;1;0.0000;1;20685.0000;None;223400.0000
13730;2023-03-12 14:55:55.117000;3;100606;1;1;6800.0000;1;4907.0000;None;53000.0000
13730;2023-03-12 14:55:55.117000;3;100614;1;1;5800.0000;1;4907.0000;None;53000.0000
13730;2023-03-12 14:55:55.117000;3;201146;1;1;6800.0000;1;4907.0000;None;53000.0000
13730;2023-03-12 14:55:55.117000;1;104004;1;1;16800.0000;1;4907.0000;None;53000.0000
13730;2023-03-12 14:55:55.117000;1;103961;1;1;16800.0000;1;4907.0000;None;53000.0000
13731;2023-03-12 14:56:51.187000;2;100949;1;1;29800.0000;1;13241.0000;None;143000.0000
13731;2023-03-12 15:08:53.227000;1;104557;1;1;25800.0000;1;13241.0000;None;143000.0000
13731;2023-03-12 15:08:53.227000;1;101257;1;1;26800.0000;1;13241.0000;None;143000.0000
13731;2023-03-12 15:08:53.227000;2;101727;1;1;30800.0000;1;13241.0000;None;143000.0000
13731;2023-03-12 15:23:53.177000;2;100949;1;1;29800.0000;1;13241.0000;None;143000.0000
13731;2023-03-12 15:23:53.177000;7;1207;1;1;0.0000;1;13241.0000;None;143000.0000
13732;2023-03-12 15:03:55.360000;3;201146;1;1;6800.0000;1;2722.0000;None;29400.0000
13732;2023-03-12 15:03:55.360000;3;101231;1;1;5800.0000;1;2722.0000;None;29400.0000
13732;2023-03-12 15:03:55.360000;1;104004;1;1;16800.0000;1;2722.0000;None;29400.0000
13732;2023-03-12 15:03:55.360000;7;1135;1;1;0.0000;1;2722.0000;None;29400.0000
13733;2023-03-12 15:06:41.503000;2;101080;1;1;25800.0000;1;18389.0000;None;198600.0000
13733;2023-03-12 15:06:41.503000;2;101878;1;1;29800.0000;1;18389.0000;None;198600.0000
13733;2023-03-12 15:06:41.503000;1;102062;1;1;54800.0000;1;18389.0000;None;198600.0000
13733;2023-03-12 15:06:41.503000;1;101503;1;1;0.0000;1;18389.0000;None;198600.0000
13733;2023-03-12 15:06:41.503000;1;103646;1;1;47800.0000;1;18389.0000;None;198600.0000
13733;2023-03-12 15:06:41.503000;1;101503;1;1;0.0000;1;18389.0000;None;198600.0000
13733;2023-03-12 15:06:58.537000;1;103272;1;1;27800.0000;1;18389.0000;None;198600.0000
13733;2023-03-12 15:06:58.537000;1;108005;1;1;0.0000;1;18389.0000;None;198600.0000
13733;2023-03-12 15:06:58.537000;1;108005;1;1;0.0000;1;18389.0000;None;198600.0000
13733;2023-03-12 15:06:58.537000;7;1135;1;1;0.0000;1;18389.0000;None;198600.0000
13733;2023-03-12 15:32:12.670000;3;100613;1;1;5800.0000;1;18389.0000;None;198600.0000
13733;2023-03-12 15:32:12.670000;3;100606;1;1;6800.0000;1;18389.0000;None;198600.0000
13734;2023-03-12 15:14:25.100000;3;100606;1;1;6800.0000;1;5685.0000;None;61400.0000
13734;2023-03-12 15:14:25.100000;7;2009;1;1;0.0000;1;5685.0000;None;61400.0000
13734;2023-03-12 15:14:25.100000;7;1207;1;1;0.0000;1;5685.0000;None;61400.0000
13734;2023-03-12 15:14:25.100000;3;100614;1;1;5800.0000;1;5685.0000;None;61400.0000
13734;2023-03-12 15:14:25.100000;1;104004;1;1;16800.0000;1;5685.0000;None;61400.0000
13734;2023-03-12 15:14:25.100000;7;1135;1;1;0.0000;1;5685.0000;None;61400.0000
13734;2023-03-12 15:14:25.100000;3;102644;1;1;6800.0000;1;5685.0000;None;61400.0000
13734;2023-03-12 15:14:25.100000;7;1207;1;1;0.0000;1;5685.0000;None;61400.0000
13734;2023-03-12 15:33:37.197000;3;201146;1;1;6800.0000;1;5685.0000;None;61400.0000
13734;2023-03-12 15:33:37.197000;7;1207;1;1;0.0000;1;5685.0000;None;61400.0000
13734;2023-03-12 15:33:37.197000;1;101270;1;1;0.0000;1;5685.0000;None;61400.0000
13734;2023-03-12 15:33:37.197000;1;101270;1;1;0.0000;1;5685.0000;None;61400.0000
13734;2023-03-12 16:17:34.207000;3;100614;1;1;5800.0000;1;5685.0000;None;61400.0000
13734;2023-03-12 16:17:34.207000;3;100614;1;1;5800.0000;1;5685.0000;None;61400.0000
13734;2023-03-12 16:17:34.207000;3;201146;1;1;6800.0000;1;5685.0000;None;61400.0000
13734;2023-03-12 16:17:34.207000;1;101270;1;1;0.0000;1;5685.0000;None;61400.0000
13734;2023-03-12 16:17:34.207000;7;1207;1;1;0.0000;1;5685.0000;None;61400.0000
13734;2023-03-12 16:17:34.207000;7;1207;1;1;0.0000;1;5685.0000;None;61400.0000
13735;2023-03-12 15:19:30.917000;3;201146;1;1;6800.0000;1;6037.0000;None;65200.0000
13735;2023-03-12 15:19:30.917000;3;201211;1;1;6800.0000;1;6037.0000;None;65200.0000
13735;2023-03-12 15:19:30.917000;1;102030;1;1;25800.0000;1;6037.0000;None;65200.0000
13735;2023-03-12 15:19:30.917000;1;101503;1;1;0.0000;1;6037.0000;None;65200.0000
13735;2023-03-12 15:19:30.917000;1;103251;1;1;25800.0000;1;6037.0000;None;65200.0000
13735;2023-03-12 15:19:30.917000;1;108006;1;1;0.0000;1;6037.0000;None;65200.0000
13736;2023-03-12 15:20:39.607000;3;108531;1;1;7800.0000;1;4463.0000;None;48200.0000
13736;2023-03-12 15:20:39.607000;7;2057;1;1;0.0000;1;4463.0000;None;48200.0000
13736;2023-03-12 15:24:56.803000;1;103771;1;1;29800.0000;1;4463.0000;None;48200.0000
13736;2023-03-12 15:24:56.803000;1;106689;1;1;2800.0000;1;4463.0000;None;48200.0000
13736;2023-03-12 15:24:56.803000;3;202707;1;1;7800.0000;1;4463.0000;None;48200.0000
13737;2023-03-12 15:44:40.027000;1;103290;1;1;31800.0000;1;None;None;31800.0000
13737;2023-03-12 15:44:40.027000;1;108006;1;1;0.0000;1;None;None;31800.0000
13737;2023-03-12 15:44:40.027000;1;108006;1;1;0.0000;1;None;None;31800.0000
13737;2023-03-12 15:44:40.027000;7;1135;1;1;0.0000;1;None;None;31800.0000
13738;2023-03-12 15:52:45.367000;3;100614;1;1;5800.0000;1;2722.0000;None;29400.0000
13738;2023-03-12 15:52:45.367000;3;100607;1;1;6800.0000;1;2722.0000;None;29400.0000
13738;2023-03-12 15:52:45.367000;7;2009;1;1;0.0000;1;2722.0000;None;29400.0000
13738;2023-03-12 15:52:45.367000;1;104004;1;1;16800.0000;1;2722.0000;None;29400.0000
13738;2023-03-12 15:52:45.367000;7;1247;1;1;0.0000;1;2722.0000;None;29400.0000
13739;2023-03-12 15:59:33.657000;3;102619;1;1;7800.0000;1;7000.0000;None;75600.0000
13739;2023-03-12 15:59:33.657000;7;2042;1;1;0.0000;1;7000.0000;None;75600.0000
13739;2023-03-12 15:59:40.733000;3;100606;1;2;13600.0000;1;7000.0000;None;75600.0000
13739;2023-03-12 15:59:40.733000;3;100606;1;1;6800.0000;1;7000.0000;None;75600.0000
13739;2023-03-12 15:59:40.733000;6;105082;1;1;2000.0000;1;7000.0000;None;75600.0000
13739;2023-03-12 15:59:40.733000;3;100614;1;1;5800.0000;1;7000.0000;None;75600.0000
13739;2023-03-12 16:01:00.710000;1;105421;1;1;19800.0000;1;7000.0000;None;75600.0000
13739;2023-03-12 16:01:00.710000;1;105421;1;1;19800.0000;1;7000.0000;None;75600.0000
13740;2023-03-12 16:03:10.897000;1;104004;1;1;16800.0000;1;3963.0000;None;42800.0000
13740;2023-03-12 16:03:10.897000;7;1027;1;1;0.0000;1;3963.0000;None;42800.0000
13740;2023-03-12 16:03:10.897000;1;102187;1;1;3800.0000;1;3963.0000;None;42800.0000
13740;2023-03-12 16:03:10.897000;7;1294;1;1;0.0000;1;3963.0000;None;42800.0000
13740;2023-03-12 16:03:10.897000;3;104554;1;1;4800.0000;1;3963.0000;None;42800.0000
13740;2023-03-12 16:03:10.897000;3;100614;1;1;5800.0000;1;3963.0000;None;42800.0000
13740;2023-03-12 16:03:10.897000;3;100614;1;1;5800.0000;1;3963.0000;None;42800.0000
13740;2023-03-12 16:03:10.897000;3;100614;1;1;5800.0000;1;3963.0000;None;42800.0000
13741;2023-03-12 16:04:15.503000;3;100613;1;1;5800.0000;1;2722.0000;None;29400.0000
13741;2023-03-12 16:11:47.147000;1;103961;1;1;16800.0000;1;2722.0000;None;29400.0000
13741;2023-03-12 16:12:22.277000;3;201146;1;1;6800.0000;1;2722.0000;None;29400.0000
13743;2023-03-12 16:05:01.537000;3;102635;1;1;8800.0000;1;7778.0000;None;84000.0000
13743;2023-03-12 16:06:23.320000;1;104929;1;1;47800.0000;1;7778.0000;None;84000.0000
13743;2023-03-12 16:20:25.547000;3;104554;1;1;4800.0000;1;7778.0000;None;84000.0000
13743;2023-03-12 16:44:11.420000;1;103961;1;1;16800.0000;1;7778.0000;None;84000.0000
13743;2023-03-12 16:44:11.420000;3;100614;1;1;5800.0000;1;7778.0000;None;84000.0000
13744;2023-03-12 16:05:44.007000;3;101231;1;1;5800.0000;1;14537.0000;None;157000.0000
13744;2023-03-12 16:05:44.007000;3;104554;1;1;4800.0000;1;14537.0000;None;157000.0000
13744;2023-03-12 16:05:44.007000;3;102653;1;1;4800.0000;1;14537.0000;None;157000.0000
13744;2023-03-12 16:05:44.007000;1;103763;1;1;14800.0000;1;14537.0000;None;157000.0000
13744;2023-03-12 16:06:43;1;103288;1;1;24800.0000;1;14537.0000;None;157000.0000
13744;2023-03-12 16:06:43;1;108006;1;1;0.0000;1;14537.0000;None;157000.0000
13744;2023-03-12 16:06:43;1;103250;1;1;45800.0000;1;14537.0000;None;157000.0000
13744;2023-03-12 16:06:43;1;108005;1;1;0.0000;1;14537.0000;None;157000.0000
13744;2023-03-12 16:06:43;1;101262;1;1;29800.0000;1;14537.0000;None;157000.0000
13744;2023-03-12 16:06:43;1;101503;1;1;0.0000;1;14537.0000;None;157000.0000
13744;2023-03-12 16:37:13.853000;1;104004;1;1;16800.0000;1;14537.0000;None;157000.0000
13744;2023-03-12 16:37:13.853000;7;1135;1;1;0.0000;1;14537.0000;None;157000.0000
13744;2023-03-12 16:37:13.853000;1;102187;1;1;3800.0000;1;14537.0000;None;157000.0000
13744;2023-03-12 16:37:13.853000;7;1294;1;1;0.0000;1;14537.0000;None;157000.0000
13744;2023-03-12 16:37:13.853000;7;1247;1;1;0.0000;1;14537.0000;None;157000.0000
13744;2023-03-12 16:52:10.657000;3;100596;1;1;5800.0000;1;14537.0000;None;157000.0000
13745;2023-03-12 16:06:51.507000;3;100606;1;1;6800.0000;1;1167.0000;None;12600.0000
13745;2023-03-12 16:06:51.507000;3;100614;1;1;5800.0000;1;1167.0000;None;12600.0000
13746;2023-03-12 16:08:02.437000;3;102619;1;1;7800.0000;1;2426.0000;None;26200.0000
13746;2023-03-12 16:08:02.437000;3;201146;1;1;6800.0000;1;2426.0000;None;26200.0000
13746;2023-03-12 16:08:02.437000;7;2008;1;2;0.0000;1;2426.0000;None;26200.0000
13746;2023-03-12 16:08:02.437000;3;100614;1;1;5800.0000;1;2426.0000;None;26200.0000
13746;2023-03-12 16:08:02.437000;3;100614;1;1;5800.0000;1;2426.0000;None;26200.0000
13747;2023-03-12 16:11:26.547000;2;101802;1;1;27800.0000;1;15185.0000;None;164000.0000
13747;2023-03-12 16:11:26.547000;7;2002;1;1;0.0000;1;15185.0000;None;164000.0000
13747;2023-03-12 16:11:26.547000;2;109535;1;1;83800.0000;1;15185.0000;None;164000.0000
13747;2023-03-12 16:11:26.547000;7;2042;1;1;0.0000;1;15185.0000;None;164000.0000
13747;2023-03-12 16:11:26.547000;2;101718;1;1;28800.0000;1;15185.0000;None;164000.0000
13747;2023-03-12 16:19:38.773000;3;201146;1;1;6800.0000;1;15185.0000;None;164000.0000
13747;2023-03-12 16:19:38.773000;7;1207;1;1;0.0000;1;15185.0000;None;164000.0000
13747;2023-03-12 16:38:29.717000;1;103961;1;1;16800.0000;1;15185.0000;None;164000.0000
13747;2023-03-12 16:38:29.717000;7;1135;1;1;0.0000;1;15185.0000;None;164000.0000
13748;2023-03-12 16:16:03.147000;3;100613;1;2;11600.0000;1;3500.0000;None;37800.0000
13748;2023-03-12 16:16:03.147000;3;100606;1;3;20400.0000;1;3500.0000;None;37800.0000
13748;2023-03-12 16:16:03.147000;7;2009;1;1;0.0000;1;3500.0000;None;37800.0000
13748;2023-03-12 16:16:03.147000;3;101231;1;1;5800.0000;1;3500.0000;None;37800.0000
13749;2023-03-12 16:17:52.953000;3;100614;1;1;5800.0000;1;5593.0000;None;60400.0000
13749;2023-03-12 16:17:52.953000;3;108531;1;1;7800.0000;1;5593.0000;None;60400.0000
13749;2023-03-12 16:17:52.953000;7;2060;1;1;0.0000;1;5593.0000;None;60400.0000
13749;2023-03-12 16:17:52.953000;1;103992;1;1;6800.0000;1;5593.0000;None;60400.0000
13749;2023-03-12 16:23:26.440000;1;103992;1;1;6800.0000;1;5593.0000;None;60400.0000
13749;2023-03-12 16:44:16.450000;3;201211;1;1;6800.0000;1;5593.0000;None;60400.0000
13749;2023-03-12 17:20:17.507000;3;108531;1;1;7800.0000;1;5593.0000;None;60400.0000
13749;2023-03-12 17:20:17.507000;7;2060;1;1;0.0000;1;5593.0000;None;60400.0000
13749;2023-03-12 17:20:17.507000;3;108531;1;1;7800.0000;1;5593.0000;None;60400.0000
13749;2023-03-12 17:20:17.507000;7;2060;1;1;0.0000;1;5593.0000;None;60400.0000
13749;2023-03-12 17:48:04.297000;1;101647;1;1;10800.0000;1;5593.0000;None;60400.0000
13749;2023-03-12 17:48:04.297000;7;1294;1;1;0.0000;1;5593.0000;None;60400.0000
13750;2023-03-12 16:25:26.373000;3;104554;1;1;4800.0000;1;3352.0000;None;36200.0000
13750;2023-03-12 16:25:26.373000;3;202707;1;1;7800.0000;1;3352.0000;None;36200.0000
13750;2023-03-12 16:25:26.373000;3;100606;1;1;6800.0000;1;3352.0000;None;36200.0000
13750;2023-03-12 16:25:26.373000;7;2009;1;1;0.0000;1;3352.0000;None;36200.0000
13750;2023-03-12 16:25:26.373000;1;103961;1;1;16800.0000;1;3352.0000;None;36200.0000
13751;2023-03-12 16:39:48.790000;1;104004;1;1;16800.0000;1;3611.0000;None;39000.0000
13751;2023-03-12 16:39:48.790000;7;1135;1;1;0.0000;1;3611.0000;None;39000.0000
13751;2023-03-12 16:39:48.790000;1;102187;1;1;3800.0000;1;3611.0000;None;39000.0000
13751;2023-03-12 16:39:48.790000;7;1294;1;1;0.0000;1;3611.0000;None;39000.0000
13751;2023-03-12 16:39:48.790000;7;1135;1;1;0.0000;1;3611.0000;None;39000.0000
13751;2023-03-12 16:39:48.790000;3;200644;1;1;6800.0000;1;3611.0000;None;39000.0000
13751;2023-03-12 16:39:48.790000;3;104554;1;1;4800.0000;1;3611.0000;None;39000.0000
13751;2023-03-12 16:39:48.790000;3;100606;1;1;6800.0000;1;3611.0000;None;39000.0000
13752;2023-03-12 16:46:38.447000;3;100596;1;1;5800.0000;1;5056.0000;None;54600.0000
13752;2023-03-12 16:46:38.447000;3;100614;1;4;23200.0000;1;5056.0000;None;54600.0000
13752;2023-03-12 16:46:38.447000;7;2046;1;1;0.0000;1;5056.0000;None;54600.0000
13752;2023-03-12 16:46:38.447000;7;2046;1;3;0.0000;1;5056.0000;None;54600.0000
13752;2023-03-12 16:52:00.793000;3;100615;1;1;8800.0000;1;5056.0000;None;54600.0000
13752;2023-03-12 16:58:20.017000;1;103961;1;1;16800.0000;1;5056.0000;None;54600.0000
13753;2023-03-12 16:47:46.820000;3;100606;1;1;6800.0000;1;2889.0000;None;31200.0000
13753;2023-03-12 16:47:46.820000;3;200644;1;1;6800.0000;1;2889.0000;None;31200.0000
13753;2023-03-12 16:47:46.820000;7;2002;1;1;0.0000;1;2889.0000;None;31200.0000
13753;2023-03-12 16:47:46.820000;1;101270;1;1;0.0000;1;2889.0000;None;31200.0000
13753;2023-03-12 17:48:57.153000;3;100606;1;1;6800.0000;1;2889.0000;None;31200.0000
13753;2023-03-12 17:48:57.153000;3;101219;1;1;10800.0000;1;2889.0000;None;31200.0000
13755;2023-03-12 17:16:59.380000;3;100606;1;2;13600.0000;1;1630.0000;None;17600.0000
13755;2023-03-12 17:16:59.380000;6;105082;1;1;2000.0000;1;1630.0000;None;17600.0000
13755;2023-03-12 17:16:59.380000;6;105082;1;1;2000.0000;1;1630.0000;None;17600.0000
13755;2023-03-12 17:16:59.380000;7;1207;1;1;0.0000;1;1630.0000;None;17600.0000
13756;2023-03-12 17:17:40.927000;3;101231;1;1;5800.0000;1;2907.0000;None;31400.0000
13756;2023-03-12 17:17:40.927000;3;100614;1;1;5800.0000;1;2907.0000;None;31400.0000
13756;2023-03-12 17:21:15.743000;1;103166;1;1;19800.0000;1;2907.0000;None;31400.0000
13757;2023-03-12 17:27:28.333000;1;103166;1;1;19800.0000;1;3741.0000;None;40400.0000
13757;2023-03-12 17:27:28.333000;3;108533;1;1;9800.0000;1;3741.0000;None;40400.0000
13757;2023-03-12 17:27:28.333000;7;2009;1;1;0.0000;1;3741.0000;None;40400.0000
13757;2023-03-12 17:27:28.333000;7;2009;1;1;0.0000;1;3741.0000;None;40400.0000
13757;2023-03-12 17:27:28.333000;3;101219;1;1;10800.0000;1;3741.0000;None;40400.0000
13759;2023-03-12 17:55:33.327000;3;108531;1;1;7800.0000;1;3537.0000;None;38200.0000
13759;2023-03-12 17:55:33.327000;7;2060;1;1;0.0000;1;3537.0000;None;38200.0000
13759;2023-03-12 17:55:33.327000;3;100606;1;1;6800.0000;1;3537.0000;None;38200.0000
13759;2023-03-12 17:55:33.327000;7;2009;1;1;0.0000;1;3537.0000;None;38200.0000
13759;2023-03-12 17:55:33.327000;1;104158;1;1;11800.0000;1;3537.0000;None;38200.0000
13759;2023-03-12 17:55:33.327000;1;104150;1;1;11800.0000;1;3537.0000;None;38200.0000
13760;2023-03-12 18:01:58.007000;3;108533;1;1;9800.0000;1;1537.0000;None;16600.0000
13760;2023-03-12 18:01:58.007000;7;2009;1;1;0.0000;1;1537.0000;None;16600.0000
13760;2023-03-12 18:01:58.007000;7;2009;1;1;0.0000;1;1537.0000;None;16600.0000
13760;2023-03-12 18:01:58.007000;3;100606;1;1;6800.0000;1;1537.0000;None;16600.0000
13760;2023-03-12 18:01:58.007000;7;2009;1;1;0.0000;1;1537.0000;None;16600.0000
13760;2023-03-12 18:01:58.007000;7;2009;1;1;0.0000;1;1537.0000;None;16600.0000
13761;2023-03-12 18:04:16.510000;3;100606;1;1;6800.0000;1;4019.0000;None;43400.0000
13761;2023-03-12 18:04:16.510000;7;2009;1;1;0.0000;1;4019.0000;None;43400.0000
13761;2023-03-12 18:04:16.510000;7;2009;1;1;0.0000;1;4019.0000;None;43400.0000
13761;2023-03-12 18:04:16.510000;7;2052;1;1;0.0000;1;4019.0000;None;43400.0000
13761;2023-03-12 18:04:16.510000;7;2052;1;1;0.0000;1;4019.0000;None;43400.0000
13761;2023-03-12 18:05:52.643000;3;200006;1;1;9800.0000;1;4019.0000;None;43400.0000
13761;2023-03-12 18:05:58.633000;1;101257;1;1;26800.0000;1;4019.0000;None;43400.0000
13761;2023-03-12 18:05:58.633000;8;101576;1;1;0.0000;1;4019.0000;None;43400.0000
13761;2023-03-12 18:05:58.633000;6;101511;1;1;0.0000;1;4019.0000;None;43400.0000
13762;2023-03-12 18:07:32.387000;3;201146;1;1;6800.0000;1;3815.0000;None;41200.0000
13762;2023-03-12 18:07:32.387000;3;100606;1;2;13600.0000;1;3815.0000;None;41200.0000
13762;2023-03-12 18:07:32.387000;6;105082;1;1;2000.0000;1;3815.0000;None;41200.0000
13762;2023-03-12 18:07:32.387000;6;105082;1;1;2000.0000;1;3815.0000;None;41200.0000
13762;2023-03-12 18:07:32.387000;1;104004;1;1;16800.0000;1;3815.0000;None;41200.0000
13762;2023-03-12 18:07:32.387000;7;1135;1;1;0.0000;1;3815.0000;None;41200.0000
13763;2023-03-12 18:28:51.727000;1;102813;1;3;9000.0000;1;3352.0000;None;36200.0000
13763;2023-03-12 18:28:51.727000;7;1135;1;1;0.0000;1;3352.0000;None;36200.0000
13763;2023-03-12 18:31:14.247000;3;100614;1;1;5800.0000;1;3352.0000;None;36200.0000
13763;2023-03-12 18:31:14.247000;3;100606;1;1;6800.0000;1;3352.0000;None;36200.0000
13763;2023-03-12 18:31:14.247000;3;100613;1;2;11600.0000;1;3352.0000;None;36200.0000
13763;2023-03-12 18:32:00.140000;1;102813;1;1;3000.0000;1;3352.0000;None;36200.0000
13765;2023-03-12 18:47:40.173000;2;102593;1;2;49600.0000;1;4593.0000;None;49600.0000
13766;2023-03-12 19:14:42.283000;3;100606;1;1;6800.0000;1;3167.0000;None;34200.0000
13766;2023-03-12 19:14:42.283000;7;2033;1;1;0.0000;1;3167.0000;None;34200.0000
13766;2023-03-12 19:14:42.283000;3;100606;1;1;6800.0000;1;3167.0000;None;34200.0000
13766;2023-03-12 19:14:42.283000;7;2009;1;1;0.0000;1;3167.0000;None;34200.0000
13766;2023-03-12 19:14:42.283000;7;2009;1;1;0.0000;1;3167.0000;None;34200.0000
13766;2023-03-12 19:15:41.527000;1;104004;1;1;16800.0000;1;3167.0000;None;34200.0000
13766;2023-03-12 19:15:41.527000;7;1135;1;1;0.0000;1;3167.0000;None;34200.0000
13766;2023-03-12 19:15:41.527000;1;102187;1;1;3800.0000;1;3167.0000;None;34200.0000
13766;2023-03-12 19:15:41.527000;7;1294;1;1;0.0000;1;3167.0000;None;34200.0000
13767;2023-03-12 19:31:11.223000;3;104554;1;1;4800.0000;1;444.0000;None;4800.0000
13768;2023-03-12 20:15:48.247000;1;103992;1;2;13600.0000;1;1259.0000;None;13600.0000
13769;2023-03-12 20:20:46.317000;1;104173;1;1;5800.0000;1;10333.0000;None;111600.0000
13769;2023-03-12 20:20:46.317000;1;104156;1;1;6800.0000;1;10333.0000;None;111600.0000
13769;2023-03-12 20:20:46.317000;1;103384;1;1;47800.0000;1;10333.0000;None;111600.0000
13769;2023-03-12 20:20:46.317000;1;101503;1;1;0.0000;1;10333.0000;None;111600.0000
13769;2023-03-12 20:20:46.317000;1;103290;1;1;31800.0000;1;10333.0000;None;111600.0000
13769;2023-03-12 20:20:46.317000;1;108005;1;1;0.0000;1;10333.0000;None;111600.0000
13769;2023-03-12 20:20:46.317000;3;201269;1;1;6800.0000;1;10333.0000;None;111600.0000
13769;2023-03-12 20:20:46.317000;1;101270;1;1;0.0000;1;10333.0000;None;111600.0000
13769;2023-03-12 20:20:46.317000;1;101270;1;1;0.0000;1;10333.0000;None;111600.0000
13769;2023-03-12 20:20:46.317000;3;104554;1;1;4800.0000;1;10333.0000;None;111600.0000
13769;2023-03-12 20:20:46.317000;3;108531;1;1;7800.0000;1;10333.0000;None;111600.0000
13769;2023-03-12 20:20:46.317000;7;2060;1;1;0.0000;1;10333.0000;None;111600.0000
13769;2023-03-12 12:56:52.367000;1;103759;1;1;10800.0000;1;10333.0000;None;111600.0000
13769;2023-03-12 20:49:19.963000;1;103759;1;-1;-10800.0000;1;10333.0000;None;111600.0000
26944;2023-03-12 11:11:51.537000;3;100596;1;1;5800.0000;1;5907.0000;None;63800.0000
26944;2023-03-12 11:11:51.553000;3;201146;1;1;6800.0000;1;5907.0000;None;63800.0000
26944;2023-03-12 11:11:51.553000;1;101270;1;1;0.0000;1;5907.0000;None;63800.0000
26944;2023-03-12 11:11:51.553000;3;200644;1;1;6800.0000;1;5907.0000;None;63800.0000
26944;2023-03-12 11:11:51.553000;1;101270;1;1;0.0000;1;5907.0000;None;63800.0000
26944;2023-03-12 11:35:04.137000;3;100596;1;1;5800.0000;1;5907.0000;None;63800.0000
26944;2023-03-12 12:12:28.923000;2;101844;1;1;31800.0000;1;5907.0000;None;63800.0000
26944;2023-03-12 12:12:28.923000;6;105631;1;1;0.0000;1;5907.0000;None;63800.0000
26944;2023-03-12 12:12:28.923000;3;200644;1;1;6800.0000;1;5907.0000;None;63800.0000
26944;2023-03-12 12:12:28.923000;1;101270;1;1;0.0000;1;5907.0000;None;63800.0000
26945;2023-03-12 11:13:03.157000;3;100607;1;1;6800.0000;1;630.0000;None;6800.0000
26945;2023-03-12 11:13:03.157000;7;2009;1;1;0.0000;1;630.0000;None;6800.0000
26946;2023-03-12 11:53:10.407000;3;101216;1;1;6800.0000;1;4370.0000;None;47200.0000
26946;2023-03-12 11:53:10.407000;3;100606;1;1;6800.0000;1;4370.0000;None;47200.0000
26946;2023-03-12 11:53:10.407000;1;103214;1;1;26800.0000;1;4370.0000;None;47200.0000
26946;2023-03-12 12:35:50.970000;3;100606;1;1;6800.0000;1;4370.0000;None;47200.0000
26946;2023-03-12 12:35:50.970000;7;2033;1;1;0.0000;1;4370.0000;None;47200.0000
26946;2023-03-12 12:35:50.970000;7;2033;1;1;0.0000;1;4370.0000;None;47200.0000
26947;2023-03-12 12:03:49.247000;1;101257;1;1;26800.0000;1;5926.0000;None;64000.0000
26947;2023-03-12 12:03:49.247000;1;101503;1;1;0.0000;1;5926.0000;None;64000.0000
26947;2023-03-12 12:03:49.247000;8;101576;1;1;0.0000;1;5926.0000;None;64000.0000
26947;2023-03-12 12:03:49.247000;7;1011;1;1;0.0000;1;5926.0000;None;64000.0000
26947;2023-03-12 12:03:49.247000;1;103252;1;1;17800.0000;1;5926.0000;None;64000.0000
26947;2023-03-12 12:03:49.247000;1;108005;1;1;0.0000;1;5926.0000;None;64000.0000
26947;2023-03-12 12:03:49.247000;1;105603;1;1;3800.0000;1;5926.0000;None;64000.0000
26947;2023-03-12 12:03:49.247000;3;102635;1;1;8800.0000;1;5926.0000;None;64000.0000
26947;2023-03-12 12:03:49.247000;3;100607;1;1;6800.0000;1;5926.0000;None;64000.0000
26947;2023-03-12 12:03:49.247000;7;2009;1;1;0.0000;1;5926.0000;None;64000.0000
26948;2023-03-12 13:03:17.130000;3;104554;1;1;4800.0000;1;981.0000;None;10600.0000
26948;2023-03-12 13:11:00.510000;3;100613;1;1;5800.0000;1;981.0000;None;10600.0000
26949;2023-03-12 15:15:29.087000;3;100606;1;1;6800.0000;1;2278.0000;None;24600.0000
26949;2023-03-12 15:15:29.087000;6;105082;1;1;2000.0000;1;2278.0000;None;24600.0000
26949;2023-03-12 15:17:47.683000;3;101333;1;1;15800.0000;1;2278.0000;None;24600.0000
26950;2023-03-12 16:30:10.573000;2;201182;1;2;19600.0000;1;1815.0000;None;19600.0000
26951;2023-03-12 16:34:27.397000;3;100607;1;1;6800.0000;1;2815.0000;None;30400.0000
26951;2023-03-12 16:34:27.397000;3;100607;1;1;6800.0000;1;2815.0000;None;30400.0000
26951;2023-03-12 16:34:27.397000;1;104004;1;1;16800.0000;1;2815.0000;None;30400.0000
26951;2023-03-12 16:34:27.397000;7;1027;1;1;0.0000;1;2815.0000;None;30400.0000
26952;2023-03-12 16:56:06.967000;3;200644;1;1;6800.0000;1;5500.0000;None;59400.0000
26952;2023-03-12 16:56:06.967000;1;101270;1;1;0.0000;1;5500.0000;None;59400.0000
26952;2023-03-12 17:01:44.840000;1;103250;1;1;45800.0000;1;5500.0000;None;59400.0000
26952;2023-03-12 17:01:44.840000;1;108006;1;1;0.0000;1;5500.0000;None;59400.0000
26952;2023-03-12 17:01:44.840000;7;1039;1;1;0.0000;1;5500.0000;None;59400.0000
26952;2023-03-12 17:01:44.840000;3;102644;1;1;6800.0000;1;5500.0000;None;59400.0000
26953;2023-03-12 17:04:15.147000;3;100606;1;1;6800.0000;1;2241.0000;None;24200.0000
26953;2023-03-12 17:04:15.147000;7;2009;1;1;0.0000;1;2241.0000;None;24200.0000
26953;2023-03-12 17:04:15.147000;3;101231;1;1;5800.0000;1;2241.0000;None;24200.0000
26953;2023-03-12 17:04:15.147000;1;103992;1;1;6800.0000;1;2241.0000;None;24200.0000
26953;2023-03-12 17:45:12.343000;3;104554;1;1;4800.0000;1;2241.0000;None;24200.0000
26954;2023-03-12 17:15:27.393000;3;100614;1;1;5800.0000;1;3704.0000;None;40000.0000
26954;2023-03-12 17:15:27.393000;3;100614;1;1;5800.0000;1;3704.0000;None;40000.0000
26954;2023-03-12 17:15:27.393000;3;100614;1;1;5800.0000;1;3704.0000;None;40000.0000
26954;2023-03-12 17:15:27.393000;3;100614;1;1;5800.0000;1;3704.0000;None;40000.0000
26954;2023-03-12 17:15:27.393000;1;103961;1;1;16800.0000;1;3704.0000;None;40000.0000
