4533;2023-03-13 12:26:01.540000;1;106689;1;5;14000.0000;1;None;None;14000.0000
4540;2023-03-13 16:23:30.293000;1;103102;1;5;39000.0000;1;None;None;195000.0000
4540;2023-03-13 16:23:30.293000;1;103102;1;20;156000.0000;1;None;None;195000.0000
13771;2023-03-13 08:41:24.033000;3;101333;1;1;15800.0000;1;3537.0000;None;38200.0000
13771;2023-03-13 08:41:24.033000;1;102574;1;1;10800.0000;1;3537.0000;None;38200.0000
13771;2023-03-13 08:41:24.033000;6;100523;1;1;0.0000;1;3537.0000;None;38200.0000
13771;2023-03-13 08:53:03.493000;3;100614;1;1;5800.0000;1;3537.0000;None;38200.0000
13771;2023-03-13 09:09:09.083000;3;100614;1;1;5800.0000;1;3537.0000;None;38200.0000
13772;2023-03-13 09:18:07.177000;3;100614;1;1;5800.0000;1;3370.0000;None;36400.0000
13772;2023-03-13 08:41:01.803000;1;201566;1;1;24800.0000;1;3370.0000;None;36400.0000
13772;2023-03-13 08:41:01.803000;6;102629;3;1;0.0000;1;3370.0000;None;36400.0000
13772;2023-03-13 08:41:01.803000;6;100519;1;1;0.0000;1;3370.0000;None;36400.0000
13772;2023-03-13 08:41:01.803000;6;100523;1;1;0.0000;1;3370.0000;None;36400.0000
13772;2023-03-13 08:41:01.803000;1;106290;1;1;0.0000;1;3370.0000;None;36400.0000
13772;2023-03-13 08:41:01.803000;6;101491;1;1;0.0000;1;3370.0000;None;36400.0000
13772;2023-03-13 09:03:30.477000;3;100614;1;1;5800.0000;1;3370.0000;None;36400.0000
13773;2023-03-13 09:42:36.583000;3;100606;1;1;6800.0000;1;2056.0000;None;22200.0000
13773;2023-03-13 09:42:36.583000;3;100607;1;1;6800.0000;1;2056.0000;None;22200.0000
13773;2023-03-13 09:48:32.467000;1;101069;1;1;2800.0000;1;2056.0000;None;22200.0000
13773;2023-03-13 09:48:32.467000;1;101068;1;1;5800.0000;1;2056.0000;None;22200.0000
13774;2023-03-13 10:05:27.600000;3;101231;1;1;5800.0000;1;3667.0000;None;39600.0000
13774;2023-03-13 10:05:27.600000;3;104554;1;1;4800.0000;1;3667.0000;None;39600.0000
13774;2023-03-13 10:05:27.600000;3;100614;1;1;5800.0000;1;3667.0000;None;39600.0000
13774;2023-03-13 10:17:50.730000;3;100614;1;1;5800.0000;1;3667.0000;None;39600.0000
13774;2023-03-13 10:17:50.730000;3;100614;1;1;5800.0000;1;3667.0000;None;39600.0000
13774;2023-03-13 10:30:08.217000;3;100614;1;1;5800.0000;1;3667.0000;None;39600.0000
13774;2023-03-13 10:30:08.217000;3;100614;1;1;5800.0000;1;3667.0000;None;39600.0000
13775;2023-03-13 10:22:24.633000;3;100606;1;1;6800.0000;1;796.0000;None;8600.0000
13775;2023-03-13 10:22:24.633000;7;2009;1;1;0.0000;1;796.0000;None;8600.0000
13775;2023-03-13 10:22:24.633000;7;2009;1;1;0.0000;1;796.0000;None;8600.0000
13775;2023-03-13 10:22:50.190000;1;102412;1;1;1800.0000;1;796.0000;None;8600.0000
13776;2023-03-13 10:34:05.633000;3;100606;1;1;6800.0000;1;1259.0000;None;13600.0000
13776;2023-03-13 10:34:05.633000;3;100606;1;1;6800.0000;1;1259.0000;None;13600.0000
13778;2023-03-13 10:41:52.947000;3;201146;1;1;6800.0000;1;1704.0000;None;18400.0000
13778;2023-03-13 10:41:52.947000;3;100613;1;1;5800.0000;1;1704.0000;None;18400.0000
13778;2023-03-13 10:56:22.273000;3;100613;1;1;5800.0000;1;1704.0000;None;18400.0000
13779;2023-03-13 10:47:01.217000;3;100614;1;1;5800.0000;1;2148.0000;None;23200.0000
13779;2023-03-13 10:47:01.217000;3;100614;1;1;5800.0000;1;2148.0000;None;23200.0000
13779;2023-03-13 11:18:36.050000;3;100614;1;1;5800.0000;1;2148.0000;None;23200.0000
13779;2023-03-13 11:18:36.050000;3;100614;1;1;5800.0000;1;2148.0000;None;23200.0000
13780;2023-03-13 10:48:38.937000;3;100614;1;1;5800.0000;1;5500.0000;None;59400.0000
13780;2023-03-13 10:48:38.937000;1;103384;1;1;47800.0000;1;5500.0000;None;59400.0000
13780;2023-03-13 10:48:38.937000;1;101503;1;1;0.0000;1;5500.0000;None;59400.0000
13780;2023-03-13 11:13:24.797000;3;100614;1;1;5800.0000;1;5500.0000;None;59400.0000
13781;2023-03-13 10:50:42.527000;3;100606;1;1;6800.0000;1;630.0000;None;6800.0000
13782;2023-03-13 10:54:03.663000;3;108531;1;1;7800.0000;1;2333.0000;None;25200.0000
13782;2023-03-13 10:54:03.663000;7;2060;1;1;0.0000;1;2333.0000;None;25200.0000
13782;2023-03-13 11:01:36.310000;3;100613;1;1;5800.0000;1;2333.0000;None;25200.0000
13782;2023-03-13 11:11:46.763000;3;100613;1;1;5800.0000;1;2333.0000;None;25200.0000
13782;2023-03-13 11:15:59.543000;3;100613;1;1;5800.0000;1;2333.0000;None;25200.0000
13783;2023-03-13 10:56:10.737000;3;101333;1;1;15800.0000;1;3352.0000;None;36200.0000
13783;2023-03-13 10:56:10.737000;6;105082;1;1;2000.0000;1;3352.0000;None;36200.0000
13783;2023-03-13 10:56:10.737000;6;105082;1;1;2000.0000;1;3352.0000;None;36200.0000
13783;2023-03-13 11:06:36.137000;3;100614;1;1;5800.0000;1;3352.0000;None;36200.0000
13783;2023-03-13 11:11:30.350000;1;102255;1;1;4800.0000;1;3352.0000;None;36200.0000
13783;2023-03-13 11:22:17.507000;3;100614;1;1;5800.0000;1;3352.0000;None;36200.0000
13784;2023-03-13 11:02:31.623000;3;100606;1;2;13600.0000;1;2519.0000;None;27200.0000
13784;2023-03-13 11:02:31.623000;7;2052;1;1;0.0000;1;2519.0000;None;27200.0000
13784;2023-03-13 11:02:31.623000;7;2052;1;1;0.0000;1;2519.0000;None;27200.0000
13784;2023-03-13 11:02:31.623000;7;2052;1;1;0.0000;1;2519.0000;None;27200.0000
13784;2023-03-13 11:28:03.997000;3;100606;1;1;6800.0000;1;2519.0000;None;27200.0000
13784;2023-03-13 11:28:03.997000;3;100606;1;1;6800.0000;1;2519.0000;None;27200.0000
13784;2023-03-13 11:28:03.997000;7;2052;1;1;0.0000;1;2519.0000;None;27200.0000
13784;2023-03-13 11:28:03.997000;7;2052;1;1;0.0000;1;2519.0000;None;27200.0000
13784;2023-03-13 11:28:03.997000;7;2052;1;1;0.0000;1;2519.0000;None;27200.0000
13784;2023-03-13 11:28:03.997000;7;2052;1;1;0.0000;1;2519.0000;None;27200.0000
13785;2023-03-13 10:10:52.463000;3;104554;1;2;9600.0000;1;2944.0000;None;31800.0000
13785;2023-03-13 10:10:52.463000;3;100614;1;1;5800.0000;1;2944.0000;None;31800.0000
13785;2023-03-13 10:30:48.807000;3;100614;1;1;5800.0000;1;2944.0000;None;31800.0000
13785;2023-03-13 11:14:18.977000;3;104554;1;1;4800.0000;1;2944.0000;None;31800.0000
13785;2023-03-13 11:46:34.347000;3;100614;1;1;5800.0000;1;2944.0000;None;31800.0000
13786;2023-03-13 11:28:46.847000;3;100606;1;1;6800.0000;1;2259.0000;None;24400.0000
13786;2023-03-13 11:28:46.847000;7;2009;1;1;0.0000;1;2259.0000;None;24400.0000
13786;2023-03-13 11:28:46.847000;7;2009;1;1;0.0000;1;2259.0000;None;24400.0000
13786;2023-03-13 11:28:46.847000;7;2046;1;1;0.0000;1;2259.0000;None;24400.0000
13786;2023-03-13 11:28:46.847000;3;200000;1;1;12800.0000;1;2259.0000;None;24400.0000
13786;2023-03-13 11:28:46.847000;7;2046;1;1;0.0000;1;2259.0000;None;24400.0000
13786;2023-03-13 11:36:08.150000;3;104554;1;1;4800.0000;1;2259.0000;None;24400.0000
13786;2023-03-13 11:36:08.150000;7;2046;1;1;0.0000;1;2259.0000;None;24400.0000
13787;2023-03-13 11:34:55.907000;3;100614;1;1;5800.0000;1;1074.0000;None;11600.0000
13787;2023-03-13 11:34:55.907000;3;100613;1;1;5800.0000;1;1074.0000;None;11600.0000
13787;2023-03-13 11:34:55.907000;7;2052;1;1;0.0000;1;1074.0000;None;11600.0000
13788;2023-03-13 11:36:51.177000;3;100606;1;1;6800.0000;1;1167.0000;None;12600.0000
13788;2023-03-13 11:36:51.177000;3;100614;1;1;5800.0000;1;1167.0000;None;12600.0000
13789;2023-03-13 11:41:30.037000;3;101208;1;1;12800.0000;1;1815.0000;None;19600.0000
13789;2023-03-13 11:56:25.330000;3;100606;1;1;6800.0000;1;1815.0000;None;19600.0000
13789;2023-03-13 11:56:25.330000;7;2009;1;1;0.0000;1;1815.0000;None;19600.0000
13790;2023-03-13 11:45:57.827000;3;100614;1;1;5800.0000;1;1074.0000;None;11600.0000
13790;2023-03-13 12:00:13.280000;3;100614;1;1;5800.0000;1;1074.0000;None;11600.0000
13791;2023-03-13 11:53:58.917000;3;100613;1;1;5800.0000;1;1074.0000;None;11600.0000
13791;2023-03-13 11:53:58.917000;3;100596;1;1;5800.0000;1;1074.0000;None;11600.0000
13796;2023-03-13 12:20:11.493000;3;100614;1;1;5800.0000;1;2241.0000;None;24200.0000
13796;2023-03-13 12:20:11.493000;3;100614;1;1;5800.0000;1;2241.0000;None;24200.0000
13796;2023-03-13 12:50:02.227000;3;100614;1;1;5800.0000;1;2241.0000;None;24200.0000
13796;2023-03-13 12:50:02.227000;3;201211;1;1;6800.0000;1;2241.0000;None;24200.0000
13798;2023-03-13 12:25:40.210000;3;100614;1;1;5800.0000;1;1074.0000;None;11600.0000
13798;2023-03-13 12:25:40.210000;3;100614;1;1;5800.0000;1;1074.0000;None;11600.0000
13799;2023-03-13 11:59:34.520000;3;100613;1;1;5800.0000;1;1889.0000;None;20400.0000
13799;2023-03-13 12:10:17.317000;3;100607;1;1;6800.0000;1;1889.0000;None;20400.0000
13799;2023-03-13 12:10:17.317000;7;2046;1;1;0.0000;1;1889.0000;None;20400.0000
13799;2023-03-13 12:10:17.317000;7;2046;1;1;0.0000;1;1889.0000;None;20400.0000
13799;2023-03-13 12:26:21.880000;3;102402;1;1;7800.0000;1;1889.0000;None;20400.0000
13799;2023-03-13 12:26:21.880000;6;104291;2;1;0.0000;1;1889.0000;None;20400.0000
13799;2023-03-13 12:26:21.880000;6;105651;2;1;0.0000;1;1889.0000;None;20400.0000
13799;2023-03-13 12:26:21.880000;6;101476;2;1;0.0000;1;1889.0000;None;20400.0000
13799;2023-03-13 12:26:21.880000;4;106287;2;1;0.0000;1;1889.0000;None;20400.0000
13800;2023-03-13 12:30:07.623000;1;103380;1;1;39800.0000;1;6815.0000;None;73600.0000
13800;2023-03-13 12:30:07.623000;1;101503;1;1;0.0000;1;6815.0000;None;73600.0000
13800;2023-03-13 12:30:07.623000;2;101728;1;1;33800.0000;1;6815.0000;None;73600.0000
13801;2023-03-13 12:48:59.837000;3;100614;1;1;5800.0000;1;537.0000;None;5800.0000
13802;2023-03-13 12:54:55.877000;1;103763;1;1;14800.0000;1;1370.0000;None;14800.0000
13803;2023-03-13 13:07:31.353000;2;101728;1;1;33800.0000;1;3667.0000;None;39600.0000
13803;2023-03-13 13:07:31.353000;7;1207;1;1;0.0000;1;3667.0000;None;39600.0000
13803;2023-03-13 13:07:31.353000;3;100614;1;1;5800.0000;1;3667.0000;None;39600.0000
13804;2023-03-13 13:18:51.373000;3;100606;1;2;13600.0000;1;3111.0000;None;33600.0000
13804;2023-03-13 13:18:51.373000;7;2009;1;1;0.0000;1;3111.0000;None;33600.0000
13804;2023-03-13 13:18:51.373000;7;2009;1;1;0.0000;1;3111.0000;None;33600.0000
13804;2023-03-13 13:45:16.273000;1;105281;1;1;20000.0000;1;3111.0000;None;33600.0000
13804;2023-03-13 13:45:16.273000;7;1135;1;1;0.0000;1;3111.0000;None;33600.0000
13805;2023-03-13 13:51:30.627000;3;100614;1;1;5800.0000;1;1444.0000;None;15600.0000
13805;2023-03-13 13:51:30.627000;3;200006;1;1;9800.0000;1;1444.0000;None;15600.0000
13805;2023-03-13 13:51:30.627000;7;1207;1;1;0.0000;1;1444.0000;None;15600.0000
13807;2023-03-13 14:21:17.960000;3;102747;1;1;4800.0000;1;1074.0000;None;11600.0000
13807;2023-03-13 14:21:17.960000;1;103992;1;1;6800.0000;1;1074.0000;None;11600.0000
13808;2023-03-13 14:28:24.777000;3;100614;1;1;5800.0000;1;10056.0000;None;108600.0000
13808;2023-03-13 14:28:24.777000;3;102747;1;1;4800.0000;1;10056.0000;None;108600.0000
13808;2023-03-13 14:28:24.777000;1;103291;1;1;30800.0000;1;10056.0000;None;108600.0000
13808;2023-03-13 14:28:24.777000;1;103250;1;1;45800.0000;1;10056.0000;None;108600.0000
13808;2023-03-13 14:36:00.517000;3;202707;1;1;7800.0000;1;10056.0000;None;108600.0000
13808;2023-03-13 14:36:00.517000;3;200644;1;1;6800.0000;1;10056.0000;None;108600.0000
13808;2023-03-13 14:36:00.517000;1;101270;1;1;0.0000;1;10056.0000;None;108600.0000
13808;2023-03-13 14:50:57.430000;3;200644;1;1;6800.0000;1;10056.0000;None;108600.0000
13808;2023-03-13 14:50:57.430000;1;101270;1;1;0.0000;1;10056.0000;None;108600.0000
13809;2023-03-13 14:42:03.500000;3;100596;1;1;5800.0000;1;537.0000;None;5800.0000
13810;2023-03-13 14:49:12.927000;1;104158;1;1;11800.0000;1;4704.0000;None;50800.0000
13810;2023-03-13 14:49:12.927000;1;104150;1;1;11800.0000;1;4704.0000;None;50800.0000
13810;2023-03-13 14:50:48.080000;3;100607;1;1;6800.0000;1;4704.0000;None;50800.0000
13810;2023-03-13 14:50:48.080000;7;1207;1;1;0.0000;1;4704.0000;None;50800.0000
13810;2023-03-13 14:50:48.080000;3;100606;1;1;6800.0000;1;4704.0000;None;50800.0000
13810;2023-03-13 14:50:48.080000;6;105082;1;1;2000.0000;1;4704.0000;None;50800.0000
13810;2023-03-13 14:50:48.080000;7;1207;1;1;0.0000;1;4704.0000;None;50800.0000
13810;2023-03-13 15:05:08.887000;1;100590;1;2;11600.0000;1;4704.0000;None;50800.0000
13810;2023-03-13 15:05:08.887000;7;1135;1;1;0.0000;1;4704.0000;None;50800.0000
13811;2023-03-13 12:04:57.697000;3;100606;1;1;6800.0000;1;None;None;26200.0000
13811;2023-03-13 12:16:49.773000;3;102112;1;1;5800.0000;1;None;None;26200.0000
13811;2023-03-13 12:16:49.773000;3;100606;1;1;6800.0000;1;None;None;26200.0000
13811;2023-03-13 12:16:49.773000;3;201146;1;1;6800.0000;1;None;None;26200.0000
13812;2023-03-13 15:03:25.153000;3;100606;1;1;6800.0000;1;1074.0000;None;11600.0000
13812;2023-03-13 15:03:25.153000;7;2009;1;1;0.0000;1;1074.0000;None;11600.0000
13812;2023-03-13 15:03:25.153000;7;1207;1;1;0.0000;1;1074.0000;None;11600.0000
13812;2023-03-13 15:03:25.153000;3;104554;1;1;4800.0000;1;1074.0000;None;11600.0000
13813;2023-03-13 15:10:53.403000;3;100614;1;1;5800.0000;1;1167.0000;None;12600.0000
13813;2023-03-13 15:43:09.980000;3;100606;1;1;6800.0000;1;1167.0000;None;12600.0000
13814;2023-03-13 15:26:37.437000;3;100606;1;3;20400.0000;1;1889.0000;None;20400.0000
13815;2023-03-13 15:56:21.253000;3;100614;1;1;5800.0000;1;2259.0000;None;24400.0000
13815;2023-03-13 15:56:21.253000;3;100614;1;1;5800.0000;1;2259.0000;None;24400.0000
13815;2023-03-13 15:56:21.253000;3;200000;1;1;12800.0000;1;2259.0000;None;24400.0000
13815;2023-03-13 15:56:21.253000;7;1207;1;1;0.0000;1;2259.0000;None;24400.0000
13816;2023-03-13 16:02:12.310000;3;100606;1;2;13600.0000;1;3056.0000;None;33000.0000
13816;2023-03-13 16:02:12.310000;7;2009;1;1;0.0000;1;3056.0000;None;33000.0000
13816;2023-03-13 16:02:12.310000;7;2009;1;1;0.0000;1;3056.0000;None;33000.0000
13816;2023-03-13 17:34:51.347000;3;200644;1;1;6800.0000;1;3056.0000;None;33000.0000
13816;2023-03-13 17:34:51.347000;3;201211;1;1;6800.0000;1;3056.0000;None;33000.0000
13816;2023-03-13 17:34:51.347000;3;101231;1;1;5800.0000;1;3056.0000;None;33000.0000
13817;2023-03-13 16:05:34.660000;1;103771;1;1;29800.0000;1;8204.0000;None;88600.0000
13817;2023-03-13 16:27:33.387000;1;101257;1;1;26800.0000;1;8204.0000;None;88600.0000
13817;2023-03-13 16:33:19.160000;1;105603;1;1;3800.0000;1;8204.0000;None;88600.0000
13817;2023-03-13 16:43:26.770000;3;102747;1;1;4800.0000;1;8204.0000;None;88600.0000
13817;2023-03-13 16:43:26.770000;7;2012;1;1;0.0000;1;8204.0000;None;88600.0000
13817;2023-03-13 16:43:26.770000;7;1207;1;1;0.0000;1;8204.0000;None;88600.0000
13817;2023-03-13 16:48:52.357000;3;100606;1;1;6800.0000;1;8204.0000;None;88600.0000
13817;2023-03-13 16:48:52.357000;7;2009;1;1;0.0000;1;8204.0000;None;88600.0000
13817;2023-03-13 16:48:52.357000;1;103102;1;1;7800.0000;1;8204.0000;None;88600.0000
13817;2023-03-13 17:30:11.127000;3;100606;1;1;6800.0000;1;8204.0000;None;88600.0000
13817;2023-03-13 17:30:11.127000;6;105082;1;1;2000.0000;1;8204.0000;None;88600.0000
13818;2023-03-13 16:07:37.627000;3;100606;1;1;6800.0000;1;5963.0000;None;64400.0000
13818;2023-03-13 16:07:37.627000;7;2009;1;1;0.0000;1;5963.0000;None;64400.0000
13818;2023-03-13 16:10:04.553000;3;102635;1;1;8800.0000;1;5963.0000;None;64400.0000
13818;2023-03-13 16:12:31.963000;1;103316;1;1;48800.0000;1;5963.0000;None;64400.0000
13818;2023-03-13 16:12:31.963000;1;108006;1;1;0.0000;1;5963.0000;None;64400.0000
13819;2023-03-13 16:08:18.390000;3;100596;1;1;5800.0000;1;537.0000;None;5800.0000
13821;2023-03-13 16:45:08.473000;3;108533;1;1;9800.0000;1;2630.0000;None;28400.0000
13821;2023-03-13 16:45:08.473000;6;105082;1;1;2000.0000;1;2630.0000;None;28400.0000
13821;2023-03-13 16:59:32.537000;3;108533;1;1;9800.0000;1;2630.0000;None;28400.0000
13821;2023-03-13 16:59:32.537000;6;105082;1;1;2000.0000;1;2630.0000;None;28400.0000
13821;2023-03-13 17:07:35.993000;3;104554;1;1;4800.0000;1;2630.0000;None;28400.0000
13822;2023-03-13 16:50:10.987000;3;100606;1;1;6800.0000;1;7241.0000;None;78200.0000
13822;2023-03-13 16:50:10.987000;7;2009;1;1;0.0000;1;7241.0000;None;78200.0000
13822;2023-03-13 16:50:10.987000;7;2009;1;1;0.0000;1;7241.0000;None;78200.0000
13822;2023-03-13 16:50:10.987000;7;2052;1;1;0.0000;1;7241.0000;None;78200.0000
13822;2023-03-13 16:50:10.987000;7;2046;1;1;0.0000;1;7241.0000;None;78200.0000
13822;2023-03-13 16:50:10.987000;3;201146;1;1;6800.0000;1;7241.0000;None;78200.0000
13822;2023-03-13 16:50:10.987000;1;104156;1;1;6800.0000;1;7241.0000;None;78200.0000
13822;2023-03-13 16:50:10.987000;7;1027;1;1;0.0000;1;7241.0000;None;78200.0000
13822;2023-03-13 17:17:11.250000;3;100606;1;2;13600.0000;1;7241.0000;None;78200.0000
13822;2023-03-13 17:17:11.250000;7;2046;1;1;0.0000;1;7241.0000;None;78200.0000
13822;2023-03-13 17:17:11.250000;7;2046;1;1;0.0000;1;7241.0000;None;78200.0000
13822;2023-03-13 17:32:14.150000;3;100607;1;1;6800.0000;1;7241.0000;None;78200.0000
13822;2023-03-13 17:56:39.217000;1;109554;1;2;27600.0000;1;7241.0000;None;78200.0000
13822;2023-03-13 17:56:39.217000;1;109555;1;1;9800.0000;1;7241.0000;None;78200.0000
13822;2023-03-13 17:56:39.217000;7;1135;1;1;0.0000;1;7241.0000;None;78200.0000
13823;2023-03-13 16:56:04.497000;2;201187;1;1;10800.0000;1;3259.0000;None;35200.0000
13823;2023-03-13 17:02:48.543000;3;100606;1;1;6800.0000;1;3259.0000;None;35200.0000
13823;2023-03-13 17:45:20.550000;3;201269;1;1;6800.0000;1;3259.0000;None;35200.0000
13823;2023-03-13 17:45:20.550000;1;101270;1;1;0.0000;1;3259.0000;None;35200.0000
13823;2023-03-13 17:45:20.550000;2;201187;1;1;10800.0000;1;3259.0000;None;35200.0000
13824;2023-03-13 16:56:17.707000;3;100607;1;1;6800.0000;1;3870.0000;None;41800.0000
13824;2023-03-13 16:56:17.707000;7;2052;1;1;0.0000;1;3870.0000;None;41800.0000
13824;2023-03-13 16:59:28.973000;3;100606;1;1;6800.0000;1;3870.0000;None;41800.0000
13824;2023-03-13 16:59:28.973000;6;105082;1;1;2000.0000;1;3870.0000;None;41800.0000
13824;2023-03-13 17:22:04.357000;3;100614;1;1;5800.0000;1;3870.0000;None;41800.0000
13824;2023-03-13 17:22:04.357000;3;100607;1;1;6800.0000;1;3870.0000;None;41800.0000
13824;2023-03-13 17:22:04.357000;3;201146;1;1;6800.0000;1;3870.0000;None;41800.0000
13824;2023-03-13 17:27:35.107000;3;100607;1;1;6800.0000;1;3870.0000;None;41800.0000
13824;2023-03-13 17:27:35.107000;7;2052;1;1;0.0000;1;3870.0000;None;41800.0000
13825;2023-03-13 17:14:40.753000;3;108533;1;1;9800.0000;1;1444.0000;None;15600.0000
13825;2023-03-13 17:14:40.753000;7;2009;1;1;0.0000;1;1444.0000;None;15600.0000
13825;2023-03-13 17:14:40.753000;3;100614;1;1;5800.0000;1;1444.0000;None;15600.0000
13825;2023-03-13 17:14:40.753000;7;2028;1;1;0.0000;1;1444.0000;None;15600.0000
13826;2023-03-13 17:26:42.687000;1;101069;1;1;2800.0000;1;None;None;2800.0000
13827;2023-03-13 17:28:18.503000;3;200006;1;1;9800.0000;1;907.0000;None;9800.0000
13828;2023-03-13 17:36:43.833000;3;200006;1;1;9800.0000;1;4259.0000;None;46000.0000
13828;2023-03-13 17:36:43.833000;1;101270;1;1;0.0000;1;4259.0000;None;46000.0000
13828;2023-03-13 17:36:43.833000;1;104158;1;1;11800.0000;1;4259.0000;None;46000.0000
13828;2023-03-13 17:36:43.833000;1;104173;1;1;5800.0000;1;4259.0000;None;46000.0000
13828;2023-03-13 17:36:43.833000;3;102637;1;1;9800.0000;1;4259.0000;None;46000.0000
13828;2023-03-13 17:36:43.833000;1;103095;1;1;8800.0000;1;4259.0000;None;46000.0000
13829;2023-03-13 17:44:20.160000;3;108533;1;1;9800.0000;1;1537.0000;None;16600.0000
13829;2023-03-13 17:44:20.160000;3;100606;1;1;6800.0000;1;1537.0000;None;16600.0000
13829;2023-03-13 17:44:20.160000;7;1207;1;1;0.0000;1;1537.0000;None;16600.0000
13831;2023-03-13 17:48:24.337000;1;103100;1;1;8800.0000;1;815.0000;None;8800.0000
13832;2023-03-13 17:49:38.520000;3;100606;1;1;6800.0000;1;630.0000;None;6800.0000
13833;2023-03-13 18:01:51.043000;2;108118;1;1;39800.0000;1;22463.0000;None;242600.0000
13833;2023-03-13 18:01:51.043000;2;108118;1;1;39800.0000;1;22463.0000;None;242600.0000
13833;2023-03-13 18:43:01.130000;2;108118;1;1;39800.0000;1;22463.0000;None;242600.0000
13833;2023-03-13 18:43:01.130000;2;108118;1;1;39800.0000;1;22463.0000;None;242600.0000
13833;2023-03-13 18:43:12.173000;1;103967;1;1;36800.0000;1;22463.0000;None;242600.0000
13833;2023-03-13 18:43:12.173000;7;1039;1;1;0.0000;1;22463.0000;None;242600.0000
13833;2023-03-13 19:21:14.857000;1;105421;1;1;19800.0000;1;22463.0000;None;242600.0000
13833;2023-03-13 19:21:28.140000;1;103214;1;1;26800.0000;1;22463.0000;None;242600.0000
13833;2023-03-13 19:21:28.140000;7;1135;1;1;0.0000;1;22463.0000;None;242600.0000
13834;2023-03-13 18:02:20.093000;2;101978;1;1;49800.0000;1;5241.0000;None;56600.0000
13834;2023-03-13 18:02:20.093000;7;1207;1;1;0.0000;1;5241.0000;None;56600.0000
13834;2023-03-13 18:02:20.093000;3;101216;1;1;6800.0000;1;5241.0000;None;56600.0000
13834;2023-03-13 18:02:20.093000;7;2009;1;1;0.0000;1;5241.0000;None;56600.0000
13835;2023-03-13 18:04:21.877000;3;101333;1;1;15800.0000;1;1722.0000;None;18600.0000
13835;2023-03-13 18:04:21.877000;1;106689;1;1;2800.0000;1;1722.0000;None;18600.0000
13836;2023-03-13 18:08:14.597000;3;200644;1;1;6800.0000;1;5537.0000;None;59800.0000
13836;2023-03-13 18:08:14.597000;1;101270;1;1;0.0000;1;5537.0000;None;59800.0000
13836;2023-03-13 18:16:17.497000;3;101333;1;1;15800.0000;1;5537.0000;None;59800.0000
13836;2023-03-13 18:16:17.497000;3;101333;1;1;15800.0000;1;5537.0000;None;59800.0000
13836;2023-03-13 18:16:17.497000;1;103895;1;1;9800.0000;1;5537.0000;None;59800.0000
13836;2023-03-13 18:16:17.497000;1;100590;1;1;5800.0000;1;5537.0000;None;59800.0000
13836;2023-03-13 18:28:31.597000;1;100590;1;1;5800.0000;1;5537.0000;None;59800.0000
13837;2023-03-13 18:08:27.457000;3;100614;1;1;5800.0000;1;8648.0000;None;93400.0000
13837;2023-03-13 18:08:27.457000;3;201269;1;1;6800.0000;1;8648.0000;None;93400.0000
13837;2023-03-13 18:08:27.457000;1;101270;1;1;0.0000;1;8648.0000;None;93400.0000
13837;2023-03-13 18:42:33.597000;1;104150;1;2;23600.0000;1;8648.0000;None;93400.0000
13837;2023-03-13 18:42:33.597000;1;104158;1;2;23600.0000;1;8648.0000;None;93400.0000
13837;2023-03-13 18:42:33.597000;7;1135;1;1;0.0000;1;8648.0000;None;93400.0000
13837;2023-03-13 18:42:43.213000;1;101257;1;1;26800.0000;1;8648.0000;None;93400.0000
13837;2023-03-13 18:42:43.213000;1;101503;1;1;0.0000;1;8648.0000;None;93400.0000
13837;2023-03-13 18:48:40.727000;3;201269;1;1;6800.0000;1;8648.0000;None;93400.0000
13837;2023-03-13 18:48:40.727000;1;101270;1;1;0.0000;1;8648.0000;None;93400.0000
13837;2023-03-13 18:48:40.727000;1;101270;1;1;0.0000;1;8648.0000;None;93400.0000
13838;2023-03-13 18:40:01.773000;1;103214;1;1;26800.0000;1;3648.0000;None;39400.0000
13838;2023-03-13 18:44:21.120000;3;100606;1;1;6800.0000;1;3648.0000;None;39400.0000
13838;2023-03-13 18:44:21.120000;3;100613;1;1;5800.0000;1;3648.0000;None;39400.0000
13838;2023-03-13 18:44:21.120000;7;2028;1;1;0.0000;1;3648.0000;None;39400.0000
13839;2023-03-13 18:46:11.110000;2;101728;1;1;33800.0000;1;3667.0000;None;39600.0000
13839;2023-03-13 18:46:11.110000;3;101231;1;1;5800.0000;1;3667.0000;None;39600.0000
13841;2023-03-13 18:55:29.137000;3;100606;1;1;6800.0000;1;2963.0000;None;32000.0000
13841;2023-03-13 18:55:29.137000;7;2009;1;1;0.0000;1;2963.0000;None;32000.0000
13841;2023-03-13 18:55:29.137000;3;100614;1;1;5800.0000;1;2963.0000;None;32000.0000
13841;2023-03-13 18:55:29.137000;1;100590;1;1;5800.0000;1;2963.0000;None;32000.0000
13841;2023-03-13 19:30:18.817000;3;201146;1;1;6800.0000;1;2963.0000;None;32000.0000
13841;2023-03-13 19:30:18.817000;3;200644;1;1;6800.0000;1;2963.0000;None;32000.0000
13841;2023-03-13 19:30:18.817000;1;101270;1;1;0.0000;1;2963.0000;None;32000.0000
13842;2023-03-13 19:04:39.057000;1;103252;1;1;17800.0000;1;None;None;64800.0000
13842;2023-03-13 19:04:39.057000;1;108006;1;1;0.0000;1;None;None;64800.0000
13842;2023-03-13 19:04:39.057000;1;102260;1;1;3800.0000;1;None;None;64800.0000
13842;2023-03-13 19:04:39.057000;1;103252;1;1;17800.0000;1;None;None;64800.0000
13842;2023-03-13 19:04:39.057000;1;108006;1;1;0.0000;1;None;None;64800.0000
13842;2023-03-13 19:04:39.057000;1;105603;1;1;3800.0000;1;None;None;64800.0000
13842;2023-03-13 19:04:39.070000;1;103252;1;1;17800.0000;1;None;None;64800.0000
13842;2023-03-13 19:04:39.070000;1;108006;1;1;0.0000;1;None;None;64800.0000
13842;2023-03-13 19:04:39.070000;1;108006;1;1;0.0000;1;None;None;64800.0000
13842;2023-03-13 19:04:39.070000;1;108006;1;1;0.0000;1;None;None;64800.0000
13842;2023-03-13 19:04:39.070000;1;105603;1;1;3800.0000;1;None;None;64800.0000
13842;2023-03-13 19:04:39.070000;7;1135;1;1;0.0000;1;None;None;64800.0000
13845;2023-03-13 19:13:40.033000;1;102813;1;1;3000.0000;1;2130.0000;None;23000.0000
13845;2023-03-13 19:13:40.033000;1;105281;1;1;20000.0000;1;2130.0000;None;23000.0000
13846;2023-03-13 19:25:32.973000;3;100606;1;1;6800.0000;1;1167.0000;None;12600.0000
13846;2023-03-13 19:25:32.973000;3;101231;1;1;5800.0000;1;1167.0000;None;12600.0000
13847;2023-03-13 19:27:36.727000;3;201211;1;1;6800.0000;1;2241.0000;None;24200.0000
13847;2023-03-13 19:27:36.727000;3;100614;1;1;5800.0000;1;2241.0000;None;24200.0000
13847;2023-03-13 19:56:06.233000;3;201211;1;1;6800.0000;1;2241.0000;None;24200.0000
13847;2023-03-13 20:08:46.133000;3;104554;1;1;4800.0000;1;2241.0000;None;24200.0000
13848;2023-03-13 19:33:38.133000;2;101728;1;1;33800.0000;1;6241.0000;None;67400.0000
13848;2023-03-13 19:33:38.133000;2;101727;1;1;30800.0000;1;6241.0000;None;67400.0000
13848;2023-03-13 19:38:05.507000;1;106689;1;1;2800.0000;1;6241.0000;None;67400.0000
13849;2023-03-13 19:42:21.767000;3;200644;1;1;6800.0000;1;12130.0000;None;131000.0000
13849;2023-03-13 19:42:21.767000;1;101270;1;1;0.0000;1;12130.0000;None;131000.0000
13849;2023-03-13 19:42:21.767000;3;200644;1;1;6800.0000;1;12130.0000;None;131000.0000
13849;2023-03-13 19:42:21.767000;1;101270;1;1;0.0000;1;12130.0000;None;131000.0000
13849;2023-03-13 19:42:21.767000;1;101270;1;1;0.0000;1;12130.0000;None;131000.0000
13849;2023-03-13 19:54:51.123000;1;103967;1;1;36800.0000;1;12130.0000;None;131000.0000
13849;2023-03-13 19:54:51.123000;1;104929;1;1;47800.0000;1;12130.0000;None;131000.0000
13849;2023-03-13 19:54:51.123000;7;1039;1;1;0.0000;1;12130.0000;None;131000.0000
13849;2023-03-13 19:54:51.123000;1;103652;1;1;32800.0000;1;12130.0000;None;131000.0000
13849;2023-03-13 19:54:51.123000;1;108006;1;1;0.0000;1;12130.0000;None;131000.0000
13850;2023-03-13 20:09:13.947000;1;101257;1;1;26800.0000;1;8389.0000;None;90600.0000
13850;2023-03-13 20:09:13.947000;8;101576;1;1;0.0000;1;8389.0000;None;90600.0000
13850;2023-03-13 20:09:13.947000;7;1011;1;1;0.0000;1;8389.0000;None;90600.0000
13850;2023-03-13 20:09:13.947000;1;101503;1;1;0.0000;1;8389.0000;None;90600.0000
13850;2023-03-13 20:09:13.947000;1;101261;1;1;35800.0000;1;8389.0000;None;90600.0000
13850;2023-03-13 20:09:13.947000;8;101576;1;1;0.0000;1;8389.0000;None;90600.0000
13850;2023-03-13 20:09:13.947000;7;1011;1;1;0.0000;1;8389.0000;None;90600.0000
13850;2023-03-13 20:09:13.947000;1;101503;1;1;0.0000;1;8389.0000;None;90600.0000
13850;2023-03-13 20:09:13.947000;1;102260;1;1;3800.0000;1;8389.0000;None;90600.0000
13850;2023-03-13 20:09:13.947000;7;1011;1;1;0.0000;1;8389.0000;None;90600.0000
13850;2023-03-13 20:09:13.947000;3;201211;1;1;6800.0000;1;8389.0000;None;90600.0000
13850;2023-03-13 20:09:13.947000;3;201211;1;1;6800.0000;1;8389.0000;None;90600.0000
13850;2023-03-13 20:09:13.947000;3;201211;1;1;6800.0000;1;8389.0000;None;90600.0000
13850;2023-03-13 20:18:45.937000;1;104698;1;1;3800.0000;1;8389.0000;None;90600.0000
26956;2023-03-13 09:33:34.080000;3;100614;1;1;5800.0000;1;537.0000;None;5800.0000
26957;2023-03-13 09:52:43.257000;3;100614;1;1;5800.0000;1;4685.0000;None;50600.0000
26957;2023-03-13 09:52:43.257000;3;101333;1;1;15800.0000;1;4685.0000;None;50600.0000
26957;2023-03-13 10:14:00.550000;1;101549;1;1;7800.0000;1;4685.0000;None;50600.0000
26957;2023-03-13 10:14:00.550000;1;102255;1;1;4800.0000;1;4685.0000;None;50600.0000
26957;2023-03-13 10:14:00.550000;3;100614;1;1;5800.0000;1;4685.0000;None;50600.0000
26957;2023-03-13 10:29:54.127000;3;100614;1;1;5800.0000;1;4685.0000;None;50600.0000
26957;2023-03-13 10:31:41.693000;3;102747;1;1;4800.0000;1;4685.0000;None;50600.0000
26957;2023-03-13 10:31:41.693000;7;1207;1;1;0.0000;1;4685.0000;None;50600.0000
26958;2023-03-13 09:55:28.890000;1;201545;1;1;27800.0000;1;6037.0000;None;65200.0000
26958;2023-03-13 09:55:28.890000;6;102629;3;1;0.0000;1;6037.0000;None;65200.0000
26958;2023-03-13 09:55:28.890000;6;100519;1;1;0.0000;1;6037.0000;None;65200.0000
26958;2023-03-13 09:55:28.890000;6;101491;1;1;0.0000;1;6037.0000;None;65200.0000
26958;2023-03-13 09:55:28.890000;1;106290;1;1;0.0000;1;6037.0000;None;65200.0000
26958;2023-03-13 09:55:28.890000;6;100522;1;1;0.0000;1;6037.0000;None;65200.0000
26958;2023-03-13 09:55:28.890000;1;103251;1;1;25800.0000;1;6037.0000;None;65200.0000
26958;2023-03-13 09:55:28.890000;1;108006;1;1;0.0000;1;6037.0000;None;65200.0000
26958;2023-03-13 10:00:32.693000;3;100614;1;1;5800.0000;1;6037.0000;None;65200.0000
26958;2023-03-13 10:16:02.523000;3;100614;1;1;5800.0000;1;6037.0000;None;65200.0000
26959;2023-03-13 10:08:46.297000;3;101231;1;1;5800.0000;1;2148.0000;None;23200.0000
26959;2023-03-13 10:11:55.833000;3;100614;1;1;5800.0000;1;2148.0000;None;23200.0000
26959;2023-03-13 11:03:30.060000;3;100614;1;1;5800.0000;1;2148.0000;None;23200.0000
26959;2023-03-13 11:50:44.507000;3;100596;1;1;5800.0000;1;2148.0000;None;23200.0000
26961;2023-03-13 10:17:46.140000;3;100606;1;1;6800.0000;1;2074.0000;None;22400.0000
26961;2023-03-13 10:17:46.140000;3;102102;1;1;9800.0000;1;2074.0000;None;22400.0000
26961;2023-03-13 10:17:46.140000;3;100614;1;1;5800.0000;1;2074.0000;None;22400.0000
26962;2023-03-13 10:19:52.923000;3;100606;1;2;13600.0000;1;2870.0000;None;31000.0000
26962;2023-03-13 10:20:45.583000;1;100590;1;1;5800.0000;1;2870.0000;None;31000.0000
26962;2023-03-13 10:46:47.447000;3;100614;1;1;5800.0000;1;2870.0000;None;31000.0000
26962;2023-03-13 10:51:40.903000;3;100614;1;1;5800.0000;1;2870.0000;None;31000.0000
26963;2023-03-13 10:38:47.140000;3;100596;1;1;5800.0000;1;537.0000;None;5800.0000
26964;2023-03-13 10:53:20.287000;3;100606;1;1;6800.0000;1;3722.0000;None;40200.0000
26964;2023-03-13 11:02:07.227000;3;100606;1;1;6800.0000;1;3722.0000;None;40200.0000
26964;2023-03-13 11:20:55.860000;3;200008;1;1;15800.0000;1;3722.0000;None;40200.0000
26964;2023-03-13 11:20:55.860000;1;101270;1;1;0.0000;1;3722.0000;None;40200.0000
26964;2023-03-13 11:20:55.860000;7;2002;1;1;0.0000;1;3722.0000;None;40200.0000
26964;2023-03-13 11:27:38.653000;3;102641;1;1;10800.0000;1;3722.0000;None;40200.0000
26965;2023-03-13 11:02:40.300000;3;101231;1;1;5800.0000;1;537.0000;None;5800.0000
26966;2023-03-13 11:07:58.700000;3;100606;1;2;13600.0000;1;1796.0000;None;19400.0000
26966;2023-03-13 11:13:50.990000;1;100590;1;1;5800.0000;1;1796.0000;None;19400.0000
26967;2023-03-13 11:15:19.367000;3;100606;1;1;6800.0000;1;1167.0000;None;12600.0000
26967;2023-03-13 11:15:19.367000;7;2009;1;1;0.0000;1;1167.0000;None;12600.0000
26967;2023-03-13 11:48:25.460000;3;100614;1;1;5800.0000;1;1167.0000;None;12600.0000
26967;2023-03-13 11:48:25.460000;7;2034;1;1;0.0000;1;1167.0000;None;12600.0000
26968;2023-03-13 11:18:54.753000;3;100614;1;2;11600.0000;1;1889.0000;None;20400.0000
26968;2023-03-13 11:23:53.567000;3;100607;1;1;6800.0000;1;1889.0000;None;20400.0000
26968;2023-03-13 11:23:53.567000;6;105082;1;1;2000.0000;1;1889.0000;None;20400.0000
26969;2023-03-13 11:53:44.870000;3;101231;1;2;11600.0000;1;1611.0000;None;17400.0000
26969;2023-03-13 11:59:54.087000;3;100614;1;1;5800.0000;1;1611.0000;None;17400.0000
26970;2023-03-13 12:22:52.623000;3;202134;1;1;9800.0000;1;15593.0000;None;168400.0000
26970;2023-03-13 12:22:52.623000;7;2002;1;1;0.0000;1;15593.0000;None;168400.0000
26970;2023-03-13 12:53:51.683000;1;103763;1;1;14800.0000;1;15593.0000;None;168400.0000
26970;2023-03-13 13:05:40.540000;1;104929;1;1;47800.0000;1;15593.0000;None;168400.0000
26970;2023-03-13 13:05:40.540000;7;1039;1;1;0.0000;1;15593.0000;None;168400.0000
26970;2023-03-13 13:05:40.540000;1;103652;1;1;32800.0000;1;15593.0000;None;168400.0000
26970;2023-03-13 13:05:40.540000;1;108006;1;1;0.0000;1;15593.0000;None;168400.0000
26970;2023-03-13 13:05:40.540000;7;1039;1;1;0.0000;1;15593.0000;None;168400.0000
26970;2023-03-13 13:20:03.240000;1;103624;1;1;43800.0000;1;15593.0000;None;168400.0000
26970;2023-03-13 13:20:03.240000;1;108005;1;1;0.0000;1;15593.0000;None;168400.0000
26970;2023-03-13 13:20:03.240000;3;201211;1;2;13600.0000;1;15593.0000;None;168400.0000
26970;2023-03-13 13:20:03.240000;7;2008;1;3;0.0000;1;15593.0000;None;168400.0000
26970;2023-03-13 13:40:08.667000;3;101231;1;1;5800.0000;1;15593.0000;None;168400.0000
26970;2023-03-13 13:40:08.667000;7;2008;1;2;0.0000;1;15593.0000;None;168400.0000
26971;2023-03-13 12:30:21.083000;1;109555;1;1;9800.0000;1;2704.0000;None;29200.0000
26971;2023-03-13 12:30:21.083000;1;104174;1;1;6800.0000;1;2704.0000;None;29200.0000
26971;2023-03-13 12:36:57.850000;3;100614;1;1;5800.0000;1;2704.0000;None;29200.0000
26971;2023-03-13 12:36:57.850000;3;100607;1;1;6800.0000;1;2704.0000;None;29200.0000
26971;2023-03-13 12:36:57.850000;7;2009;1;1;0.0000;1;2704.0000;None;29200.0000
26972;2023-03-13 13:07:43.797000;1;101261;1;1;35800.0000;1;9352.0000;None;101000.0000
26972;2023-03-13 13:07:43.797000;8;101576;1;1;0.0000;1;9352.0000;None;101000.0000
26972;2023-03-13 13:07:43.797000;1;101503;1;1;0.0000;1;9352.0000;None;101000.0000
26972;2023-03-13 13:07:43.797000;1;102260;1;1;3800.0000;1;9352.0000;None;101000.0000
26972;2023-03-13 13:07:43.797000;3;101231;1;2;11600.0000;1;9352.0000;None;101000.0000
26972;2023-03-13 13:29:26.613000;1;103587;1;1;49800.0000;1;9352.0000;None;101000.0000
26972;2023-03-13 13:29:26.613000;1;101503;1;1;0.0000;1;9352.0000;None;101000.0000
26973;2023-03-13 13:21:58.770000;3;102102;1;1;9800.0000;1;1444.0000;None;15600.0000
26973;2023-03-13 13:21:58.770000;3;100614;1;1;5800.0000;1;1444.0000;None;15600.0000
26974;2023-03-13 13:40:51.017000;3;104554;1;2;9600.0000;1;5926.0000;None;64000.0000
26974;2023-03-13 14:21:31.697000;3;102630;1;1;8800.0000;1;5926.0000;None;64000.0000
26974;2023-03-13 14:21:31.697000;3;101231;1;1;5800.0000;1;5926.0000;None;64000.0000
26974;2023-03-13 14:22:56.023000;3;104554;1;1;4800.0000;1;5926.0000;None;64000.0000
26974;2023-03-13 16:14:03.160000;3;100614;1;1;5800.0000;1;5926.0000;None;64000.0000
26974;2023-03-13 16:16:08.587000;3;102630;1;1;8800.0000;1;5926.0000;None;64000.0000
26974;2023-03-13 16:07:37.980000;3;100614;1;1;5800.0000;1;5926.0000;None;64000.0000
26974;2023-03-13 17:05:15.780000;3;102630;1;1;8800.0000;1;5926.0000;None;64000.0000
26974;2023-03-13 17:10:35.930000;3;100614;1;1;5800.0000;1;5926.0000;None;64000.0000
26975;2023-03-13 14:18:20.300000;3;100607;1;1;6800.0000;1;1259.0000;None;13600.0000
26975;2023-03-13 14:18:20.300000;3;100606;1;1;6800.0000;1;1259.0000;None;13600.0000
26975;2023-03-13 14:18:20.300000;7;2009;1;2;0.0000;1;1259.0000;None;13600.0000
26976;2023-03-13 14:52:54.567000;3;100606;1;1;6800.0000;1;1259.0000;None;13600.0000
26976;2023-03-13 15:14:42.087000;3;201146;1;1;6800.0000;1;1259.0000;None;13600.0000
26977;2023-03-13 15:28:32.733000;3;100606;1;2;13600.0000;1;1259.0000;None;13600.0000
26978;2023-03-13 15:51:14.127000;3;100606;1;2;13600.0000;1;1889.0000;None;20400.0000
26978;2023-03-13 15:51:14.127000;3;200644;1;1;6800.0000;1;1889.0000;None;20400.0000
26978;2023-03-13 15:51:14.127000;7;2065;1;2;0.0000;1;1889.0000;None;20400.0000
26980;2023-03-13 16:30:26.290000;3;101333;1;1;15800.0000;1;9333.0000;None;100800.0000
26980;2023-03-13 16:30:26.290000;3;101219;1;1;10800.0000;1;9333.0000;None;100800.0000
26980;2023-03-13 16:30:26.290000;3;102653;1;2;9600.0000;1;9333.0000;None;100800.0000
26980;2023-03-13 16:30:26.290000;2;102593;1;1;24800.0000;1;9333.0000;None;100800.0000
26980;2023-03-13 16:30:26.290000;1;103296;1;1;39800.0000;1;9333.0000;None;100800.0000
26980;2023-03-13 16:30:26.290000;1;108005;1;1;0.0000;1;9333.0000;None;100800.0000
26981;2023-03-13 16:37:32.623000;3;101216;1;3;20400.0000;1;3222.0000;None;34800.0000
26981;2023-03-13 16:37:32.623000;7;2009;1;1;0.0000;1;3222.0000;None;34800.0000
26981;2023-03-13 16:37:32.623000;7;2009;1;1;0.0000;1;3222.0000;None;34800.0000
26981;2023-03-13 16:37:32.623000;7;2009;1;1;0.0000;1;3222.0000;None;34800.0000
26981;2023-03-13 17:03:05.827000;3;104554;1;1;4800.0000;1;3222.0000;None;34800.0000
26981;2023-03-13 17:03:05.827000;3;104554;1;1;4800.0000;1;3222.0000;None;34800.0000
26981;2023-03-13 17:03:05.827000;3;104554;1;1;4800.0000;1;3222.0000;None;34800.0000
26982;2023-03-13 17:00:50.723000;3;100606;1;1;6800.0000;1;3907.0000;None;42200.0000
26982;2023-03-13 17:00:50.723000;7;2009;1;1;0.0000;1;3907.0000;None;42200.0000
26982;2023-03-13 17:00:50.723000;3;101231;1;1;5800.0000;1;3907.0000;None;42200.0000
26982;2023-03-13 17:55:12.227000;2;201615;1;1;14800.0000;1;3907.0000;None;42200.0000
26982;2023-03-13 17:55:12.227000;2;201615;1;1;14800.0000;1;3907.0000;None;42200.0000
26983;2023-03-13 17:11:13.590000;1;101069;1;1;2800.0000;1;259.0000;None;2800.0000
26984;2023-03-13 17:15:25.860000;3;202708;1;1;7800.0000;1;3333.0000;None;36000.0000
26984;2023-03-13 17:22:57.733000;3;102624;1;1;7800.0000;1;3333.0000;None;36000.0000
26984;2023-03-13 17:42:34.957000;3;201146;1;1;6800.0000;1;3333.0000;None;36000.0000
26984;2023-03-13 18:15:58.197000;3;101231;1;1;5800.0000;1;3333.0000;None;36000.0000
26984;2023-03-13 18:15:58.197000;3;202708;1;1;7800.0000;1;3333.0000;None;36000.0000
26985;2023-03-13 17:21:51.583000;3;108531;1;1;7800.0000;1;1981.0000;None;21400.0000
26985;2023-03-13 17:21:51.583000;7;2057;1;1;0.0000;1;1981.0000;None;21400.0000
26985;2023-03-13 17:21:51.583000;3;108531;1;1;7800.0000;1;1981.0000;None;21400.0000
26985;2023-03-13 17:21:51.583000;7;2057;1;1;0.0000;1;1981.0000;None;21400.0000
26985;2023-03-13 17:31:00.177000;3;100614;1;1;5800.0000;1;1981.0000;None;21400.0000
26986;2023-03-13 17:22:13.633000;1;103587;1;1;49800.0000;1;6333.0000;None;68400.0000
26986;2023-03-13 17:22:13.633000;1;101503;1;1;0.0000;1;6333.0000;None;68400.0000
26986;2023-03-13 17:22:13.633000;3;201269;1;1;6800.0000;1;6333.0000;None;68400.0000
26986;2023-03-13 17:22:13.633000;1;101270;1;1;0.0000;1;6333.0000;None;68400.0000
26986;2023-03-13 17:34:36.087000;3;108533;1;1;9800.0000;1;6333.0000;None;68400.0000
26986;2023-03-13 17:34:36.087000;6;105082;1;1;2000.0000;1;6333.0000;None;68400.0000
26987;2023-03-13 17:31:54.673000;3;100614;1;1;5800.0000;1;981.0000;None;10600.0000
26987;2023-03-13 17:31:54.673000;3;104554;1;1;4800.0000;1;981.0000;None;10600.0000
26988;2023-03-13 17:46:58.380000;2;101709;1;1;28800.0000;1;10667.0000;None;115200.0000
26988;2023-03-13 17:46:58.380000;7;2002;1;1;0.0000;1;10667.0000;None;115200.0000
26988;2023-03-13 17:46:58.380000;2;101709;1;1;28800.0000;1;10667.0000;None;115200.0000
26988;2023-03-13 17:46:58.380000;7;2002;1;1;0.0000;1;10667.0000;None;115200.0000
26988;2023-03-13 18:12:17.377000;2;101709;1;1;28800.0000;1;10667.0000;None;115200.0000
26988;2023-03-13 18:12:17.377000;7;2002;1;1;0.0000;1;10667.0000;None;115200.0000
26988;2023-03-13 18:12:17.377000;2;101709;1;1;28800.0000;1;10667.0000;None;115200.0000
26988;2023-03-13 18:12:17.377000;7;2002;1;1;0.0000;1;10667.0000;None;115200.0000
26989;2023-03-13 18:03:09.760000;3;100606;1;1;6800.0000;1;630.0000;None;6800.0000
26990;2023-03-13 18:22:38.247000;1;104150;1;1;11800.0000;1;4704.0000;None;50800.0000
26990;2023-03-13 18:22:38.247000;1;104171;1;1;12800.0000;1;4704.0000;None;50800.0000
26990;2023-03-13 18:24:16.800000;3;100606;1;2;13600.0000;1;4704.0000;None;50800.0000
26990;2023-03-13 18:24:16.800000;7;2009;1;1;0.0000;1;4704.0000;None;50800.0000
26990;2023-03-13 18:24:16.800000;7;2009;1;1;0.0000;1;4704.0000;None;50800.0000
26990;2023-03-13 19:22:59.737000;3;201958;1;1;6800.0000;1;4704.0000;None;50800.0000
26990;2023-03-13 19:22:59.737000;3;100614;1;1;5800.0000;1;4704.0000;None;50800.0000
26991;2023-03-13 18:29:39.827000;3;101333;1;1;15800.0000;1;3537.0000;None;38200.0000
26991;2023-03-13 18:29:39.827000;3;100607;1;1;6800.0000;1;3537.0000;None;38200.0000
26991;2023-03-13 18:29:39.827000;7;2009;1;1;0.0000;1;3537.0000;None;38200.0000
26991;2023-03-13 18:36:32.737000;1;103992;1;1;6800.0000;1;3537.0000;None;38200.0000
26991;2023-03-13 18:36:32.737000;1;100625;1;1;8800.0000;1;3537.0000;None;38200.0000
26992;2023-03-13 18:45:15.790000;3;100606;1;1;6800.0000;1;630.0000;None;6800.0000
26993;2023-03-13 18:45:43.743000;2;101709;1;1;28800.0000;1;8000.0000;None;86400.0000
26993;2023-03-13 18:45:43.743000;7;2002;1;1;0.0000;1;8000.0000;None;86400.0000
26993;2023-03-13 18:49:41.420000;2;101709;1;1;28800.0000;1;8000.0000;None;86400.0000
26993;2023-03-13 19:44:49.920000;2;101709;1;1;28800.0000;1;8000.0000;None;86400.0000
26993;2023-03-13 19:44:49.920000;7;2002;1;1;0.0000;1;8000.0000;None;86400.0000
26994;2023-03-13 18:52:55.907000;2;101709;1;1;28800.0000;1;16537.0000;None;178600.0000
26994;2023-03-13 18:52:55.907000;7;2002;1;1;0.0000;1;16537.0000;None;178600.0000
26994;2023-03-13 18:52:55.907000;3;201146;1;1;6800.0000;1;16537.0000;None;178600.0000
26994;2023-03-13 19:13:19.757000;2;101709;1;1;28800.0000;1;16537.0000;None;178600.0000
26994;2023-03-13 19:13:19.757000;7;2002;1;1;0.0000;1;16537.0000;None;178600.0000
26994;2023-03-13 19:13:19.757000;6;105520;1;1;0.0000;1;16537.0000;None;178600.0000
26994;2023-03-13 19:28:15.670000;3;201958;1;1;6800.0000;1;16537.0000;None;178600.0000
26994;2023-03-13 19:30:27.710000;1;103587;1;1;49800.0000;1;16537.0000;None;178600.0000
26994;2023-03-13 19:30:27.710000;1;101503;1;1;0.0000;1;16537.0000;None;178600.0000
26994;2023-03-13 19:39:14.347000;2;101709;1;1;28800.0000;1;16537.0000;None;178600.0000
26994;2023-03-13 19:39:14.347000;7;2002;1;1;0.0000;1;16537.0000;None;178600.0000
26994;2023-03-13 20:10:46.133000;2;101709;1;1;28800.0000;1;16537.0000;None;178600.0000
26994;2023-03-13 20:10:46.133000;7;2002;1;1;0.0000;1;16537.0000;None;178600.0000
26995;2023-03-13 18:56:16.427000;3;200644;1;1;6800.0000;1;630.0000;None;6800.0000
26995;2023-03-13 18:56:16.427000;7;2002;1;1;0.0000;1;630.0000;None;6800.0000
26995;2023-03-13 18:56:16.427000;1;101270;1;1;0.0000;1;630.0000;None;6800.0000
26996;2023-03-13 19:06:41.070000;1;103166;1;1;19800.0000;1;1833.0000;None;19800.0000
26997;2023-03-13 19:24:16.617000;3;101231;1;2;11600.0000;1;1074.0000;None;11600.0000
26998;2023-03-13 20:14:33.107000;2;101709;1;1;28800.0000;1;2667.0000;None;28800.0000
26998;2023-03-13 20:14:33.107000;7;2002;1;1;0.0000;1;2667.0000;None;28800.0000
