742;2023-03-09 13:28:25.173000;1;202572;1;1;5500.0000;1;None;None;5500.0000
12586;2023-03-09 12:27:36.237000;6;106272;1;1;0.0000;1;42056.0000;None;454200.0000
12586;2023-03-09 12:27:36.237000;1;101046;1;1;44800.0000;1;42056.0000;None;454200.0000
12586;2023-03-09 12:27:36.237000;1;102053;1;1;34800.0000;1;42056.0000;None;454200.0000
12586;2023-03-09 12:27:36.237000;7;1001;1;1;0.0000;1;42056.0000;None;454200.0000
12586;2023-03-09 12:27:36.237000;1;103818;1;1;109800.0000;1;42056.0000;None;454200.0000
12586;2023-03-09 12:27:36.237000;1;103818;1;1;109800.0000;1;42056.0000;None;454200.0000
12586;2023-03-09 12:27:36.237000;1;104893;1;1;129800.0000;1;42056.0000;None;454200.0000
12586;2023-03-09 12:27:36.237000;3;200644;1;1;6800.0000;1;42056.0000;None;454200.0000
12586;2023-03-09 12:27:36.237000;3;101641;1;1;0.0000;1;42056.0000;None;454200.0000
12586;2023-03-09 12:27:36.237000;3;201146;1;1;6800.0000;1;42056.0000;None;454200.0000
12586;2023-03-09 12:27:36.237000;3;101641;1;1;0.0000;1;42056.0000;None;454200.0000
12586;2023-03-09 12:27:36.237000;3;102750;1;1;5800.0000;1;42056.0000;None;454200.0000
12586;2023-03-09 12:27:36.237000;7;2072;1;1;0.0000;1;42056.0000;None;454200.0000
12586;2023-03-09 13:17:12.330000;3;102749;1;1;5800.0000;1;42056.0000;None;454200.0000
12587;2023-03-09 12:47:46.267000;6;106272;1;1;0.0000;1;12667.0000;None;136800.0000
12587;2023-03-09 12:47:46.267000;3;201237;1;3;20400.0000;1;12667.0000;None;136800.0000
12587;2023-03-09 12:47:46.267000;7;2042;1;1;0.0000;1;12667.0000;None;136800.0000
12587;2023-03-09 12:47:46.267000;7;2042;1;1;0.0000;1;12667.0000;None;136800.0000
12587;2023-03-09 12:47:46.267000;7;2042;1;1;0.0000;1;12667.0000;None;136800.0000
12587;2023-03-09 12:47:46.267000;1;107053;1;1;38800.0000;1;12667.0000;None;136800.0000
12587;2023-03-09 12:47:46.267000;1;107053;1;1;38800.0000;1;12667.0000;None;136800.0000
12587;2023-03-09 12:47:46.267000;1;107053;1;1;38800.0000;1;12667.0000;None;136800.0000
12588;2023-03-09 13:08:26.923000;6;106272;1;1;0.0000;1;49889.0000;None;538800.0000
12588;2023-03-09 13:08:26.923000;6;106272;1;1;0.0000;1;49889.0000;None;538800.0000
12588;2023-03-09 13:08:26.923000;3;200644;1;1;6800.0000;1;49889.0000;None;538800.0000
12588;2023-03-09 13:08:26.923000;3;101641;1;1;0.0000;1;49889.0000;None;538800.0000
12588;2023-03-09 13:22:07.633000;1;101046;1;1;44800.0000;1;49889.0000;None;538800.0000
12588;2023-03-09 13:22:07.633000;1;101046;1;1;44800.0000;1;49889.0000;None;538800.0000
12588;2023-03-09 13:22:07.633000;7;1007;1;1;0.0000;1;49889.0000;None;538800.0000
12588;2023-03-09 13:22:07.633000;7;1007;1;1;0.0000;1;49889.0000;None;538800.0000
12588;2023-03-09 13:22:07.633000;7;1001;1;1;0.0000;1;49889.0000;None;538800.0000
12588;2023-03-09 13:22:07.633000;1;107008;1;1;57800.0000;1;49889.0000;None;538800.0000
12588;2023-03-09 13:22:07.633000;1;101552;1;1;0.0000;1;49889.0000;None;538800.0000
12588;2023-03-09 13:22:07.633000;6;101604;1;1;0.0000;1;49889.0000;None;538800.0000
12588;2023-03-09 13:22:07.633000;7;1002;1;1;0.0000;1;49889.0000;None;538800.0000
12588;2023-03-09 13:22:07.633000;1;107008;1;1;57800.0000;1;49889.0000;None;538800.0000
12588;2023-03-09 13:22:07.633000;7;1003;2;1;0.0000;1;49889.0000;None;538800.0000
12588;2023-03-09 13:22:07.633000;6;101477;1;1;0.0000;1;49889.0000;None;538800.0000
12588;2023-03-09 13:22:07.633000;7;1135;1;1;0.0000;1;49889.0000;None;538800.0000
12588;2023-03-09 13:22:07.633000;1;107008;1;1;57800.0000;1;49889.0000;None;538800.0000
12588;2023-03-09 13:22:07.633000;1;101433;1;1;0.0000;1;49889.0000;None;538800.0000
12588;2023-03-09 13:22:07.633000;6;101589;1;1;0.0000;1;49889.0000;None;538800.0000
12588;2023-03-09 13:22:07.633000;7;1003;2;1;0.0000;1;49889.0000;None;538800.0000
12588;2023-03-09 13:22:07.633000;1;107004;1;1;52800.0000;1;49889.0000;None;538800.0000
12588;2023-03-09 13:22:07.633000;1;101433;1;1;0.0000;1;49889.0000;None;538800.0000
12588;2023-03-09 13:22:07.633000;6;101477;1;1;0.0000;1;49889.0000;None;538800.0000
12588;2023-03-09 13:22:07.633000;7;1135;1;1;0.0000;1;49889.0000;None;538800.0000
12588;2023-03-09 13:22:07.633000;1;107004;1;1;52800.0000;1;49889.0000;None;538800.0000
12588;2023-03-09 13:22:07.633000;1;101433;1;1;0.0000;1;49889.0000;None;538800.0000
12588;2023-03-09 13:22:07.633000;7;1003;2;1;0.0000;1;49889.0000;None;538800.0000
12588;2023-03-09 13:22:07.633000;6;101604;1;1;0.0000;1;49889.0000;None;538800.0000
12588;2023-03-09 13:22:07.633000;1;107002;1;1;69800.0000;1;49889.0000;None;538800.0000
12588;2023-03-09 13:22:07.633000;1;101433;1;1;0.0000;1;49889.0000;None;538800.0000
12588;2023-03-09 13:22:07.633000;6;101477;1;1;0.0000;1;49889.0000;None;538800.0000
12588;2023-03-09 13:22:07.633000;7;1135;1;1;0.0000;1;49889.0000;None;538800.0000
12588;2023-03-09 13:22:07.633000;1;107008;1;1;57800.0000;1;49889.0000;None;538800.0000
12588;2023-03-09 13:22:07.633000;1;101522;1;1;0.0000;1;49889.0000;None;538800.0000
12588;2023-03-09 13:22:07.633000;6;101477;1;1;0.0000;1;49889.0000;None;538800.0000
12588;2023-03-09 13:22:07.633000;7;1004;1;1;0.0000;1;49889.0000;None;538800.0000
12588;2023-03-09 13:23:00.047000;3;201237;1;1;6800.0000;1;49889.0000;None;538800.0000
12588;2023-03-09 13:24:35.257000;3;102747;1;2;9600.0000;1;49889.0000;None;538800.0000
12588;2023-03-09 13:24:35.257000;7;2072;1;1;0.0000;1;49889.0000;None;538800.0000
12588;2023-03-09 13:24:35.257000;7;2072;1;1;0.0000;1;49889.0000;None;538800.0000
12588;2023-03-09 13:24:35.257000;3;201211;1;1;6800.0000;1;49889.0000;None;538800.0000
12588;2023-03-09 13:24:35.257000;3;100614;1;1;5800.0000;1;49889.0000;None;538800.0000
12588;2023-03-09 13:24:35.257000;3;200644;1;1;6800.0000;1;49889.0000;None;538800.0000
12588;2023-03-09 13:24:35.257000;3;101641;1;1;0.0000;1;49889.0000;None;538800.0000
12588;2023-03-09 13:49:45.660000;7;1204;1;1;0.0000;1;49889.0000;None;538800.0000
12588;2023-03-09 13:49:45.660000;7;1204;1;1;0.0000;1;49889.0000;None;538800.0000
12588;2023-03-09 13:49:45.660000;7;1204;1;1;0.0000;1;49889.0000;None;538800.0000
12588;2023-03-09 13:49:45.660000;7;1204;1;1;0.0000;1;49889.0000;None;538800.0000
12588;2023-03-09 13:49:45.660000;7;1204;1;1;0.0000;1;49889.0000;None;538800.0000
12589;2023-03-09 13:18:27.067000;6;106272;1;1;0.0000;1;17685.0000;None;191000.0000
12589;2023-03-09 13:18:27.067000;1;103771;1;1;17800.0000;1;17685.0000;None;191000.0000
12589;2023-03-09 13:18:27.067000;7;1135;1;1;0.0000;1;17685.0000;None;191000.0000
12589;2023-03-09 13:18:27.067000;7;1001;1;1;0.0000;1;17685.0000;None;191000.0000
12589;2023-03-09 13:18:27.067000;1;103171;1;1;28800.0000;1;17685.0000;None;191000.0000
12589;2023-03-09 13:18:27.067000;7;1135;1;1;0.0000;1;17685.0000;None;191000.0000
12589;2023-03-09 13:18:27.067000;1;104206;1;1;16800.0000;1;17685.0000;None;191000.0000
12589;2023-03-09 13:18:27.067000;7;1101;1;1;0.0000;1;17685.0000;None;191000.0000
12589;2023-03-09 13:18:27.067000;7;1135;1;1;0.0000;1;17685.0000;None;191000.0000
12589;2023-03-09 13:18:27.067000;1;102141;1;1;3800.0000;1;17685.0000;None;191000.0000
12589;2023-03-09 13:18:27.067000;1;104294;1;1;69800.0000;1;17685.0000;None;191000.0000
12589;2023-03-09 13:18:27.067000;7;1026;1;1;0.0000;1;17685.0000;None;191000.0000
12589;2023-03-09 13:18:27.067000;6;101589;1;1;0.0000;1;17685.0000;None;191000.0000
12589;2023-03-09 13:18:27.067000;1;101433;1;1;0.0000;1;17685.0000;None;191000.0000
12589;2023-03-09 13:18:27.067000;7;1135;1;1;0.0000;1;17685.0000;None;191000.0000
12589;2023-03-09 13:18:27.067000;1;105188;1;1;31800.0000;1;17685.0000;None;191000.0000
12589;2023-03-09 13:18:27.067000;1;102260;1;1;3800.0000;1;17685.0000;None;191000.0000
12589;2023-03-09 13:18:27.067000;3;201146;1;1;6800.0000;1;17685.0000;None;191000.0000
12589;2023-03-09 13:18:27.067000;7;2050;1;1;0.0000;1;17685.0000;None;191000.0000
12589;2023-03-09 13:18:27.067000;3;101641;1;1;0.0000;1;17685.0000;None;191000.0000
12589;2023-03-09 13:18:27.067000;3;201146;1;1;6800.0000;1;17685.0000;None;191000.0000
12589;2023-03-09 13:18:27.067000;7;2050;1;1;0.0000;1;17685.0000;None;191000.0000
12589;2023-03-09 13:18:27.067000;3;101641;1;1;0.0000;1;17685.0000;None;191000.0000
12589;2023-03-09 13:18:27.067000;3;102747;1;1;4800.0000;1;17685.0000;None;191000.0000
12589;2023-03-09 13:18:27.067000;7;2042;1;1;0.0000;1;17685.0000;None;191000.0000
12589;2023-03-09 13:18:27.067000;7;2072;1;1;0.0000;1;17685.0000;None;191000.0000
12589;2023-03-09 13:33:26.273000;7;1204;1;1;0.0000;1;17685.0000;None;191000.0000
12589;2023-03-09 13:33:26.273000;7;1204;1;1;0.0000;1;17685.0000;None;191000.0000
12590;2023-03-09 13:43:58.530000;3;201146;1;1;6800.0000;1;8722.0000;None;94200.0000
12590;2023-03-09 13:43:58.530000;3;201269;1;1;6800.0000;1;8722.0000;None;94200.0000
12590;2023-03-09 13:43:58.530000;3;201237;1;1;6800.0000;1;8722.0000;None;94200.0000
12590;2023-03-09 15:55:10.860000;3;108531;1;1;7800.0000;1;8722.0000;None;94200.0000
12590;2023-03-09 15:55:10.860000;7;2056;1;1;0.0000;1;8722.0000;None;94200.0000
12590;2023-03-09 15:55:10.860000;3;100606;1;1;6800.0000;1;8722.0000;None;94200.0000
12590;2023-03-09 16:16:57.907000;3;100607;1;1;6800.0000;1;8722.0000;None;94200.0000
12590;2023-03-09 16:16:57.907000;3;100607;1;1;6800.0000;1;8722.0000;None;94200.0000
12590;2023-03-09 16:40:45.080000;3;100606;1;1;6800.0000;1;8722.0000;None;94200.0000
12590;2023-03-09 16:40:45.080000;3;100606;1;1;6800.0000;1;8722.0000;None;94200.0000
12590;2023-03-09 18:18:34.040000;3;100606;1;3;20400.0000;1;8722.0000;None;94200.0000
12590;2023-03-09 19:48:56.943000;3;100614;1;1;5800.0000;1;8722.0000;None;94200.0000
12590;2023-03-09 19:48:56.943000;3;100614;1;1;5800.0000;1;8722.0000;None;94200.0000
12592;2023-03-09 19:02:27.840000;6;106272;1;1;0.0000;1;38834.0000;None;419400.0000
12592;2023-03-09 19:02:27.840000;3;200644;1;1;6800.0000;1;38834.0000;None;419400.0000
12592;2023-03-09 19:02:27.840000;7;2042;1;1;0.0000;1;38834.0000;None;419400.0000
12592;2023-03-09 19:02:27.840000;2;101722;1;1;28800.0000;1;38834.0000;None;419400.0000
12592;2023-03-09 19:02:27.840000;2;101709;1;1;28800.0000;1;38834.0000;None;419400.0000
12592;2023-03-09 19:02:27.840000;6;102629;1;1;0.0000;1;38834.0000;None;419400.0000
12592;2023-03-09 19:02:27.840000;2;101709;1;1;28800.0000;1;38834.0000;None;419400.0000
12592;2023-03-09 19:02:27.840000;6;102629;1;1;0.0000;1;38834.0000;None;419400.0000
12592;2023-03-09 19:02:27.840000;7;1207;1;1;0.0000;1;38834.0000;None;419400.0000
12592;2023-03-09 19:10:21.163000;1;108071;1;1;85800.0000;1;38834.0000;None;419400.0000
12592;2023-03-09 19:44:06.077000;1;103192;1;1;69800.0000;1;38834.0000;None;419400.0000
12592;2023-03-09 19:44:06.077000;7;1135;1;1;0.0000;1;38834.0000;None;419400.0000
12592;2023-03-09 19:44:06.077000;6;109655;1;1;0.0000;1;38834.0000;None;419400.0000
12592;2023-03-09 19:44:06.077000;1;104719;1;1;39800.0000;1;38834.0000;None;419400.0000
12592;2023-03-09 19:44:06.077000;7;1135;1;1;0.0000;1;38834.0000;None;419400.0000
12592;2023-03-09 19:44:06.077000;1;101433;1;1;0.0000;1;38834.0000;None;419400.0000
12592;2023-03-09 19:44:31.970000;2;101722;1;1;28800.0000;1;38834.0000;None;419400.0000
12592;2023-03-09 20:29:14.727000;2;101709;1;1;28800.0000;1;38834.0000;None;419400.0000
12592;2023-03-09 20:29:14.727000;6;102629;1;1;0.0000;1;38834.0000;None;419400.0000
12592;2023-03-09 20:29:14.727000;7;2010;1;1;0.0000;1;38834.0000;None;419400.0000
12592;2023-03-09 20:49:39.060000;2;101722;1;1;28800.0000;1;38834.0000;None;419400.0000
12592;2023-03-09 21:24:20.273000;2;101709;1;1;28800.0000;1;38834.0000;None;419400.0000
12592;2023-03-09 21:24:20.273000;7;2010;1;1;0.0000;1;38834.0000;None;419400.0000
12592;2023-03-09 21:24:20.273000;6;102629;1;1;0.0000;1;38834.0000;None;419400.0000
12592;2023-03-09 22:05:52.340000;3;100614;1;1;5800.0000;1;38834.0000;None;419400.0000
12592;2023-03-09 22:05:52.340000;3;102102;1;1;9800.0000;1;38834.0000;None;419400.0000
12593;2023-03-09 19:16:29.220000;6;106272;1;1;0.0000;1;42815.0000;None;462400.0000
12593;2023-03-09 19:16:29.220000;3;201269;1;1;6800.0000;1;42815.0000;None;462400.0000
12593;2023-03-09 19:16:29.220000;3;101641;1;1;0.0000;1;42815.0000;None;462400.0000
12593;2023-03-09 19:21:43.007000;2;201615;1;1;14800.0000;1;42815.0000;None;462400.0000
12593;2023-03-09 19:39:07.610000;1;100967;1;1;24800.0000;1;42815.0000;None;462400.0000
12593;2023-03-09 19:39:07.610000;1;101291;1;1;26800.0000;1;42815.0000;None;462400.0000
12593;2023-03-09 20:16:35.943000;2;200480;1;1;12800.0000;1;42815.0000;None;462400.0000
12593;2023-03-09 20:33:59.593000;1;102424;1;1;52800.0000;1;42815.0000;None;462400.0000
12593;2023-03-09 20:53:00.223000;1;104893;1;1;129800.0000;1;42815.0000;None;462400.0000
12593;2023-03-09 20:53:00.223000;7;1006;1;1;0.0000;1;42815.0000;None;462400.0000
12593;2023-03-09 20:53:00.223000;6;101589;1;1;0.0000;1;42815.0000;None;462400.0000
12593;2023-03-09 20:53:00.223000;1;101522;1;1;0.0000;1;42815.0000;None;462400.0000
12593;2023-03-09 20:53:00.223000;1;104294;1;1;69800.0000;1;42815.0000;None;462400.0000
12593;2023-03-09 20:53:00.223000;7;1026;1;1;0.0000;1;42815.0000;None;462400.0000
12593;2023-03-09 20:53:00.223000;6;101589;1;1;0.0000;1;42815.0000;None;462400.0000
12593;2023-03-09 20:53:00.223000;1;101433;1;1;0.0000;1;42815.0000;None;462400.0000
12593;2023-03-09 20:53:00.223000;1;107002;1;1;69800.0000;1;42815.0000;None;462400.0000
12593;2023-03-09 20:53:00.223000;7;1006;1;1;0.0000;1;42815.0000;None;462400.0000
12593;2023-03-09 20:53:00.223000;6;101604;1;1;0.0000;1;42815.0000;None;462400.0000
12593;2023-03-09 20:53:00.223000;1;101433;1;1;0.0000;1;42815.0000;None;462400.0000
12593;2023-03-09 20:53:14.327000;7;1204;1;1;0.0000;1;42815.0000;None;462400.0000
12593;2023-03-09 20:53:14.327000;7;1204;1;1;0.0000;1;42815.0000;None;462400.0000
12593;2023-03-09 20:55:31.793000;3;201269;1;1;6800.0000;1;42815.0000;None;462400.0000
12593;2023-03-09 20:55:31.793000;3;101641;1;1;0.0000;1;42815.0000;None;462400.0000
12593;2023-03-09 20:55:31.793000;2;201615;1;1;14800.0000;1;42815.0000;None;462400.0000
12593;2023-03-09 20:55:31.793000;2;200480;1;1;12800.0000;1;42815.0000;None;462400.0000
12593;2023-03-09 21:38:05.743000;1;101308;1;1;19800.0000;1;42815.0000;None;462400.0000
12593;2023-03-09 21:38:05.743000;7;1135;1;1;0.0000;1;42815.0000;None;462400.0000
12594;2023-03-09 19:29:15.623000;6;106272;1;1;0.0000;1;12222.0000;None;132000.0000
12594;2023-03-09 19:29:15.623000;3;102635;1;1;8800.0000;1;12222.0000;None;132000.0000
12594;2023-03-09 19:29:15.623000;7;2042;1;1;0.0000;1;12222.0000;None;132000.0000
12594;2023-03-09 19:29:15.623000;3;201146;1;1;6800.0000;1;12222.0000;None;132000.0000
12594;2023-03-09 19:29:15.623000;3;101641;1;1;0.0000;1;12222.0000;None;132000.0000
12594;2023-03-09 19:36:13.523000;1;101340;1;1;29800.0000;1;12222.0000;None;132000.0000
12594;2023-03-09 19:36:13.523000;1;109166;1;1;21800.0000;1;12222.0000;None;132000.0000
12594;2023-03-09 19:36:13.523000;1;102423;1;1;64800.0000;1;12222.0000;None;132000.0000
12594;2023-03-09 19:36:13.523000;1;101522;1;1;0.0000;1;12222.0000;None;132000.0000
12595;2023-03-09 19:45:21.957000;3;201146;1;2;13600.0000;1;19074.0000;None;206000.0000
12595;2023-03-09 19:45:21.957000;1;102082;1;1;26800.0000;1;19074.0000;None;206000.0000
12595;2023-03-09 19:46:53.310000;1;103160;1;1;16800.0000;1;19074.0000;None;206000.0000
12595;2023-03-09 20:25:25.577000;1;102499;1;1;41800.0000;1;19074.0000;None;206000.0000
12595;2023-03-09 20:25:25.577000;6;103488;1;1;0.0000;1;19074.0000;None;206000.0000
12595;2023-03-09 20:25:25.577000;7;1006;1;1;0.0000;1;19074.0000;None;206000.0000
12595;2023-03-09 20:25:25.577000;6;101592;1;1;0.0000;1;19074.0000;None;206000.0000
12595;2023-03-09 20:25:25.577000;1;102498;1;1;34800.0000;1;19074.0000;None;206000.0000
12595;2023-03-09 20:25:25.577000;6;101563;1;1;0.0000;1;19074.0000;None;206000.0000
12595;2023-03-09 20:25:25.577000;6;101592;1;1;0.0000;1;19074.0000;None;206000.0000
12595;2023-03-09 20:25:25.577000;7;1026;1;1;0.0000;1;19074.0000;None;206000.0000
12595;2023-03-09 20:25:25.577000;1;107006;1;1;51800.0000;1;19074.0000;None;206000.0000
12595;2023-03-09 20:25:25.577000;1;101433;1;1;0.0000;1;19074.0000;None;206000.0000
12595;2023-03-09 20:25:25.577000;7;1006;1;1;0.0000;1;19074.0000;None;206000.0000
12595;2023-03-09 20:25:25.577000;6;101589;1;1;0.0000;1;19074.0000;None;206000.0000
12595;2023-03-09 20:25:25.577000;7;1128;1;1;0.0000;1;19074.0000;None;206000.0000
12595;2023-03-09 20:25:25.577000;7;1135;1;1;0.0000;1;19074.0000;None;206000.0000
12595;2023-03-09 20:25:25.577000;1;102132;1;1;6800.0000;1;19074.0000;None;206000.0000
12595;2023-03-09 20:25:25.577000;3;201146;1;1;6800.0000;1;19074.0000;None;206000.0000
12595;2023-03-09 20:25:25.577000;3;201206;1;1;6800.0000;1;19074.0000;None;206000.0000
12596;2023-03-09 19:49:48.700000;3;201146;1;1;6800.0000;1;72519.0000;None;783200.0000
12596;2023-03-09 19:49:48.700000;3;201146;1;1;6800.0000;1;72519.0000;None;783200.0000
12596;2023-03-09 19:49:48.700000;1;103160;1;1;16800.0000;1;72519.0000;None;783200.0000
12596;2023-03-09 19:49:48.700000;1;108071;1;1;85800.0000;1;72519.0000;None;783200.0000
12596;2023-03-09 19:49:48.700000;2;200040;1;1;181800.0000;1;72519.0000;None;783200.0000
12596;2023-03-09 20:21:12.233000;1;101176;1;1;41800.0000;1;72519.0000;None;783200.0000
12596;2023-03-09 20:21:12.233000;1;108452;1;1;23800.0000;1;72519.0000;None;783200.0000
12596;2023-03-09 20:21:12.233000;1;104893;1;1;129800.0000;1;72519.0000;None;783200.0000
12596;2023-03-09 20:21:12.233000;7;1128;1;1;0.0000;1;72519.0000;None;783200.0000
12596;2023-03-09 20:21:12.233000;7;1002;1;1;0.0000;1;72519.0000;None;783200.0000
12596;2023-03-09 20:21:12.233000;6;101589;1;1;0.0000;1;72519.0000;None;783200.0000
12596;2023-03-09 20:21:12.233000;6;109655;1;1;0.0000;1;72519.0000;None;783200.0000
12596;2023-03-09 20:21:12.233000;7;1135;1;1;0.0000;1;72519.0000;None;783200.0000
12596;2023-03-09 20:42:36.223000;2;200040;1;1;181800.0000;1;72519.0000;None;783200.0000
12596;2023-03-09 20:42:36.223000;1;101111;1;1;48800.0000;1;72519.0000;None;783200.0000
12596;2023-03-09 21:10:46.877000;1;105421;1;1;18800.0000;1;72519.0000;None;783200.0000
12596;2023-03-09 21:10:46.877000;1;103993;1;1;16800.0000;1;72519.0000;None;783200.0000
12596;2023-03-09 21:10:46.877000;1;102187;1;1;3800.0000;1;72519.0000;None;783200.0000
12596;2023-03-09 21:10:46.877000;1;102884;1;1;19800.0000;1;72519.0000;None;783200.0000
12597;2023-03-09 19:50:08.413000;6;106272;1;1;0.0000;1;53315.0000;None;575800.0000
12597;2023-03-09 19:50:08.413000;2;201187;1;1;10800.0000;1;53315.0000;None;575800.0000
12597;2023-03-09 19:50:08.413000;6;106272;1;1;0.0000;1;53315.0000;None;575800.0000
12597;2023-03-09 20:17:25.267000;2;201187;1;1;10800.0000;1;53315.0000;None;575800.0000
12597;2023-03-09 20:44:43.613000;3;102631;1;1;7800.0000;1;53315.0000;None;575800.0000
12597;2023-03-09 20:44:43.613000;7;2072;1;1;0.0000;1;53315.0000;None;575800.0000
12597;2023-03-09 20:44:43.613000;7;2042;1;1;0.0000;1;53315.0000;None;575800.0000
12597;2023-03-09 20:44:43.613000;3;102631;1;1;7800.0000;1;53315.0000;None;575800.0000
12597;2023-03-09 20:44:43.613000;7;2042;1;1;0.0000;1;53315.0000;None;575800.0000
12597;2023-03-09 20:44:43.613000;3;102639;1;1;9800.0000;1;53315.0000;None;575800.0000
12597;2023-03-09 20:44:43.613000;7;2077;1;1;0.0000;1;53315.0000;None;575800.0000
12597;2023-03-09 20:44:43.613000;7;2042;1;1;0.0000;1;53315.0000;None;575800.0000
12597;2023-03-09 20:44:43.613000;3;102619;1;1;7800.0000;1;53315.0000;None;575800.0000
12597;2023-03-09 20:44:43.613000;7;2042;1;1;0.0000;1;53315.0000;None;575800.0000
12597;2023-03-09 20:44:43.613000;3;102639;1;1;9800.0000;1;53315.0000;None;575800.0000
12597;2023-03-09 20:44:43.613000;7;2042;1;1;0.0000;1;53315.0000;None;575800.0000
12597;2023-03-09 20:44:43.613000;3;102631;1;1;7800.0000;1;53315.0000;None;575800.0000
12597;2023-03-09 20:44:43.613000;3;102639;1;1;9800.0000;1;53315.0000;None;575800.0000
12597;2023-03-09 20:44:43.613000;7;2042;1;1;0.0000;1;53315.0000;None;575800.0000
12597;2023-03-09 20:48:33.357000;1;101661;1;1;54800.0000;1;53315.0000;None;575800.0000
12597;2023-03-09 20:48:33.357000;7;1059;1;1;0.0000;1;53315.0000;None;575800.0000
12597;2023-03-09 20:48:33.357000;1;109266;1;1;15800.0000;1;53315.0000;None;575800.0000
12597;2023-03-09 20:48:33.357000;1;109486;1;1;32800.0000;1;53315.0000;None;575800.0000
12597;2023-03-09 20:48:33.357000;1;103351;1;1;46800.0000;1;53315.0000;None;575800.0000
12597;2023-03-09 20:48:33.357000;1;103135;1;1;10800.0000;1;53315.0000;None;575800.0000
12597;2023-03-09 20:48:33.357000;1;103345;1;1;54800.0000;1;53315.0000;None;575800.0000
12597;2023-03-09 20:48:33.357000;1;104294;1;1;69800.0000;1;53315.0000;None;575800.0000
12597;2023-03-09 20:48:33.357000;1;101433;1;1;0.0000;1;53315.0000;None;575800.0000
12597;2023-03-09 20:48:33.357000;6;101589;1;1;0.0000;1;53315.0000;None;575800.0000
12597;2023-03-09 20:48:33.357000;7;1026;1;1;0.0000;1;53315.0000;None;575800.0000
12597;2023-03-09 20:48:33.357000;7;1026;1;1;0.0000;1;53315.0000;None;575800.0000
12597;2023-03-09 20:48:33.357000;1;101661;1;1;54800.0000;1;53315.0000;None;575800.0000
12597;2023-03-09 20:48:33.357000;1;101433;1;1;0.0000;1;53315.0000;None;575800.0000
12597;2023-03-09 20:48:33.357000;1;107002;1;1;69800.0000;1;53315.0000;None;575800.0000
12597;2023-03-09 20:48:33.357000;7;1008;1;1;0.0000;1;53315.0000;None;575800.0000
12597;2023-03-09 20:48:33.357000;1;101522;1;1;0.0000;1;53315.0000;None;575800.0000
12597;2023-03-09 20:48:33.357000;6;101589;1;1;0.0000;1;53315.0000;None;575800.0000
12597;2023-03-09 20:48:33.357000;7;1026;1;1;0.0000;1;53315.0000;None;575800.0000
12597;2023-03-09 20:48:33.357000;7;1026;1;1;0.0000;1;53315.0000;None;575800.0000
12597;2023-03-09 20:48:33.357000;1;104294;1;1;69800.0000;1;53315.0000;None;575800.0000
12597;2023-03-09 20:48:33.357000;1;101522;1;1;0.0000;1;53315.0000;None;575800.0000
12597;2023-03-09 20:48:33.357000;6;101589;1;1;0.0000;1;53315.0000;None;575800.0000
12597;2023-03-09 20:48:33.357000;7;1026;1;1;0.0000;1;53315.0000;None;575800.0000
12597;2023-03-09 20:48:33.357000;7;1026;1;1;0.0000;1;53315.0000;None;575800.0000
12597;2023-03-09 21:38:54.193000;3;201146;1;1;6800.0000;1;53315.0000;None;575800.0000
12597;2023-03-09 21:40:11.370000;3;201146;1;1;6800.0000;1;53315.0000;None;575800.0000
24190;2023-03-09 12:08:01.790000;6;106272;1;1;0.0000;1;10222.0000;None;110400.0000
24190;2023-03-09 12:08:01.790000;2;101728;1;1;33800.0000;1;10222.0000;None;110400.0000
24190;2023-03-09 12:08:01.790000;3;200644;1;1;6800.0000;1;10222.0000;None;110400.0000
24190;2023-03-09 12:08:01.790000;7;2042;1;1;0.0000;1;10222.0000;None;110400.0000
24190;2023-03-09 12:13:56.643000;1;104294;1;1;69800.0000;1;10222.0000;None;110400.0000
24190;2023-03-09 12:13:56.643000;7;1026;1;1;0.0000;1;10222.0000;None;110400.0000
24190;2023-03-09 12:13:56.643000;1;101433;1;1;0.0000;1;10222.0000;None;110400.0000
24190;2023-03-09 12:13:56.643000;6;101589;1;1;0.0000;1;10222.0000;None;110400.0000
24191;2023-03-09 12:14:35.483000;6;106272;1;1;0.0000;1;36000.0000;None;388800.0000
24191;2023-03-09 12:14:35.483000;1;103160;1;1;16800.0000;1;36000.0000;None;388800.0000
24191;2023-03-09 12:14:35.483000;1;103392;1;1;75800.0000;1;36000.0000;None;388800.0000
24191;2023-03-09 12:14:35.483000;3;200644;1;2;13600.0000;1;36000.0000;None;388800.0000
24191;2023-03-09 12:14:35.483000;3;101641;1;2;0.0000;1;36000.0000;None;388800.0000
24191;2023-03-09 12:53:32.163000;3;200644;1;1;6800.0000;1;36000.0000;None;388800.0000
24191;2023-03-09 12:53:32.163000;3;101641;1;1;0.0000;1;36000.0000;None;388800.0000
24191;2023-03-09 13:20:21.457000;1;101958;1;1;67800.0000;1;36000.0000;None;388800.0000
24191;2023-03-09 13:20:21.457000;1;107008;1;1;57800.0000;1;36000.0000;None;388800.0000
24191;2023-03-09 13:20:21.457000;1;104294;1;1;69800.0000;1;36000.0000;None;388800.0000
24191;2023-03-09 13:20:21.457000;1;102070;1;1;55800.0000;1;36000.0000;None;388800.0000
24191;2023-03-09 13:20:21.457000;1;103771;1;1;17800.0000;1;36000.0000;None;388800.0000
24191;2023-03-09 13:58:01.690000;3;200644;1;1;6800.0000;1;36000.0000;None;388800.0000
24191;2023-03-09 13:58:01.690000;3;101641;1;1;0.0000;1;36000.0000;None;388800.0000
24192;2023-03-09 12:26:01.810000;6;106272;1;2;0.0000;1;9926.0000;None;107200.0000
24192;2023-03-09 12:26:01.810000;3;102639;1;1;9800.0000;1;9926.0000;None;107200.0000
24192;2023-03-09 12:26:01.810000;7;2036;1;1;0.0000;1;9926.0000;None;107200.0000
24192;2023-03-09 12:26:01.810000;3;201146;1;1;6800.0000;1;9926.0000;None;107200.0000
24192;2023-03-09 12:26:01.810000;7;2042;1;1;0.0000;1;9926.0000;None;107200.0000
24192;2023-03-09 12:26:01.810000;1;104873;1;1;37800.0000;1;9926.0000;None;107200.0000
24192;2023-03-09 12:26:01.810000;1;101301;1;1;52800.0000;1;9926.0000;None;107200.0000
24192;2023-03-09 12:26:01.810000;7;1214;1;1;0.0000;1;9926.0000;None;107200.0000
24192;2023-03-09 12:26:01.810000;7;1214;1;1;0.0000;1;9926.0000;None;107200.0000
24193;2023-03-09 12:28:05.950000;6;106272;1;1;0.0000;1;22759.0000;None;245800.0000
24193;2023-03-09 12:28:05.950000;3;201146;1;1;6800.0000;1;22759.0000;None;245800.0000
24193;2023-03-09 12:28:05.950000;3;101641;1;1;0.0000;1;22759.0000;None;245800.0000
24193;2023-03-09 12:28:05.950000;3;200644;1;1;6800.0000;1;22759.0000;None;245800.0000
24193;2023-03-09 12:40:10.110000;1;104315;1;1;65800.0000;1;22759.0000;None;245800.0000
24193;2023-03-09 12:40:10.110000;1;107002;1;1;69800.0000;1;22759.0000;None;245800.0000
24193;2023-03-09 12:40:10.110000;1;107010;1;1;89800.0000;1;22759.0000;None;245800.0000
24193;2023-03-09 13:08:07.797000;7;1204;1;1;0.0000;1;22759.0000;None;245800.0000
24193;2023-03-09 13:08:07.797000;7;1204;1;1;0.0000;1;22759.0000;None;245800.0000
24193;2023-03-09 13:08:07.797000;7;1204;1;1;0.0000;1;22759.0000;None;245800.0000
24193;2023-03-09 13:35:08.620000;3;200644;1;1;6800.0000;1;22759.0000;None;245800.0000
24194;2023-03-09 12:28:28.457000;6;106272;1;2;0.0000;1;50648.0000;None;547000.0000
24194;2023-03-09 12:28:28.457000;2;200480;1;1;12800.0000;1;50648.0000;None;547000.0000
24194;2023-03-09 12:28:28.457000;2;200480;1;1;12800.0000;1;50648.0000;None;547000.0000
24194;2023-03-09 12:28:28.457000;2;201187;1;1;10800.0000;1;50648.0000;None;547000.0000
24194;2023-03-09 12:30:34.377000;1;103160;1;1;16800.0000;1;50648.0000;None;547000.0000
24194;2023-03-09 12:30:34.377000;1;107904;1;1;159800.0000;1;50648.0000;None;547000.0000
24194;2023-03-09 12:30:34.377000;1;108071;1;1;85800.0000;1;50648.0000;None;547000.0000
24194;2023-03-09 12:33:05.220000;2;201187;1;1;10800.0000;1;50648.0000;None;547000.0000
24194;2023-03-09 13:11:40.403000;3;201211;1;3;20400.0000;1;50648.0000;None;547000.0000
24194;2023-03-09 13:11:40.403000;3;201206;1;1;6800.0000;1;50648.0000;None;547000.0000
24194;2023-03-09 13:11:40.403000;1;107002;1;1;69800.0000;1;50648.0000;None;547000.0000
24194;2023-03-09 13:11:40.403000;7;1006;1;1;0.0000;1;50648.0000;None;547000.0000
24194;2023-03-09 13:11:40.403000;7;1128;1;1;0.0000;1;50648.0000;None;547000.0000
24194;2023-03-09 13:11:40.403000;6;101604;1;1;0.0000;1;50648.0000;None;547000.0000
24194;2023-03-09 13:11:40.403000;1;101433;1;1;0.0000;1;50648.0000;None;547000.0000
24194;2023-03-09 13:11:40.403000;1;102132;1;1;6800.0000;1;50648.0000;None;547000.0000
24194;2023-03-09 13:11:40.403000;1;107007;1;1;63800.0000;1;50648.0000;None;547000.0000
24194;2023-03-09 13:11:40.403000;7;1002;1;1;0.0000;1;50648.0000;None;547000.0000
24194;2023-03-09 13:11:40.403000;6;101604;1;1;0.0000;1;50648.0000;None;547000.0000
24194;2023-03-09 13:11:40.403000;1;101433;1;1;0.0000;1;50648.0000;None;547000.0000
24194;2023-03-09 13:11:40.403000;1;102132;1;1;6800.0000;1;50648.0000;None;547000.0000
24194;2023-03-09 13:11:40.403000;1;102485;1;1;39800.0000;1;50648.0000;None;547000.0000
24194;2023-03-09 13:11:40.403000;7;1002;1;1;0.0000;1;50648.0000;None;547000.0000
24194;2023-03-09 13:11:40.403000;6;101592;1;1;0.0000;1;50648.0000;None;547000.0000
24194;2023-03-09 13:11:40.403000;6;101583;1;1;0.0000;1;50648.0000;None;547000.0000
24194;2023-03-09 13:11:40.403000;6;101487;1;1;0.0000;1;50648.0000;None;547000.0000
24194;2023-03-09 13:58:33.687000;3;100614;1;4;23200.0000;1;50648.0000;None;547000.0000
24195;2023-03-09 12:28:56.400000;6;106272;1;3;0.0000;1;101741.0000;None;1098800.0000
24195;2023-03-09 12:28:56.400000;1;100967;1;2;49600.0000;1;101741.0000;None;1098800.0000
24195;2023-03-09 12:28:56.400000;1;103160;1;1;16800.0000;1;101741.0000;None;1098800.0000
24195;2023-03-09 12:28:56.400000;1;104010;1;1;15800.0000;1;101741.0000;None;1098800.0000
24195;2023-03-09 12:28:56.400000;1;101291;1;1;26800.0000;1;101741.0000;None;1098800.0000
24195;2023-03-09 12:32:42.097000;2;201187;1;1;10800.0000;1;101741.0000;None;1098800.0000
24195;2023-03-09 12:32:42.097000;2;200480;1;1;12800.0000;1;101741.0000;None;1098800.0000
24195;2023-03-09 12:32:42.097000;2;201615;1;1;14800.0000;1;101741.0000;None;1098800.0000
24195;2023-03-09 12:32:42.097000;3;102747;1;2;9600.0000;1;101741.0000;None;1098800.0000
24195;2023-03-09 12:32:42.097000;7;2077;1;2;0.0000;1;101741.0000;None;1098800.0000
24195;2023-03-09 12:32:42.097000;3;104446;1;1;5800.0000;1;101741.0000;None;1098800.0000
24195;2023-03-09 12:32:42.097000;3;102639;1;2;19600.0000;1;101741.0000;None;1098800.0000
24195;2023-03-09 12:32:42.097000;7;2077;1;2;0.0000;1;101741.0000;None;1098800.0000
24195;2023-03-09 12:32:42.097000;3;102747;1;1;4800.0000;1;101741.0000;None;1098800.0000
24195;2023-03-09 12:35:03.547000;3;201206;1;1;6800.0000;1;101741.0000;None;1098800.0000
24195;2023-03-09 12:35:03.547000;3;102637;1;1;9800.0000;1;101741.0000;None;1098800.0000
24195;2023-03-09 12:35:03.547000;7;2077;1;1;0.0000;1;101741.0000;None;1098800.0000
24195;2023-03-09 12:49:38.533000;3;102747;1;1;4800.0000;1;101741.0000;None;1098800.0000
24195;2023-03-09 12:52:13.023000;1;107002;1;1;69800.0000;1;101741.0000;None;1098800.0000
24195;2023-03-09 12:52:13.023000;7;1006;1;1;0.0000;1;101741.0000;None;1098800.0000
24195;2023-03-09 12:52:13.023000;1;101433;1;1;0.0000;1;101741.0000;None;1098800.0000
24195;2023-03-09 12:52:13.023000;6;101589;1;1;0.0000;1;101741.0000;None;1098800.0000
24195;2023-03-09 12:52:13.023000;1;108071;1;1;85800.0000;1;101741.0000;None;1098800.0000
24195;2023-03-09 12:52:13.023000;1;107002;1;1;69800.0000;1;101741.0000;None;1098800.0000
24195;2023-03-09 12:52:13.023000;7;1026;1;1;0.0000;1;101741.0000;None;1098800.0000
24195;2023-03-09 12:52:13.023000;1;101433;1;1;0.0000;1;101741.0000;None;1098800.0000
24195;2023-03-09 12:52:13.023000;6;101589;1;1;0.0000;1;101741.0000;None;1098800.0000
24195;2023-03-09 12:52:13.023000;1;107007;1;1;63800.0000;1;101741.0000;None;1098800.0000
24195;2023-03-09 12:52:13.023000;7;1006;1;1;0.0000;1;101741.0000;None;1098800.0000
24195;2023-03-09 12:52:13.023000;1;101522;1;1;0.0000;1;101741.0000;None;1098800.0000
24195;2023-03-09 12:52:13.023000;6;101589;1;1;0.0000;1;101741.0000;None;1098800.0000
24195;2023-03-09 12:52:13.023000;1;101659;1;1;46800.0000;1;101741.0000;None;1098800.0000
24195;2023-03-09 12:52:13.023000;1;101522;1;1;0.0000;1;101741.0000;None;1098800.0000
24195;2023-03-09 12:52:13.023000;1;103353;1;1;51800.0000;1;101741.0000;None;1098800.0000
24195;2023-03-09 12:52:13.023000;1;101300;1;1;25800.0000;1;101741.0000;None;1098800.0000
24195;2023-03-09 12:52:13.023000;1;101945;1;1;39800.0000;1;101741.0000;None;1098800.0000
24195;2023-03-09 12:52:13.023000;1;101659;1;1;46800.0000;1;101741.0000;None;1098800.0000
24195;2023-03-09 12:52:13.023000;1;101522;1;1;0.0000;1;101741.0000;None;1098800.0000
24195;2023-03-09 12:52:13.023000;1;107008;1;1;57800.0000;1;101741.0000;None;1098800.0000
24195;2023-03-09 12:52:13.023000;7;1006;1;1;0.0000;1;101741.0000;None;1098800.0000
24195;2023-03-09 12:52:13.023000;1;101552;1;1;0.0000;1;101741.0000;None;1098800.0000
24195;2023-03-09 12:52:13.023000;6;101589;1;1;0.0000;1;101741.0000;None;1098800.0000
24195;2023-03-09 12:52:13.023000;1;103902;1;1;89800.0000;1;101741.0000;None;1098800.0000
24195;2023-03-09 12:52:13.023000;7;1006;1;1;0.0000;1;101741.0000;None;1098800.0000
24195;2023-03-09 12:52:13.023000;1;101552;1;1;0.0000;1;101741.0000;None;1098800.0000
24195;2023-03-09 12:52:13.023000;6;101589;1;1;0.0000;1;101741.0000;None;1098800.0000
24195;2023-03-09 12:52:13.023000;1;107002;1;1;69800.0000;1;101741.0000;None;1098800.0000
24195;2023-03-09 12:52:13.023000;7;1006;1;1;0.0000;1;101741.0000;None;1098800.0000
24195;2023-03-09 12:52:13.023000;1;101522;1;1;0.0000;1;101741.0000;None;1098800.0000
24195;2023-03-09 12:52:13.023000;6;101589;1;1;0.0000;1;101741.0000;None;1098800.0000
24195;2023-03-09 12:52:13.023000;7;1045;1;1;0.0000;1;101741.0000;None;1098800.0000
24195;2023-03-09 12:52:13.023000;7;1045;1;1;0.0000;1;101741.0000;None;1098800.0000
24195;2023-03-09 12:52:13.023000;7;1045;1;1;0.0000;1;101741.0000;None;1098800.0000
24195;2023-03-09 12:52:13.023000;7;1045;1;1;0.0000;1;101741.0000;None;1098800.0000
24195;2023-03-09 12:55:37.620000;1;107002;1;1;69800.0000;1;101741.0000;None;1098800.0000
24195;2023-03-09 12:55:37.620000;7;1006;1;1;0.0000;1;101741.0000;None;1098800.0000
24195;2023-03-09 12:55:37.620000;1;101433;1;1;0.0000;1;101741.0000;None;1098800.0000
24195;2023-03-09 12:55:37.620000;6;101589;1;1;0.0000;1;101741.0000;None;1098800.0000
24195;2023-03-09 12:55:37.620000;7;1135;1;1;0.0000;1;101741.0000;None;1098800.0000
24195;2023-03-09 12:55:37.620000;7;1135;1;1;0.0000;1;101741.0000;None;1098800.0000
24195;2023-03-09 13:11:33.957000;3;200644;1;1;6800.0000;1;101741.0000;None;1098800.0000
24195;2023-03-09 13:27:20.730000;2;201187;1;1;10800.0000;1;101741.0000;None;1098800.0000
24195;2023-03-09 13:28:32.567000;3;102747;1;1;4800.0000;1;101741.0000;None;1098800.0000
24195;2023-03-09 13:28:32.567000;1;103135;1;1;10800.0000;1;101741.0000;None;1098800.0000
24195;2023-03-09 13:31:01.473000;3;201211;1;1;6800.0000;1;101741.0000;None;1098800.0000
24195;2023-03-09 13:54:37.930000;3;100614;1;8;46400.0000;1;101741.0000;None;1098800.0000
24195;2023-03-09 13:54:37.930000;3;100596;1;1;5800.0000;1;101741.0000;None;1098800.0000
24195;2023-03-09 13:54:37.930000;3;104554;1;1;4800.0000;1;101741.0000;None;1098800.0000
24195;2023-03-09 14:02:39.890000;3;100614;1;1;5800.0000;1;101741.0000;None;1098800.0000
24196;2023-03-09 12:36:26.783000;6;106272;1;1;0.0000;1;46389.0000;None;501000.0000
24196;2023-03-09 12:36:26.783000;3;201277;1;1;6800.0000;1;46389.0000;None;501000.0000
24196;2023-03-09 12:36:26.783000;3;102635;1;1;8800.0000;1;46389.0000;None;501000.0000
24196;2023-03-09 12:36:26.783000;3;200644;1;1;6800.0000;1;46389.0000;None;501000.0000
24196;2023-03-09 12:36:26.783000;3;101641;1;1;0.0000;1;46389.0000;None;501000.0000
24196;2023-03-09 12:38:45.610000;1;108668;1;1;21800.0000;1;46389.0000;None;501000.0000
24196;2023-03-09 12:38:45.610000;1;108668;1;1;21800.0000;1;46389.0000;None;501000.0000
24196;2023-03-09 12:38:45.610000;1;105864;1;1;43800.0000;1;46389.0000;None;501000.0000
24196;2023-03-09 12:38:45.610000;1;107771;1;1;79800.0000;1;46389.0000;None;501000.0000
24196;2023-03-09 12:38:45.610000;7;1214;1;1;0.0000;1;46389.0000;None;501000.0000
24196;2023-03-09 12:38:45.610000;7;1214;1;1;0.0000;1;46389.0000;None;501000.0000
24196;2023-03-09 12:58:19.957000;3;102635;1;1;8800.0000;1;46389.0000;None;501000.0000
24196;2023-03-09 13:15:06.297000;1;107010;1;1;89800.0000;1;46389.0000;None;501000.0000
24196;2023-03-09 13:15:06.297000;7;1006;1;1;0.0000;1;46389.0000;None;501000.0000
24196;2023-03-09 13:15:06.297000;1;101522;1;1;0.0000;1;46389.0000;None;501000.0000
24196;2023-03-09 13:15:06.297000;6;101589;1;1;0.0000;1;46389.0000;None;501000.0000
24196;2023-03-09 13:15:06.297000;1;107010;1;1;89800.0000;1;46389.0000;None;501000.0000
24196;2023-03-09 13:15:06.297000;7;1006;1;1;0.0000;1;46389.0000;None;501000.0000
24196;2023-03-09 13:15:06.297000;1;101552;1;1;0.0000;1;46389.0000;None;501000.0000
24196;2023-03-09 13:15:06.297000;6;101589;1;1;0.0000;1;46389.0000;None;501000.0000
24196;2023-03-09 13:15:06.297000;1;104294;1;1;69800.0000;1;46389.0000;None;501000.0000
24196;2023-03-09 13:15:06.297000;7;1002;1;1;0.0000;1;46389.0000;None;501000.0000
24196;2023-03-09 13:15:06.297000;1;101522;1;1;0.0000;1;46389.0000;None;501000.0000
24196;2023-03-09 13:15:06.297000;6;101589;1;1;0.0000;1;46389.0000;None;501000.0000
24196;2023-03-09 13:15:06.297000;1;102053;1;1;34800.0000;1;46389.0000;None;501000.0000
24196;2023-03-09 13:46:34.877000;3;201146;1;1;6800.0000;1;46389.0000;None;501000.0000
24196;2023-03-09 14:00:39.307000;3;100614;1;1;5800.0000;1;46389.0000;None;501000.0000
24196;2023-03-09 14:00:39.307000;3;100601;1;1;5800.0000;1;46389.0000;None;501000.0000
24197;2023-03-09 12:48:52.373000;1;103337;2;1;46000.0000;1;None;None;184100.0000
24197;2023-03-09 12:48:52.373000;1;101661;2;1;57600.0000;1;None;None;184100.0000
24197;2023-03-09 12:48:52.373000;7;1059;1;1;0.0000;1;None;None;184100.0000
24197;2023-03-09 12:48:52.373000;1;101301;2;1;55500.0000;1;None;None;184100.0000
24197;2023-03-09 12:48:52.373000;1;102028;2;1;25000.0000;1;None;None;184100.0000
24197;2023-03-09 12:48:52.373000;7;1319;1;1;0.0000;1;None;None;184100.0000
24197;2023-03-09 12:48:52.373000;7;1319;1;1;0.0000;1;None;None;184100.0000
24197;2023-03-09 12:48:52.373000;7;1135;1;1;0.0000;1;None;None;184100.0000
24198;2023-03-09 13:25:42.903000;6;106272;1;2;0.0000;1;102019.0000;None;1101800.0000
24198;2023-03-09 13:25:42.903000;3;201704;1;1;15800.0000;1;102019.0000;None;1101800.0000
24198;2023-03-09 13:25:42.903000;7;2008;1;2;0.0000;1;102019.0000;None;1101800.0000
24198;2023-03-09 13:25:42.903000;1;108071;1;1;85800.0000;1;102019.0000;None;1101800.0000
24198;2023-03-09 13:28:51.340000;2;200062;1;1;377800.0000;1;102019.0000;None;1101800.0000
24198;2023-03-09 13:28:51.340000;7;2008;1;2;0.0000;1;102019.0000;None;1101800.0000
24198;2023-03-09 14:02:01.240000;1;104893;1;1;129800.0000;1;102019.0000;None;1101800.0000
24198;2023-03-09 14:02:01.240000;7;1002;1;1;0.0000;1;102019.0000;None;1101800.0000
24198;2023-03-09 14:02:01.240000;7;1128;1;1;0.0000;1;102019.0000;None;1101800.0000
24198;2023-03-09 14:02:01.240000;6;101604;1;1;0.0000;1;102019.0000;None;1101800.0000
24198;2023-03-09 14:02:01.240000;6;109655;1;1;0.0000;1;102019.0000;None;1101800.0000
24198;2023-03-09 14:02:01.240000;1;102172;1;1;4800.0000;1;102019.0000;None;1101800.0000
24198;2023-03-09 14:02:01.240000;1;102132;1;1;6800.0000;1;102019.0000;None;1101800.0000
24198;2023-03-09 14:17:10.943000;1;102172;1;-1;-4800.0000;1;102019.0000;None;1101800.0000
24198;2023-03-09 14:40:33.527000;2;108473;1;1;33800.0000;1;102019.0000;None;1101800.0000
24198;2023-03-09 14:58:08.140000;3;201704;1;1;15800.0000;1;102019.0000;None;1101800.0000
24198;2023-03-09 14:58:08.140000;2;200062;1;1;377800.0000;1;102019.0000;None;1101800.0000
24198;2023-03-09 15:00:21.757000;1;105421;1;1;18800.0000;1;102019.0000;None;1101800.0000
24198;2023-03-09 16:29:14.510000;2;108473;1;1;33800.0000;1;102019.0000;None;1101800.0000
24198;2023-03-09 16:29:14.510000;3;100601;1;1;5800.0000;1;102019.0000;None;1101800.0000
24199;2023-03-09 13:45:05.483000;6;106272;1;2;0.0000;1;85408.0000;None;922400.0000
24199;2023-03-09 13:45:05.483000;1;101176;1;1;41800.0000;1;85408.0000;None;922400.0000
24199;2023-03-09 13:45:05.483000;1;105864;1;1;43800.0000;1;85408.0000;None;922400.0000
24199;2023-03-09 13:45:05.483000;1;107904;1;1;159800.0000;1;85408.0000;None;922400.0000
24199;2023-03-09 13:45:05.483000;1;104010;1;1;15800.0000;1;85408.0000;None;922400.0000
24199;2023-03-09 13:45:05.483000;1;108071;1;1;85800.0000;1;85408.0000;None;922400.0000
24199;2023-03-09 13:45:05.483000;3;102747;1;3;14400.0000;1;85408.0000;None;922400.0000
24199;2023-03-09 13:45:05.483000;3;201206;1;1;6800.0000;1;85408.0000;None;922400.0000
24199;2023-03-09 13:45:05.483000;3;201146;1;1;6800.0000;1;85408.0000;None;922400.0000
24199;2023-03-09 13:45:05.483000;3;201146;1;1;6800.0000;1;85408.0000;None;922400.0000
24199;2023-03-09 13:45:05.483000;3;200644;1;1;6800.0000;1;85408.0000;None;922400.0000
24199;2023-03-09 13:45:05.483000;3;101641;1;3;0.0000;1;85408.0000;None;922400.0000
24199;2023-03-09 14:09:06.467000;1;109551;1;1;79800.0000;1;85408.0000;None;922400.0000
24199;2023-03-09 14:09:06.467000;6;109655;1;1;0.0000;1;85408.0000;None;922400.0000
24199;2023-03-09 14:09:06.467000;1;107007;1;1;63800.0000;1;85408.0000;None;922400.0000
24199;2023-03-09 14:09:06.467000;7;1006;1;1;0.0000;1;85408.0000;None;922400.0000
24199;2023-03-09 14:09:06.467000;6;101494;1;1;0.0000;1;85408.0000;None;922400.0000
24199;2023-03-09 14:09:06.467000;1;101522;1;1;0.0000;1;85408.0000;None;922400.0000
24199;2023-03-09 14:09:06.467000;1;104294;1;1;69800.0000;1;85408.0000;None;922400.0000
24199;2023-03-09 14:09:06.467000;7;1006;1;1;0.0000;1;85408.0000;None;922400.0000
24199;2023-03-09 14:09:06.467000;6;101589;1;1;0.0000;1;85408.0000;None;922400.0000
24199;2023-03-09 14:09:06.467000;1;101552;1;1;0.0000;1;85408.0000;None;922400.0000
24199;2023-03-09 14:09:06.467000;1;103592;1;1;68800.0000;1;85408.0000;None;922400.0000
24199;2023-03-09 14:09:06.467000;7;1003;2;1;0.0000;1;85408.0000;None;922400.0000
24199;2023-03-09 14:09:06.467000;6;109655;1;1;0.0000;1;85408.0000;None;922400.0000
24199;2023-03-09 14:09:06.467000;1;107006;1;1;51800.0000;1;85408.0000;None;922400.0000
24199;2023-03-09 14:09:06.467000;7;1002;1;1;0.0000;1;85408.0000;None;922400.0000
24199;2023-03-09 14:09:06.467000;6;101494;1;1;0.0000;1;85408.0000;None;922400.0000
24199;2023-03-09 14:09:06.467000;1;101433;1;1;0.0000;1;85408.0000;None;922400.0000
24199;2023-03-09 14:09:06.467000;1;102132;1;1;6800.0000;1;85408.0000;None;922400.0000
24199;2023-03-09 14:09:06.467000;1;107005;1;1;65800.0000;1;85408.0000;None;922400.0000
24199;2023-03-09 14:09:06.467000;7;1003;2;1;0.0000;1;85408.0000;None;922400.0000
24199;2023-03-09 14:09:06.467000;6;101477;1;1;0.0000;1;85408.0000;None;922400.0000
24199;2023-03-09 14:09:06.467000;1;101522;1;1;0.0000;1;85408.0000;None;922400.0000
24199;2023-03-09 14:09:06.467000;1;109551;1;1;79800.0000;1;85408.0000;None;922400.0000
24199;2023-03-09 14:09:06.467000;1;101433;1;1;0.0000;1;85408.0000;None;922400.0000
24199;2023-03-09 14:09:06.467000;1;102132;1;1;6800.0000;1;85408.0000;None;922400.0000
24199;2023-03-09 15:01:57.947000;3;100614;1;7;40600.0000;1;85408.0000;None;922400.0000
24200;2023-03-09 15:24:06.883000;6;106272;1;1;0.0000;1;27111.0000;None;292800.0000
24200;2023-03-09 15:31:21.977000;1;103592;1;1;68800.0000;1;27111.0000;None;292800.0000
24200;2023-03-09 15:31:21.977000;1;107002;1;1;69800.0000;1;27111.0000;None;292800.0000
24200;2023-03-09 15:31:21.977000;1;103160;1;1;16800.0000;1;27111.0000;None;292800.0000
24200;2023-03-09 15:32:24.887000;2;200142;1;1;112800.0000;1;27111.0000;None;292800.0000
24200;2023-03-09 15:32:24.887000;7;2008;1;2;0.0000;1;27111.0000;None;292800.0000
24200;2023-03-09 16:39:50.817000;3;100614;1;1;5800.0000;1;27111.0000;None;292800.0000
24200;2023-03-09 16:39:50.817000;1;105421;1;1;18800.0000;1;27111.0000;None;292800.0000
24201;2023-03-09 15:46:09.533000;1;101130;2;1;33400.0000;1;None;None;132800.0000
24201;2023-03-09 15:46:09.533000;1;104873;2;1;39700.0000;1;None;None;132800.0000
24201;2023-03-09 15:46:09.533000;1;102330;2;1;59700.0000;1;None;None;132800.0000
24201;2023-03-09 15:46:09.533000;7;1319;1;1;0.0000;1;None;None;132800.0000
24201;2023-03-09 15:46:09.533000;7;1319;1;1;0.0000;1;None;None;132800.0000
24201;2023-03-09 15:46:09.533000;7;1135;1;1;0.0000;1;None;None;132800.0000
24202;2023-03-09 15:50:02.210000;1;102331;2;1;41800.0000;1;None;None;97300.0000
24202;2023-03-09 15:50:02.210000;1;101301;2;1;55500.0000;1;None;None;97300.0000
24202;2023-03-09 15:50:02.210000;7;1319;1;1;0.0000;1;None;None;97300.0000
24202;2023-03-09 15:50:02.210000;7;1319;1;1;0.0000;1;None;None;97300.0000
24202;2023-03-09 15:50:02.210000;7;1135;1;1;0.0000;1;None;None;97300.0000
24203;2023-03-09 16:23:25.700000;6;106272;1;1;0.0000;1;45593.0000;None;492400.0000
24203;2023-03-09 16:23:25.700000;2;107767;1;1;50800.0000;1;45593.0000;None;492400.0000
24203;2023-03-09 16:23:25.700000;6;105631;1;1;0.0000;1;45593.0000;None;492400.0000
24203;2023-03-09 16:23:25.700000;2;101878;1;1;29800.0000;1;45593.0000;None;492400.0000
24203;2023-03-09 16:27:17.567000;1;101176;1;1;41800.0000;1;45593.0000;None;492400.0000
24203;2023-03-09 16:27:17.567000;1;106357;1;1;31800.0000;1;45593.0000;None;492400.0000
24203;2023-03-09 16:27:17.567000;7;1135;1;1;0.0000;1;45593.0000;None;492400.0000
24203;2023-03-09 16:47:56.810000;1;108700;1;1;28800.0000;1;45593.0000;None;492400.0000
24203;2023-03-09 16:47:56.827000;2;107767;1;1;50800.0000;1;45593.0000;None;492400.0000
24203;2023-03-09 17:23:51.357000;2;101878;1;1;29800.0000;1;45593.0000;None;492400.0000
24203;2023-03-09 17:23:51.357000;2;107767;1;1;50800.0000;1;45593.0000;None;492400.0000
24203;2023-03-09 17:23:51.357000;6;105631;1;1;0.0000;1;45593.0000;None;492400.0000
24203;2023-03-09 17:24:18.713000;1;104893;1;1;129800.0000;1;45593.0000;None;492400.0000
24203;2023-03-09 17:24:18.713000;7;1003;2;1;0.0000;1;45593.0000;None;492400.0000
24203;2023-03-09 17:24:18.713000;1;101433;1;1;0.0000;1;45593.0000;None;492400.0000
24203;2023-03-09 17:24:18.713000;6;101589;1;1;0.0000;1;45593.0000;None;492400.0000
24203;2023-03-09 17:24:18.713000;7;1128;1;1;0.0000;1;45593.0000;None;492400.0000
24203;2023-03-09 17:49:02.050000;1;102884;1;1;19800.0000;1;45593.0000;None;492400.0000
24203;2023-03-09 17:49:02.050000;1;103993;1;1;16800.0000;1;45593.0000;None;492400.0000
24203;2023-03-09 17:49:02.050000;3;100614;1;1;5800.0000;1;45593.0000;None;492400.0000
24203;2023-03-09 17:49:02.050000;3;100614;1;1;5800.0000;1;45593.0000;None;492400.0000
24204;2023-03-09 17:25:46.897000;6;106272;1;1;0.0000;1;26982.0000;None;291400.0000
24204;2023-03-09 17:25:46.897000;3;201146;1;1;6800.0000;1;26982.0000;None;291400.0000
24204;2023-03-09 17:25:46.897000;3;201146;1;1;6800.0000;1;26982.0000;None;291400.0000
24204;2023-03-09 17:25:46.897000;3;101641;1;1;0.0000;1;26982.0000;None;291400.0000
24204;2023-03-09 17:25:46.897000;3;101641;1;1;0.0000;1;26982.0000;None;291400.0000
24204;2023-03-09 17:25:46.897000;2;201187;1;1;10800.0000;1;26982.0000;None;291400.0000
24204;2023-03-09 17:25:46.897000;2;201187;1;1;10800.0000;1;26982.0000;None;291400.0000
24204;2023-03-09 17:38:07.050000;1;104315;1;1;65800.0000;1;26982.0000;None;291400.0000
24204;2023-03-09 17:38:07.050000;7;1001;1;1;0.0000;1;26982.0000;None;291400.0000
24204;2023-03-09 17:38:07.050000;1;104294;1;1;69800.0000;1;26982.0000;None;291400.0000
24204;2023-03-09 17:38:07.050000;1;101522;1;1;0.0000;1;26982.0000;None;291400.0000
24204;2023-03-09 17:38:07.050000;6;101604;1;1;0.0000;1;26982.0000;None;291400.0000
24204;2023-03-09 17:38:07.050000;7;1006;1;1;0.0000;1;26982.0000;None;291400.0000
24204;2023-03-09 17:38:07.050000;1;103818;1;1;109800.0000;1;26982.0000;None;291400.0000
24204;2023-03-09 17:38:07.050000;1;101522;1;1;0.0000;1;26982.0000;None;291400.0000
24204;2023-03-09 17:38:07.050000;6;101604;1;1;0.0000;1;26982.0000;None;291400.0000
24204;2023-03-09 17:38:07.050000;7;1002;1;1;0.0000;1;26982.0000;None;291400.0000
24204;2023-03-09 17:58:50.797000;2;201187;1;1;10800.0000;1;26982.0000;None;291400.0000
24205;2023-03-09 17:27:38.660000;6;106272;1;1;0.0000;1;27278.0000;None;294600.0000
24205;2023-03-09 17:27:38.660000;2;202380;1;1;149800.0000;1;27278.0000;None;294600.0000
24205;2023-03-09 17:27:38.660000;7;2008;1;2;0.0000;1;27278.0000;None;294600.0000
24205;2023-03-09 17:27:38.660000;1;108668;1;1;21800.0000;1;27278.0000;None;294600.0000
24205;2023-03-09 17:32:28.433000;3;201206;1;1;6800.0000;1;27278.0000;None;294600.0000
24205;2023-03-09 17:32:28.433000;7;1207;1;1;0.0000;1;27278.0000;None;294600.0000
24205;2023-03-09 17:32:28.433000;3;201146;1;1;6800.0000;1;27278.0000;None;294600.0000
24205;2023-03-09 17:32:28.433000;7;2050;1;1;0.0000;1;27278.0000;None;294600.0000
24205;2023-03-09 17:32:28.433000;3;101641;1;1;0.0000;1;27278.0000;None;294600.0000
24205;2023-03-09 17:46:43.733000;1;102423;1;1;64800.0000;1;27278.0000;None;294600.0000
24205;2023-03-09 17:46:43.733000;7;1135;1;1;0.0000;1;27278.0000;None;294600.0000
24205;2023-03-09 17:46:43.733000;1;101522;1;1;0.0000;1;27278.0000;None;294600.0000
24205;2023-03-09 18:24:29.943000;1;107053;1;1;38800.0000;1;27278.0000;None;294600.0000
24205;2023-03-09 18:24:29.943000;7;1135;1;1;0.0000;1;27278.0000;None;294600.0000
24205;2023-03-09 18:51:02.493000;3;100596;1;1;5800.0000;1;27278.0000;None;294600.0000
24206;2023-03-09 18:30:40.983000;1;101017;2;1;30300.0000;1;None;None;94200.0000
24206;2023-03-09 18:30:40.983000;1;103823;2;1;34500.0000;1;None;None;94200.0000
24206;2023-03-09 18:30:40.983000;1;104632;2;1;16600.0000;1;None;None;94200.0000
24206;2023-03-09 18:30:40.983000;3;200007;1;1;12800.0000;1;None;None;94200.0000
24206;2023-03-09 18:30:40.983000;7;1319;1;1;0.0000;1;None;None;94200.0000
24206;2023-03-09 18:30:40.983000;7;1319;1;1;0.0000;1;None;None;94200.0000
24206;2023-03-09 18:30:40.983000;7;1319;1;1;0.0000;1;None;None;94200.0000
24206;2023-03-09 18:30:40.983000;7;1135;1;1;0.0000;1;None;None;94200.0000
24207;2023-03-09 18:37:46.590000;6;106272;1;1;0.0000;1;41815.0000;None;451600.0000
24207;2023-03-09 18:37:46.590000;2;107767;1;1;50800.0000;1;41815.0000;None;451600.0000
24207;2023-03-09 18:37:46.590000;6;102629;1;1;0.0000;1;41815.0000;None;451600.0000
24207;2023-03-09 18:37:46.590000;2;108120;1;1;43800.0000;1;41815.0000;None;451600.0000
24207;2023-03-09 18:37:46.590000;6;102629;1;1;0.0000;1;41815.0000;None;451600.0000
24207;2023-03-09 18:37:46.590000;2;108119;1;1;55800.0000;1;41815.0000;None;451600.0000
24207;2023-03-09 18:37:46.590000;6;102629;1;1;0.0000;1;41815.0000;None;451600.0000
24207;2023-03-09 18:44:13.247000;3;200008;1;1;15800.0000;1;41815.0000;None;451600.0000
24207;2023-03-09 18:57:17.803000;2;108119;1;1;55800.0000;1;41815.0000;None;451600.0000
24207;2023-03-09 19:00:57.507000;1;101340;1;1;29800.0000;1;41815.0000;None;451600.0000
24207;2023-03-09 19:00:57.507000;1;100967;1;1;24800.0000;1;41815.0000;None;451600.0000
24207;2023-03-09 19:00:57.507000;1;101931;1;1;19800.0000;1;41815.0000;None;451600.0000
24207;2023-03-09 19:00:57.507000;1;103160;1;1;16800.0000;1;41815.0000;None;451600.0000
24207;2023-03-09 19:28:39.277000;1;100974;1;1;17800.0000;1;41815.0000;None;451600.0000
24207;2023-03-09 19:28:39.277000;7;1054;1;1;0.0000;1;41815.0000;None;451600.0000
24207;2023-03-09 19:28:39.277000;1;101291;1;1;26800.0000;1;41815.0000;None;451600.0000
24207;2023-03-09 19:28:39.277000;1;102569;1;1;28800.0000;1;41815.0000;None;451600.0000
24207;2023-03-09 19:28:39.277000;7;1214;1;1;0.0000;1;41815.0000;None;451600.0000
24207;2023-03-09 19:28:39.277000;7;1214;1;1;0.0000;1;41815.0000;None;451600.0000
24207;2023-03-09 19:58:58.023000;1;103995;1;1;24800.0000;1;41815.0000;None;451600.0000
24207;2023-03-09 19:58:58.023000;1;101308;1;1;19800.0000;1;41815.0000;None;451600.0000
24207;2023-03-09 19:59:49.547000;3;100606;1;3;20400.0000;1;41815.0000;None;451600.0000
24208;2023-03-09 18:45:55.833000;6;106272;1;1;0.0000;1;53704.0000;None;580000.0000
24208;2023-03-09 18:45:55.833000;3;100614;1;1;5800.0000;1;53704.0000;None;580000.0000
24208;2023-03-09 18:45:55.833000;3;100614;1;1;5800.0000;1;53704.0000;None;580000.0000
24208;2023-03-09 18:45:55.833000;3;200644;1;1;6800.0000;1;53704.0000;None;580000.0000
24208;2023-03-09 18:45:55.833000;3;101641;1;1;0.0000;1;53704.0000;None;580000.0000
24208;2023-03-09 19:24:24.763000;3;200644;1;1;6800.0000;1;53704.0000;None;580000.0000
24208;2023-03-09 19:24:24.763000;3;200644;1;1;6800.0000;1;53704.0000;None;580000.0000
24208;2023-03-09 19:24:24.763000;3;101641;1;1;0.0000;1;53704.0000;None;580000.0000
24208;2023-03-09 19:24:24.763000;3;101641;1;1;0.0000;1;53704.0000;None;580000.0000
24208;2023-03-09 19:24:24.763000;7;2042;1;1;0.0000;1;53704.0000;None;580000.0000
24208;2023-03-09 19:24:24.763000;7;2042;1;1;0.0000;1;53704.0000;None;580000.0000
24208;2023-03-09 19:40:31.847000;3;201146;1;1;6800.0000;1;53704.0000;None;580000.0000
24208;2023-03-09 19:40:31.847000;3;101641;1;1;0.0000;1;53704.0000;None;580000.0000
24208;2023-03-09 19:47:11.953000;1;103392;1;1;75800.0000;1;53704.0000;None;580000.0000
24208;2023-03-09 19:47:11.953000;1;102424;1;1;52800.0000;1;53704.0000;None;580000.0000
24208;2023-03-09 19:47:11.953000;3;200644;1;1;6800.0000;1;53704.0000;None;580000.0000
24208;2023-03-09 19:47:11.953000;3;101641;1;1;0.0000;1;53704.0000;None;580000.0000
24208;2023-03-09 20:13:43.903000;1;108071;1;1;85800.0000;1;53704.0000;None;580000.0000
24208;2023-03-09 20:13:43.903000;1;103592;1;1;68800.0000;1;53704.0000;None;580000.0000
24208;2023-03-09 20:13:43.903000;1;101433;1;1;0.0000;1;53704.0000;None;580000.0000
24208;2023-03-09 20:13:43.903000;1;102132;1;1;6800.0000;1;53704.0000;None;580000.0000
24208;2023-03-09 20:13:43.903000;1;108071;1;1;85800.0000;1;53704.0000;None;580000.0000
24208;2023-03-09 20:13:43.903000;1;103592;1;1;68800.0000;1;53704.0000;None;580000.0000
24208;2023-03-09 20:13:43.903000;1;101522;1;1;0.0000;1;53704.0000;None;580000.0000
24208;2023-03-09 20:13:43.903000;1;107010;1;1;89800.0000;1;53704.0000;None;580000.0000
24208;2023-03-09 20:13:43.903000;7;1002;1;1;0.0000;1;53704.0000;None;580000.0000
24208;2023-03-09 20:13:43.903000;1;101552;1;1;0.0000;1;53704.0000;None;580000.0000
24208;2023-03-09 20:13:43.903000;6;101589;1;1;0.0000;1;53704.0000;None;580000.0000
24208;2023-03-09 20:13:43.903000;7;1135;1;1;0.0000;1;53704.0000;None;580000.0000
24209;2023-03-09 18:50:53.567000;6;106272;1;1;0.0000;1;49315.0000;None;532600.0000
24209;2023-03-09 18:50:53.567000;3;201146;1;1;6800.0000;1;49315.0000;None;532600.0000
24209;2023-03-09 18:50:53.567000;7;2036;1;1;0.0000;1;49315.0000;None;532600.0000
24209;2023-03-09 19:36:00.180000;3;201146;1;4;27200.0000;1;49315.0000;None;532600.0000
24209;2023-03-09 19:36:00.180000;3;101641;1;4;0.0000;1;49315.0000;None;532600.0000
24209;2023-03-09 19:36:00.180000;3;104446;1;1;5800.0000;1;49315.0000;None;532600.0000
24209;2023-03-09 19:36:00.180000;2;109585;1;1;30800.0000;1;49315.0000;None;532600.0000
24209;2023-03-09 19:36:00.180000;2;101722;1;1;28800.0000;1;49315.0000;None;532600.0000
24209;2023-03-09 19:44:28.747000;2;101722;1;1;28800.0000;1;49315.0000;None;532600.0000
24209;2023-03-09 19:46:49.180000;1;108453;1;1;16800.0000;1;49315.0000;None;532600.0000
24209;2023-03-09 19:46:49.180000;1;103192;1;1;69800.0000;1;49315.0000;None;532600.0000
24209;2023-03-09 19:46:49.180000;1;101552;1;1;0.0000;1;49315.0000;None;532600.0000
24209;2023-03-09 19:46:49.180000;7;1059;1;1;0.0000;1;49315.0000;None;532600.0000
24209;2023-03-09 19:46:49.180000;7;1059;1;1;0.0000;1;49315.0000;None;532600.0000
24209;2023-03-09 19:46:49.180000;1;101176;1;1;41800.0000;1;49315.0000;None;532600.0000
24209;2023-03-09 19:46:49.180000;6;101585;1;1;0.0000;1;49315.0000;None;532600.0000
24209;2023-03-09 19:46:49.180000;1;109553;1;1;85800.0000;1;49315.0000;None;532600.0000
24209;2023-03-09 19:46:49.180000;1;102065;1;1;36800.0000;1;49315.0000;None;532600.0000
24209;2023-03-09 19:46:49.180000;1;102476;1;1;37800.0000;1;49315.0000;None;532600.0000
24209;2023-03-09 19:46:49.180000;7;1003;2;1;0.0000;1;49315.0000;None;532600.0000
24209;2023-03-09 19:46:49.180000;1;103592;1;1;68800.0000;1;49315.0000;None;532600.0000
24209;2023-03-09 19:46:49.180000;1;101433;1;1;0.0000;1;49315.0000;None;532600.0000
24209;2023-03-09 20:54:02.853000;3;104554;1;1;4800.0000;1;49315.0000;None;532600.0000
24209;2023-03-09 20:54:02.853000;3;104554;1;1;4800.0000;1;49315.0000;None;532600.0000
24209;2023-03-09 20:54:02.853000;3;100596;1;1;5800.0000;1;49315.0000;None;532600.0000
24209;2023-03-09 20:54:02.853000;3;100596;1;1;5800.0000;1;49315.0000;None;532600.0000
24209;2023-03-09 20:54:02.853000;3;201146;1;1;6800.0000;1;49315.0000;None;532600.0000
24209;2023-03-09 20:54:02.853000;3;101641;1;1;0.0000;1;49315.0000;None;532600.0000
24209;2023-03-09 20:54:11.287000;1;105421;1;1;18800.0000;1;49315.0000;None;532600.0000
24210;2023-03-09 18:51:52.123000;6;106272;1;1;0.0000;1;24352.0000;None;263000.0000
24210;2023-03-09 18:51:52.123000;2;101727;1;1;32800.0000;1;24352.0000;None;263000.0000
24210;2023-03-09 18:51:52.123000;3;200644;1;1;6800.0000;1;24352.0000;None;263000.0000
24210;2023-03-09 18:51:52.123000;3;101641;1;1;0.0000;1;24352.0000;None;263000.0000
24210;2023-03-09 18:51:52.123000;3;102657;1;1;12800.0000;1;24352.0000;None;263000.0000
24210;2023-03-09 18:51:52.123000;7;1207;1;1;0.0000;1;24352.0000;None;263000.0000
24210;2023-03-09 18:51:52.123000;3;201146;1;1;6800.0000;1;24352.0000;None;263000.0000
24210;2023-03-09 18:51:52.123000;3;101641;1;1;0.0000;1;24352.0000;None;263000.0000
24210;2023-03-09 19:02:28.403000;1;102082;1;1;26800.0000;1;24352.0000;None;263000.0000
24210;2023-03-09 19:02:28.403000;1;106357;1;1;31800.0000;1;24352.0000;None;263000.0000
24210;2023-03-09 19:02:28.403000;1;101291;1;1;26800.0000;1;24352.0000;None;263000.0000
24210;2023-03-09 19:02:28.403000;1;107004;1;1;52800.0000;1;24352.0000;None;263000.0000
24210;2023-03-09 19:02:28.403000;7;1128;1;1;0.0000;1;24352.0000;None;263000.0000
24210;2023-03-09 19:02:28.403000;7;1128;1;1;0.0000;1;24352.0000;None;263000.0000
24210;2023-03-09 19:02:28.403000;7;1002;1;1;0.0000;1;24352.0000;None;263000.0000
24210;2023-03-09 19:02:28.403000;1;101522;1;1;0.0000;1;24352.0000;None;263000.0000
24210;2023-03-09 19:02:28.403000;6;101589;1;1;0.0000;1;24352.0000;None;263000.0000
24210;2023-03-09 19:02:28.403000;7;1214;1;1;0.0000;1;24352.0000;None;263000.0000
24210;2023-03-09 19:02:28.403000;7;1214;1;1;0.0000;1;24352.0000;None;263000.0000
24210;2023-03-09 19:02:28.403000;7;1214;1;1;0.0000;1;24352.0000;None;263000.0000
24210;2023-03-09 19:05:48.943000;2;101727;1;1;32800.0000;1;24352.0000;None;263000.0000
24210;2023-03-09 19:33:15.590000;2;101727;1;1;32800.0000;1;24352.0000;None;263000.0000
24211;2023-03-09 18:53:41.503000;6;106272;1;1;0.0000;1;78815.0000;None;851200.0000
24211;2023-03-09 18:53:41.503000;2;101710;1;1;33800.0000;1;78815.0000;None;851200.0000
24211;2023-03-09 18:53:41.503000;6;105631;1;1;0.0000;1;78815.0000;None;851200.0000
24211;2023-03-09 18:53:41.503000;2;101710;1;1;33800.0000;1;78815.0000;None;851200.0000
24211;2023-03-09 18:53:41.503000;6;105530;1;1;0.0000;1;78815.0000;None;851200.0000
24211;2023-03-09 18:53:41.503000;2;101710;1;1;33800.0000;1;78815.0000;None;851200.0000
24211;2023-03-09 18:53:41.503000;3;105735;1;1;0.0000;1;78815.0000;None;851200.0000
24211;2023-03-09 18:53:41.503000;2;101710;1;1;33800.0000;1;78815.0000;None;851200.0000
24211;2023-03-09 18:53:41.503000;6;105446;1;1;0.0000;1;78815.0000;None;851200.0000
24211;2023-03-09 18:53:41.503000;2;101710;1;1;33800.0000;1;78815.0000;None;851200.0000
24211;2023-03-09 18:53:41.503000;6;105520;1;1;0.0000;1;78815.0000;None;851200.0000
24211;2023-03-09 18:53:41.503000;2;101710;1;1;33800.0000;1;78815.0000;None;851200.0000
24211;2023-03-09 18:53:41.503000;6;105631;1;1;0.0000;1;78815.0000;None;851200.0000
24211;2023-03-09 19:02:55.800000;3;201211;1;1;6800.0000;1;78815.0000;None;851200.0000
24211;2023-03-09 19:05:24.750000;1;107010;1;1;89800.0000;1;78815.0000;None;851200.0000
24211;2023-03-09 19:05:24.750000;1;101552;1;1;0.0000;1;78815.0000;None;851200.0000
24211;2023-03-09 19:05:24.750000;6;101589;1;1;0.0000;1;78815.0000;None;851200.0000
24211;2023-03-09 19:05:24.750000;7;1006;1;1;0.0000;1;78815.0000;None;851200.0000
24211;2023-03-09 19:05:24.750000;1;104294;1;1;69800.0000;1;78815.0000;None;851200.0000
24211;2023-03-09 19:05:24.750000;1;101433;1;1;0.0000;1;78815.0000;None;851200.0000
24211;2023-03-09 19:05:24.750000;6;101477;1;1;0.0000;1;78815.0000;None;851200.0000
24211;2023-03-09 19:05:24.750000;7;1135;1;1;0.0000;1;78815.0000;None;851200.0000
24211;2023-03-09 19:05:24.750000;1;107006;1;1;51800.0000;1;78815.0000;None;851200.0000
24211;2023-03-09 19:05:24.750000;7;1008;1;1;0.0000;1;78815.0000;None;851200.0000
24211;2023-03-09 19:05:24.750000;1;101522;1;1;0.0000;1;78815.0000;None;851200.0000
24211;2023-03-09 19:05:24.750000;7;1007;1;1;0.0000;1;78815.0000;None;851200.0000
24211;2023-03-09 19:05:24.750000;6;101477;1;1;0.0000;1;78815.0000;None;851200.0000
24211;2023-03-09 19:05:24.750000;7;1135;1;1;0.0000;1;78815.0000;None;851200.0000
24211;2023-03-09 19:09:21.637000;1;104873;1;1;37800.0000;1;78815.0000;None;851200.0000
24211;2023-03-09 19:09:21.637000;7;1135;1;1;0.0000;1;78815.0000;None;851200.0000
24211;2023-03-09 19:34:45.367000;7;1204;1;1;0.0000;1;78815.0000;None;851200.0000
24211;2023-03-09 19:34:45.367000;7;1204;1;1;0.0000;1;78815.0000;None;851200.0000
24211;2023-03-09 19:34:45.367000;7;1204;1;1;0.0000;1;78815.0000;None;851200.0000
24211;2023-03-09 20:12:25.287000;2;101710;1;1;33800.0000;1;78815.0000;None;851200.0000
24211;2023-03-09 20:12:25.287000;6;102629;1;1;0.0000;1;78815.0000;None;851200.0000
24211;2023-03-09 20:12:25.287000;2;101710;1;1;33800.0000;1;78815.0000;None;851200.0000
24211;2023-03-09 20:12:25.287000;6;102629;1;1;0.0000;1;78815.0000;None;851200.0000
24211;2023-03-09 20:12:25.287000;2;101710;1;1;33800.0000;1;78815.0000;None;851200.0000
24211;2023-03-09 20:12:25.287000;6;102629;1;1;0.0000;1;78815.0000;None;851200.0000
24211;2023-03-09 20:12:25.287000;2;101710;1;1;33800.0000;1;78815.0000;None;851200.0000
24211;2023-03-09 20:12:25.287000;6;102629;1;1;0.0000;1;78815.0000;None;851200.0000
24211;2023-03-09 20:12:25.287000;2;101710;1;1;33800.0000;1;78815.0000;None;851200.0000
24211;2023-03-09 20:12:25.287000;2;101710;1;1;33800.0000;1;78815.0000;None;851200.0000
24211;2023-03-09 20:12:25.287000;6;102629;1;1;0.0000;1;78815.0000;None;851200.0000
24211;2023-03-09 20:12:25.287000;2;101710;1;1;33800.0000;1;78815.0000;None;851200.0000
24211;2023-03-09 20:12:25.297000;3;201237;1;2;13600.0000;1;78815.0000;None;851200.0000
24211;2023-03-09 20:12:25.297000;1;104873;1;1;37800.0000;1;78815.0000;None;851200.0000
24211;2023-03-09 20:12:25.297000;7;1001;1;1;0.0000;1;78815.0000;None;851200.0000
24211;2023-03-09 20:12:25.297000;7;1001;1;1;0.0000;1;78815.0000;None;851200.0000
24211;2023-03-09 20:12:25.297000;1;107007;1;1;63800.0000;1;78815.0000;None;851200.0000
24211;2023-03-09 20:12:25.297000;7;1008;1;1;0.0000;1;78815.0000;None;851200.0000
24211;2023-03-09 20:12:25.297000;1;101433;1;1;0.0000;1;78815.0000;None;851200.0000
24211;2023-03-09 20:12:25.297000;6;101477;1;1;0.0000;1;78815.0000;None;851200.0000
24211;2023-03-09 20:12:25.297000;7;1002;1;1;0.0000;1;78815.0000;None;851200.0000
24211;2023-03-09 20:12:25.297000;7;1135;1;1;0.0000;1;78815.0000;None;851200.0000
24211;2023-03-09 20:13:42.027000;2;101710;1;-1;-33800.0000;1;78815.0000;None;851200.0000
24211;2023-03-09 20:13:42.027000;6;102629;1;-1;0.0000;1;78815.0000;None;851200.0000
24211;2023-03-09 20:26:00.483000;2;101710;1;1;33800.0000;1;78815.0000;None;851200.0000
24211;2023-03-09 20:26:00.483000;6;102629;1;1;0.0000;1;78815.0000;None;851200.0000
24211;2023-03-09 20:26:00.483000;2;101710;1;1;33800.0000;1;78815.0000;None;851200.0000
24211;2023-03-09 20:26:00.483000;6;102629;1;1;0.0000;1;78815.0000;None;851200.0000
24211;2023-03-09 20:26:00.483000;3;201269;1;1;6800.0000;1;78815.0000;None;851200.0000
24211;2023-03-09 20:26:00.483000;3;101641;1;1;0.0000;1;78815.0000;None;851200.0000
24212;2023-03-09 19:08:47.933000;1;101033;2;1;24000.0000;1;None;None;119200.0000
24212;2023-03-09 19:08:47.933000;1;101301;2;1;55500.0000;1;None;None;119200.0000
24212;2023-03-09 19:08:47.933000;1;104873;2;1;39700.0000;1;None;None;119200.0000
24212;2023-03-09 19:08:47.933000;7;1319;1;1;0.0000;1;None;None;119200.0000
24212;2023-03-09 19:08:47.933000;7;1319;1;1;0.0000;1;None;None;119200.0000
24212;2023-03-09 19:08:47.933000;7;1135;1;1;0.0000;1;None;None;119200.0000
24213;2023-03-09 19:12:51.743000;6;106272;1;10;0.0000;1;260427.0000;None;2812600.0000
24213;2023-03-09 19:12:51.743000;3;201269;1;1;6800.0000;1;260427.0000;None;2812600.0000
24213;2023-03-09 19:12:51.743000;3;101641;1;1;0.0000;1;260427.0000;None;2812600.0000
24213;2023-03-09 19:12:51.743000;3;201237;1;1;6800.0000;1;260427.0000;None;2812600.0000
24213;2023-03-09 19:12:51.743000;3;101641;1;1;0.0000;1;260427.0000;None;2812600.0000
24213;2023-03-09 19:12:51.743000;3;201704;1;1;15800.0000;1;260427.0000;None;2812600.0000
24213;2023-03-09 19:12:51.743000;3;200008;1;1;15800.0000;1;260427.0000;None;2812600.0000
24213;2023-03-09 19:12:51.743000;7;2008;1;2;0.0000;1;260427.0000;None;2812600.0000
24213;2023-03-09 19:23:21.687000;3;102747;1;1;4800.0000;1;260427.0000;None;2812600.0000
24213;2023-03-09 19:23:21.687000;7;2077;1;1;0.0000;1;260427.0000;None;2812600.0000
24213;2023-03-09 19:23:21.687000;3;102748;1;1;15800.0000;1;260427.0000;None;2812600.0000
24213;2023-03-09 19:23:21.687000;3;201269;1;1;6800.0000;1;260427.0000;None;2812600.0000
24213;2023-03-09 19:23:21.687000;3;101641;1;1;0.0000;1;260427.0000;None;2812600.0000
24213;2023-03-09 19:41:45.070000;2;202353;1;2;359600.0000;1;260427.0000;None;2812600.0000
24213;2023-03-09 19:41:45.070000;2;202365;1;2;303600.0000;1;260427.0000;None;2812600.0000
24213;2023-03-09 20:02:57.090000;3;102748;1;1;15800.0000;1;260427.0000;None;2812600.0000
24213;2023-03-09 20:08:56.390000;1;108071;1;3;257400.0000;1;260427.0000;None;2812600.0000
24213;2023-03-09 20:08:56.390000;1;104873;1;3;113400.0000;1;260427.0000;None;2812600.0000
24213;2023-03-09 20:08:56.390000;7;1135;1;1;0.0000;1;260427.0000;None;2812600.0000
24213;2023-03-09 20:17:17.353000;1;103160;1;3;50400.0000;1;260427.0000;None;2812600.0000
24213;2023-03-09 20:17:17.353000;7;1135;1;1;0.0000;1;260427.0000;None;2812600.0000
24213;2023-03-09 20:24:10.747000;2;202353;1;1;179800.0000;1;260427.0000;None;2812600.0000
24213;2023-03-09 20:24:10.747000;3;102748;1;1;15800.0000;1;260427.0000;None;2812600.0000
24213;2023-03-09 20:26:55.440000;3;102748;1;2;31600.0000;1;260427.0000;None;2812600.0000
24213;2023-03-09 20:55:18.737000;1;107007;1;1;63800.0000;1;260427.0000;None;2812600.0000
24213;2023-03-09 20:55:18.737000;7;1002;1;1;0.0000;1;260427.0000;None;2812600.0000
24213;2023-03-09 20:55:18.737000;6;101494;1;1;0.0000;1;260427.0000;None;2812600.0000
24213;2023-03-09 20:55:18.737000;1;101433;1;1;0.0000;1;260427.0000;None;2812600.0000
24213;2023-03-09 20:55:18.737000;1;102132;1;1;6800.0000;1;260427.0000;None;2812600.0000
24213;2023-03-09 20:55:18.737000;1;104893;1;1;129800.0000;1;260427.0000;None;2812600.0000
24213;2023-03-09 20:55:18.737000;7;1002;1;1;0.0000;1;260427.0000;None;2812600.0000
24213;2023-03-09 20:55:18.737000;6;101604;1;1;0.0000;1;260427.0000;None;2812600.0000
24213;2023-03-09 20:55:18.737000;6;109655;1;1;0.0000;1;260427.0000;None;2812600.0000
24213;2023-03-09 20:55:18.737000;1;104893;1;1;129800.0000;1;260427.0000;None;2812600.0000
24213;2023-03-09 20:55:18.737000;7;1006;1;1;0.0000;1;260427.0000;None;2812600.0000
24213;2023-03-09 20:55:18.737000;6;101604;1;1;0.0000;1;260427.0000;None;2812600.0000
24213;2023-03-09 20:55:18.737000;1;101433;1;1;0.0000;1;260427.0000;None;2812600.0000
24213;2023-03-09 20:55:18.737000;1;102132;1;1;6800.0000;1;260427.0000;None;2812600.0000
24213;2023-03-09 20:55:18.737000;1;107010;1;1;89800.0000;1;260427.0000;None;2812600.0000
24213;2023-03-09 20:55:18.737000;7;1006;1;1;0.0000;1;260427.0000;None;2812600.0000
24213;2023-03-09 20:55:18.737000;6;101494;1;1;0.0000;1;260427.0000;None;2812600.0000
24213;2023-03-09 20:55:18.737000;1;101433;1;1;0.0000;1;260427.0000;None;2812600.0000
24213;2023-03-09 20:55:18.737000;1;102132;1;1;6800.0000;1;260427.0000;None;2812600.0000
24213;2023-03-09 20:55:18.737000;1;101659;1;1;46800.0000;1;260427.0000;None;2812600.0000
24213;2023-03-09 20:55:18.737000;1;101433;1;1;0.0000;1;260427.0000;None;2812600.0000
24213;2023-03-09 20:55:18.737000;1;102132;1;1;6800.0000;1;260427.0000;None;2812600.0000
24213;2023-03-09 20:55:18.737000;1;103945;1;1;69800.0000;1;260427.0000;None;2812600.0000
24213;2023-03-09 20:55:18.737000;7;1135;1;1;0.0000;1;260427.0000;None;2812600.0000
24213;2023-03-09 20:55:18.737000;7;1006;1;1;0.0000;1;260427.0000;None;2812600.0000
24213;2023-03-09 20:55:18.737000;6;101589;1;1;0.0000;1;260427.0000;None;2812600.0000
24213;2023-03-09 20:55:18.737000;6;109655;1;1;0.0000;1;260427.0000;None;2812600.0000
24213;2023-03-09 20:55:18.737000;1;102050;1;1;34800.0000;1;260427.0000;None;2812600.0000
24213;2023-03-09 20:55:18.737000;1;103771;1;1;17800.0000;1;260427.0000;None;2812600.0000
24213;2023-03-09 20:55:18.737000;1;102030;1;1;25800.0000;1;260427.0000;None;2812600.0000
24213;2023-03-09 20:55:18.737000;1;101370;1;1;129800.0000;1;260427.0000;None;2812600.0000
24213;2023-03-09 20:55:18.737000;1;101522;1;1;0.0000;1;260427.0000;None;2812600.0000
24213;2023-03-09 20:55:18.737000;1;107010;1;1;89800.0000;1;260427.0000;None;2812600.0000
24213;2023-03-09 20:55:18.737000;7;1002;1;1;0.0000;1;260427.0000;None;2812600.0000
24213;2023-03-09 20:55:18.737000;6;101604;1;1;0.0000;1;260427.0000;None;2812600.0000
24213;2023-03-09 20:55:18.737000;6;109655;1;1;0.0000;1;260427.0000;None;2812600.0000
24213;2023-03-09 20:55:18.737000;1;103353;1;1;51800.0000;1;260427.0000;None;2812600.0000
24213;2023-03-09 20:55:18.737000;1;104638;1;1;69800.0000;1;260427.0000;None;2812600.0000
24213;2023-03-09 20:55:18.737000;1;102477;1;1;48800.0000;1;260427.0000;None;2812600.0000
24213;2023-03-09 20:55:18.737000;7;1006;1;1;0.0000;1;260427.0000;None;2812600.0000
24213;2023-03-09 20:55:18.737000;1;103392;1;1;75800.0000;1;260427.0000;None;2812600.0000
24213;2023-03-09 20:55:18.737000;1;104893;1;1;129800.0000;1;260427.0000;None;2812600.0000
24213;2023-03-09 20:55:18.737000;7;1002;1;1;0.0000;1;260427.0000;None;2812600.0000
24213;2023-03-09 20:55:18.737000;6;101589;1;1;0.0000;1;260427.0000;None;2812600.0000
24213;2023-03-09 20:55:18.737000;7;1128;1;1;0.0000;1;260427.0000;None;2812600.0000
24213;2023-03-09 20:55:18.737000;1;101433;1;1;0.0000;1;260427.0000;None;2812600.0000
24213;2023-03-09 20:55:18.737000;1;102132;1;1;6800.0000;1;260427.0000;None;2812600.0000
24213;2023-03-09 20:55:18.737000;1;101062;1;1;79800.0000;1;260427.0000;None;2812600.0000
24213;2023-03-09 20:55:18.737000;7;1002;1;1;0.0000;1;260427.0000;None;2812600.0000
24213;2023-03-09 20:55:18.737000;7;1135;1;1;0.0000;1;260427.0000;None;2812600.0000
24213;2023-03-09 20:55:18.737000;6;101477;1;1;0.0000;1;260427.0000;None;2812600.0000
24213;2023-03-09 20:55:18.737000;1;101522;1;1;0.0000;1;260427.0000;None;2812600.0000
24213;2023-03-09 20:55:18.737000;1;101062;1;1;79800.0000;1;260427.0000;None;2812600.0000
24213;2023-03-09 20:55:18.737000;7;1003;2;1;0.0000;1;260427.0000;None;2812600.0000
24213;2023-03-09 20:55:18.737000;6;101494;1;1;0.0000;1;260427.0000;None;2812600.0000
24213;2023-03-09 20:55:18.737000;1;101522;1;1;0.0000;1;260427.0000;None;2812600.0000
24213;2023-03-09 20:55:18.737000;1;102070;1;1;55800.0000;1;260427.0000;None;2812600.0000
24213;2023-03-09 21:36:13.287000;3;201704;1;1;15800.0000;1;260427.0000;None;2812600.0000
24213;2023-03-09 21:36:13.287000;3;200008;1;1;15800.0000;1;260427.0000;None;2812600.0000
24213;2023-03-09 21:51:06.763000;3;201269;1;1;6800.0000;1;260427.0000;None;2812600.0000
24213;2023-03-09 21:51:06.763000;3;101641;1;1;0.0000;1;260427.0000;None;2812600.0000
24213;2023-03-09 21:54:21.373000;3;102747;1;1;4800.0000;1;260427.0000;None;2812600.0000
24213;2023-03-09 21:54:21.373000;7;2077;1;1;0.0000;1;260427.0000;None;2812600.0000
24213;2023-03-09 21:56:36.623000;2;202365;1;-2;-303600.0000;1;260427.0000;None;2812600.0000
24213;2023-03-09 21:56:36.623000;7;2008;1;-13;0.0000;1;260427.0000;None;2812600.0000
24213;2023-03-09 22:02:00.840000;2;202365;1;1;151800.0000;1;260427.0000;None;2812600.0000
24213;2023-03-09 22:03:46.707000;3;100614;1;6;34800.0000;1;260427.0000;None;2812600.0000
24213;2023-03-09 22:03:46.707000;3;104554;1;3;14400.0000;1;260427.0000;None;2812600.0000
24213;2023-03-09 22:16:51.647000;1;105421;1;1;18800.0000;1;260427.0000;None;2812600.0000
24214;2023-03-09 19:17:12.333000;6;106272;1;2;0.0000;1;20593.0000;None;222400.0000
24214;2023-03-09 19:17:12.333000;3;102747;1;2;9600.0000;1;20593.0000;None;222400.0000
24214;2023-03-09 19:17:12.333000;7;2072;1;2;0.0000;1;20593.0000;None;222400.0000
24214;2023-03-09 19:17:12.333000;2;109585;1;1;30800.0000;1;20593.0000;None;222400.0000
24214;2023-03-09 19:27:05.567000;1;107004;1;1;52800.0000;1;20593.0000;None;222400.0000
24214;2023-03-09 19:27:05.567000;7;1002;1;1;0.0000;1;20593.0000;None;222400.0000
24214;2023-03-09 19:27:05.567000;6;101604;1;1;0.0000;1;20593.0000;None;222400.0000
24214;2023-03-09 19:27:05.567000;1;101552;1;1;0.0000;1;20593.0000;None;222400.0000
24214;2023-03-09 19:27:05.567000;1;107008;1;1;57800.0000;1;20593.0000;None;222400.0000
24214;2023-03-09 19:27:05.567000;6;101477;1;1;0.0000;1;20593.0000;None;222400.0000
24214;2023-03-09 19:27:05.567000;1;101433;1;1;0.0000;1;20593.0000;None;222400.0000
24214;2023-03-09 19:27:05.567000;7;1006;1;1;0.0000;1;20593.0000;None;222400.0000
24214;2023-03-09 19:27:05.567000;1;102132;1;1;6800.0000;1;20593.0000;None;222400.0000
24214;2023-03-09 19:27:05.567000;1;107008;1;1;57800.0000;1;20593.0000;None;222400.0000
24214;2023-03-09 19:27:05.567000;7;1006;1;1;0.0000;1;20593.0000;None;222400.0000
24214;2023-03-09 19:27:05.567000;6;101589;1;1;0.0000;1;20593.0000;None;222400.0000
24214;2023-03-09 19:27:05.567000;1;101433;1;1;0.0000;1;20593.0000;None;222400.0000
24214;2023-03-09 19:27:05.567000;1;102132;1;1;6800.0000;1;20593.0000;None;222400.0000
24215;2023-03-09 19:28:05.360000;1;105224;2;1;103800.0000;1;None;None;103800.0000
24215;2023-03-09 19:28:05.360000;7;1135;1;1;0.0000;1;None;None;103800.0000
24215;2023-03-09 19:28:05.360000;7;1319;1;1;0.0000;1;None;None;103800.0000
24215;2023-03-09 19:28:05.360000;7;1319;1;1;0.0000;1;None;None;103800.0000
24216;2023-03-09 19:50:42.590000;6;106272;1;1;0.0000;1;20945.0000;None;226200.0000
24216;2023-03-09 19:50:42.590000;1;100967;1;1;24800.0000;1;20945.0000;None;226200.0000
24216;2023-03-09 19:50:42.590000;1;109166;1;1;21800.0000;1;20945.0000;None;226200.0000
24216;2023-03-09 19:50:42.590000;6;101494;1;1;0.0000;1;20945.0000;None;226200.0000
24216;2023-03-09 19:50:42.590000;3;201146;1;1;6800.0000;1;20945.0000;None;226200.0000
24216;2023-03-09 19:50:42.590000;3;200644;1;1;6800.0000;1;20945.0000;None;226200.0000
24216;2023-03-09 19:50:42.590000;3;101641;1;1;0.0000;1;20945.0000;None;226200.0000
24216;2023-03-09 19:50:42.590000;3;101641;1;1;0.0000;1;20945.0000;None;226200.0000
24216;2023-03-09 19:50:42.590000;7;2042;1;1;0.0000;1;20945.0000;None;226200.0000
24216;2023-03-09 19:55:51.553000;1;104893;1;1;129800.0000;1;20945.0000;None;226200.0000
24216;2023-03-09 19:55:51.553000;7;1128;1;1;0.0000;1;20945.0000;None;226200.0000
24216;2023-03-09 19:55:51.553000;7;1128;1;1;0.0000;1;20945.0000;None;226200.0000
24216;2023-03-09 19:55:51.553000;7;1006;1;1;0.0000;1;20945.0000;None;226200.0000
24216;2023-03-09 19:55:51.553000;6;101604;1;1;0.0000;1;20945.0000;None;226200.0000
24216;2023-03-09 19:55:51.553000;1;101433;1;1;0.0000;1;20945.0000;None;226200.0000
24216;2023-03-09 19:55:51.553000;1;102132;1;1;6800.0000;1;20945.0000;None;226200.0000
24216;2023-03-09 19:55:51.553000;7;1045;1;1;0.0000;1;20945.0000;None;226200.0000
24216;2023-03-09 19:55:51.553000;7;1045;1;1;0.0000;1;20945.0000;None;226200.0000
24216;2023-03-09 19:55:51.553000;7;1045;1;1;0.0000;1;20945.0000;None;226200.0000
24216;2023-03-09 21:21:57.353000;3;100601;1;1;5800.0000;1;20945.0000;None;226200.0000
24216;2023-03-09 21:21:57.353000;3;104554;1;1;4800.0000;1;20945.0000;None;226200.0000
24216;2023-03-09 21:21:57.353000;1;105421;1;1;18800.0000;1;20945.0000;None;226200.0000
24218;2023-03-09 19:12:51.743000;2;201959;1;1;13800.0000;1;None;None;363400.0000
24218;2023-03-09 19:12:51.743000;2;108119;1;1;55800.0000;1;None;None;363400.0000
24218;2023-03-09 19:12:51.743000;6;105631;1;1;0.0000;1;None;None;363400.0000
24218;2023-03-09 19:12:51.743000;2;108119;1;1;55800.0000;1;None;None;363400.0000
24218;2023-03-09 19:12:51.743000;6;105631;1;1;0.0000;1;None;None;363400.0000
24218;2023-03-09 19:41:45.070000;2;108119;1;1;55800.0000;1;None;None;363400.0000
24218;2023-03-09 19:41:45.070000;6;105631;1;1;0.0000;1;None;None;363400.0000
24218;2023-03-09 19:41:45.070000;2;108119;1;1;55800.0000;1;None;None;363400.0000
24218;2023-03-09 19:41:45.070000;6;105631;1;1;0.0000;1;None;None;363400.0000
24218;2023-03-09 19:49:48.060000;2;108119;1;1;55800.0000;1;None;None;363400.0000
24218;2023-03-09 19:49:48.060000;6;102629;1;1;0.0000;1;None;None;363400.0000
24218;2023-03-09 19:49:48.060000;7;2044;1;1;0.0000;1;None;None;363400.0000
24218;2023-03-09 19:59:30.943000;2;108119;1;1;55800.0000;1;None;None;363400.0000
24218;2023-03-09 19:59:30.943000;6;102629;1;1;0.0000;1;None;None;363400.0000
24218;2023-03-09 21:46:33.960000;2;201615;1;1;14800.0000;1;None;None;363400.0000
24219;2023-03-09 21:25:48.063000;2;101728;1;1;33800.0000;1;13167.0000;None;142200.0000
24219;2023-03-09 21:25:48.063000;2;108120;1;1;43800.0000;1;13167.0000;None;142200.0000
24219;2023-03-09 21:25:48.063000;6;102629;1;1;0.0000;1;13167.0000;None;142200.0000
24219;2023-03-09 21:47:26.737000;1;103226;1;1;26800.0000;1;13167.0000;None;142200.0000
24219;2023-03-09 21:47:26.737000;1;102009;1;1;37800.0000;1;13167.0000;None;142200.0000
