753;2023-03-11 16:47:17.277000;6;106272;1;1;0.0000;1;67185.0000;None;725600.0000
753;2023-03-11 16:47:17.277000;2;108100;1;1;44800.0000;1;67185.0000;None;725600.0000
753;2023-03-11 16:47:17.277000;2;103222;1;1;20800.0000;1;67185.0000;None;725600.0000
753;2023-03-11 16:54:32.107000;1;107010;1;1;89800.0000;1;67185.0000;None;725600.0000
753;2023-03-11 16:54:32.107000;7;1006;1;1;0.0000;1;67185.0000;None;725600.0000
753;2023-03-11 16:54:32.107000;6;101477;1;1;0.0000;1;67185.0000;None;725600.0000
753;2023-03-11 16:54:32.107000;1;101433;1;1;0.0000;1;67185.0000;None;725600.0000
753;2023-03-11 16:54:32.107000;1;103945;1;1;69800.0000;1;67185.0000;None;725600.0000
753;2023-03-11 16:54:32.107000;7;1002;1;1;0.0000;1;67185.0000;None;725600.0000
753;2023-03-11 16:54:32.107000;6;101477;1;1;0.0000;1;67185.0000;None;725600.0000
753;2023-03-11 16:54:32.107000;6;109655;1;1;0.0000;1;67185.0000;None;725600.0000
753;2023-03-11 17:15:06.883000;3;201211;1;1;6800.0000;1;67185.0000;None;725600.0000
753;2023-03-11 17:33:17.967000;2;108100;1;1;44800.0000;1;67185.0000;None;725600.0000
753;2023-03-11 17:33:17.967000;3;100614;1;1;5800.0000;1;67185.0000;None;725600.0000
753;2023-03-11 18:00:52.183000;2;101802;1;1;27800.0000;1;67185.0000;None;725600.0000
753;2023-03-11 18:00:52.183000;6;102629;1;1;0.0000;1;67185.0000;None;725600.0000
753;2023-03-11 18:00:52.183000;7;2039;1;1;0.0000;1;67185.0000;None;725600.0000
753;2023-03-11 18:05:39.510000;2;101802;1;1;27800.0000;1;67185.0000;None;725600.0000
753;2023-03-11 18:05:39.510000;6;102629;1;1;0.0000;1;67185.0000;None;725600.0000
753;2023-03-11 18:46:46.733000;2;200716;1;1;371800.0000;1;67185.0000;None;725600.0000
753;2023-03-11 18:46:46.733000;7;2008;1;2;0.0000;1;67185.0000;None;725600.0000
753;2023-03-11 18:46:46.733000;6;102629;1;1;0.0000;1;67185.0000;None;725600.0000
753;2023-03-11 18:46:46.733000;6;102629;1;1;0.0000;1;67185.0000;None;725600.0000
753;2023-03-11 18:46:46.733000;6;102629;1;1;0.0000;1;67185.0000;None;725600.0000
753;2023-03-11 18:46:46.733000;6;102629;1;1;0.0000;1;67185.0000;None;725600.0000
753;2023-03-11 18:46:46.733000;3;102751;1;1;8800.0000;1;67185.0000;None;725600.0000
753;2023-03-11 18:46:46.733000;7;1207;1;1;0.0000;1;67185.0000;None;725600.0000
753;2023-03-11 19:14:37.053000;1;101300;2;2;54200.0000;1;67185.0000;None;725600.0000
753;2023-03-11 19:14:37.053000;7;1319;1;1;0.0000;1;67185.0000;None;725600.0000
753;2023-03-11 19:14:37.053000;7;1319;1;1;0.0000;1;67185.0000;None;725600.0000
753;2023-03-11 19:14:37.053000;7;1135;1;1;0.0000;1;67185.0000;None;725600.0000
753;2023-03-11 19:16:12.867000;1;101300;2;-2;-54200.0000;1;67185.0000;None;725600.0000
753;2023-03-11 19:16:12.867000;7;1319;1;-1;0.0000;1;67185.0000;None;725600.0000
753;2023-03-11 19:16:12.867000;7;1319;1;-1;0.0000;1;67185.0000;None;725600.0000
753;2023-03-11 19:16:12.867000;7;1135;1;-1;0.0000;1;67185.0000;None;725600.0000
753;2023-03-11 19:22:20.140000;3;201146;1;1;6800.0000;1;67185.0000;None;725600.0000
12614;2023-03-11 12:10:42.140000;6;106272;1;1;0.0000;1;98047.0000;None;1058900.0000
12614;2023-03-11 12:10:42.140000;3;102747;1;1;4800.0000;1;98047.0000;None;1058900.0000
12614;2023-03-11 12:10:42.140000;7;2006;1;1;0.0000;1;98047.0000;None;1058900.0000
12614;2023-03-11 12:10:42.140000;3;200644;1;1;6800.0000;1;98047.0000;None;1058900.0000
12614;2023-03-11 12:10:42.140000;3;101641;1;1;0.0000;1;98047.0000;None;1058900.0000
12614;2023-03-11 12:15:46.370000;2;101808;1;1;185800.0000;1;98047.0000;None;1058900.0000
12614;2023-03-11 12:15:46.370000;6;102629;1;1;0.0000;1;98047.0000;None;1058900.0000
12614;2023-03-11 12:15:46.370000;2;101808;1;1;185800.0000;1;98047.0000;None;1058900.0000
12614;2023-03-11 12:15:46.370000;6;102629;1;1;0.0000;1;98047.0000;None;1058900.0000
12614;2023-03-11 12:24:00.843000;2;101808;1;1;185800.0000;1;98047.0000;None;1058900.0000
12614;2023-03-11 12:24:00.843000;6;102629;1;1;0.0000;1;98047.0000;None;1058900.0000
12614;2023-03-11 12:24:00.843000;7;2049;1;1;0.0000;1;98047.0000;None;1058900.0000
12614;2023-03-11 12:24:00.843000;7;2049;1;1;0.0000;1;98047.0000;None;1058900.0000
12614;2023-03-11 12:24:00.843000;7;2049;1;1;0.0000;1;98047.0000;None;1058900.0000
12614;2023-03-11 12:35:31.347000;1;103749;1;1;14800.0000;1;98047.0000;None;1058900.0000
12614;2023-03-11 12:35:31.347000;1;103768;1;1;32800.0000;1;98047.0000;None;1058900.0000
12614;2023-03-11 12:35:31.347000;1;103771;1;1;17800.0000;1;98047.0000;None;1058900.0000
12614;2023-03-11 12:35:31.347000;1;103771;1;1;17800.0000;1;98047.0000;None;1058900.0000
12614;2023-03-11 12:40:12.703000;1;100855;1;1;28800.0000;1;98047.0000;None;1058900.0000
12614;2023-03-11 12:40:12.703000;1;100974;1;1;17800.0000;1;98047.0000;None;1058900.0000
12614;2023-03-11 12:40:12.703000;7;1054;1;1;0.0000;1;98047.0000;None;1058900.0000
12614;2023-03-11 12:40:12.703000;1;101301;1;1;52800.0000;1;98047.0000;None;1058900.0000
12614;2023-03-11 12:40:12.703000;1;109458;1;1;26800.0000;1;98047.0000;None;1058900.0000
12614;2023-03-11 12:40:12.703000;7;1054;1;1;0.0000;1;98047.0000;None;1058900.0000
12614;2023-03-11 12:40:12.703000;7;1045;1;1;0.0000;1;98047.0000;None;1058900.0000
12614;2023-03-11 12:40:12.703000;7;1045;1;1;0.0000;1;98047.0000;None;1058900.0000
12614;2023-03-11 12:40:12.703000;7;1045;1;1;0.0000;1;98047.0000;None;1058900.0000
12614;2023-03-11 12:40:12.703000;7;1045;1;1;0.0000;1;98047.0000;None;1058900.0000
12614;2023-03-11 12:44:22.323000;3;200644;1;1;6800.0000;1;98047.0000;None;1058900.0000
12614;2023-03-11 12:44:22.323000;7;2042;1;1;0.0000;1;98047.0000;None;1058900.0000
12614;2023-03-11 12:44:22.323000;3;201211;1;1;6800.0000;1;98047.0000;None;1058900.0000
12614;2023-03-11 12:44:22.323000;7;2042;1;1;0.0000;1;98047.0000;None;1058900.0000
12614;2023-03-11 12:50:39.710000;1;101130;1;1;31800.0000;1;98047.0000;None;1058900.0000
12614;2023-03-11 12:50:39.710000;1;101661;1;1;54800.0000;1;98047.0000;None;1058900.0000
12614;2023-03-11 12:50:39.727000;1;103840;1;1;69800.0000;1;98047.0000;None;1058900.0000
12614;2023-03-11 12:56:56.733000;3;100607;1;1;6800.0000;1;98047.0000;None;1058900.0000
12614;2023-03-11 12:58:15.090000;7;1204;1;1;0.0000;1;98047.0000;None;1058900.0000
12614;2023-03-11 12:58:15.090000;7;1204;1;1;0.0000;1;98047.0000;None;1058900.0000
12614;2023-03-11 12:58:15.090000;7;1204;1;1;0.0000;1;98047.0000;None;1058900.0000
12614;2023-03-11 12:58:15.090000;7;1204;1;1;0.0000;1;98047.0000;None;1058900.0000
12614;2023-03-11 13:14:23.360000;3;102635;1;1;8800.0000;1;98047.0000;None;1058900.0000
12614;2023-03-11 13:14:23.360000;7;2042;1;1;0.0000;1;98047.0000;None;1058900.0000
12614;2023-03-11 13:26:25.773000;1;101308;1;1;19800.0000;1;98047.0000;None;1058900.0000
12614;2023-03-11 13:26:25.773000;1;105421;1;1;18800.0000;1;98047.0000;None;1058900.0000
12614;2023-03-11 13:26:25.773000;1;101891;1;1;16800.0000;1;98047.0000;None;1058900.0000
12614;2023-03-11 13:26:25.773000;1;102905;1;1;5500.0000;1;98047.0000;None;1058900.0000
12614;2023-03-11 13:26:25.773000;1;103092;1;1;8800.0000;1;98047.0000;None;1058900.0000
12614;2023-03-11 13:26:25.773000;3;100606;1;1;6800.0000;1;98047.0000;None;1058900.0000
12614;2023-03-11 13:26:25.773000;3;100606;1;1;6800.0000;1;98047.0000;None;1058900.0000
12614;2023-03-11 13:26:25.773000;3;100614;1;1;5800.0000;1;98047.0000;None;1058900.0000
12614;2023-03-11 13:26:25.773000;3;100614;1;1;5800.0000;1;98047.0000;None;1058900.0000
12615;2023-03-11 14:10:04.110000;6;106272;1;1;0.0000;1;23056.0000;None;249000.0000
12615;2023-03-11 14:10:04.110000;2;201615;1;1;14800.0000;1;23056.0000;None;249000.0000
12615;2023-03-11 14:10:04.110000;2;101878;1;1;29800.0000;1;23056.0000;None;249000.0000
12615;2023-03-11 14:23:44.957000;1;103773;1;2;29600.0000;1;23056.0000;None;249000.0000
12615;2023-03-11 14:23:44.957000;7;1001;1;1;0.0000;1;23056.0000;None;249000.0000
12615;2023-03-11 14:23:44.957000;1;103946;1;1;79800.0000;1;23056.0000;None;249000.0000
12615;2023-03-11 14:23:44.957000;7;1008;1;1;0.0000;1;23056.0000;None;249000.0000
12615;2023-03-11 14:23:44.957000;7;1026;1;1;0.0000;1;23056.0000;None;249000.0000
12615;2023-03-11 14:23:44.957000;6;101604;1;1;0.0000;1;23056.0000;None;249000.0000
12615;2023-03-11 14:23:44.957000;1;101433;1;1;0.0000;1;23056.0000;None;249000.0000
12615;2023-03-11 14:23:44.957000;1;102132;1;1;6800.0000;1;23056.0000;None;249000.0000
12615;2023-03-11 14:23:44.957000;1;107006;1;1;51800.0000;1;23056.0000;None;249000.0000
12615;2023-03-11 14:23:44.957000;7;1008;1;1;0.0000;1;23056.0000;None;249000.0000
12615;2023-03-11 14:23:44.957000;7;1026;1;1;0.0000;1;23056.0000;None;249000.0000
12615;2023-03-11 14:23:44.957000;6;101604;1;1;0.0000;1;23056.0000;None;249000.0000
12615;2023-03-11 14:23:44.957000;1;101433;1;1;0.0000;1;23056.0000;None;249000.0000
12615;2023-03-11 14:23:44.957000;1;102132;1;1;6800.0000;1;23056.0000;None;249000.0000
12615;2023-03-11 14:51:18.527000;7;1204;1;1;0.0000;1;23056.0000;None;249000.0000
12615;2023-03-11 14:51:18.527000;7;1204;1;1;0.0000;1;23056.0000;None;249000.0000
12615;2023-03-11 14:51:18.527000;7;1204;1;1;0.0000;1;23056.0000;None;249000.0000
12615;2023-03-11 14:56:35.583000;2;201615;1;1;14800.0000;1;23056.0000;None;249000.0000
12615;2023-03-11 14:56:35.583000;2;201615;1;1;14800.0000;1;23056.0000;None;249000.0000
12616;2023-03-11 14:34:35.797000;6;106272;1;2;0.0000;1;46611.0000;None;503400.0000
12616;2023-03-11 14:34:35.797000;3;104446;1;1;5800.0000;1;46611.0000;None;503400.0000
12616;2023-03-11 14:34:35.797000;3;102749;1;3;17400.0000;1;46611.0000;None;503400.0000
12616;2023-03-11 14:34:35.797000;3;102748;1;3;47400.0000;1;46611.0000;None;503400.0000
12616;2023-03-11 14:34:35.797000;1;101659;1;1;46800.0000;1;46611.0000;None;503400.0000
12616;2023-03-11 14:34:35.797000;1;101433;1;1;0.0000;1;46611.0000;None;503400.0000
12616;2023-03-11 14:34:35.797000;1;102132;1;1;6800.0000;1;46611.0000;None;503400.0000
12616;2023-03-11 14:34:35.797000;1;101659;1;1;46800.0000;1;46611.0000;None;503400.0000
12616;2023-03-11 14:34:35.797000;1;101522;1;1;0.0000;1;46611.0000;None;503400.0000
12616;2023-03-11 14:34:35.797000;1;107006;1;1;51800.0000;1;46611.0000;None;503400.0000
12616;2023-03-11 14:34:35.797000;7;1026;1;1;0.0000;1;46611.0000;None;503400.0000
12616;2023-03-11 14:34:35.797000;6;101589;1;1;0.0000;1;46611.0000;None;503400.0000
12616;2023-03-11 14:34:35.797000;1;101522;1;1;0.0000;1;46611.0000;None;503400.0000
12616;2023-03-11 14:34:35.797000;1;107006;1;1;51800.0000;1;46611.0000;None;503400.0000
12616;2023-03-11 14:34:35.797000;7;1026;1;1;0.0000;1;46611.0000;None;503400.0000
12616;2023-03-11 14:34:35.797000;6;101589;1;1;0.0000;1;46611.0000;None;503400.0000
12616;2023-03-11 14:34:35.797000;1;101552;1;1;0.0000;1;46611.0000;None;503400.0000
12616;2023-03-11 14:34:35.797000;1;108700;1;1;28800.0000;1;46611.0000;None;503400.0000
12616;2023-03-11 14:34:35.797000;1;102030;1;1;25800.0000;1;46611.0000;None;503400.0000
12616;2023-03-11 14:34:35.797000;1;107006;1;1;51800.0000;1;46611.0000;None;503400.0000
12616;2023-03-11 14:34:35.797000;7;1026;1;1;0.0000;1;46611.0000;None;503400.0000
12616;2023-03-11 14:34:35.797000;6;101589;1;1;0.0000;1;46611.0000;None;503400.0000
12616;2023-03-11 14:34:35.797000;1;101552;1;1;0.0000;1;46611.0000;None;503400.0000
12616;2023-03-11 14:34:35.797000;1;101659;1;1;46800.0000;1;46611.0000;None;503400.0000
12616;2023-03-11 14:34:35.797000;1;101522;1;1;0.0000;1;46611.0000;None;503400.0000
12616;2023-03-11 15:40:11.187000;1;103995;1;1;24800.0000;1;46611.0000;None;503400.0000
12616;2023-03-11 15:40:11.187000;1;101425;1;1;17800.0000;1;46611.0000;None;503400.0000
12616;2023-03-11 15:40:11.187000;3;100606;1;4;27200.0000;1;46611.0000;None;503400.0000
12616;2023-03-11 15:40:11.187000;3;100601;1;1;5800.0000;1;46611.0000;None;503400.0000
12617;2023-03-11 14:58:57.467000;6;106272;1;2;0.0000;1;55148.0000;None;595600.0000
12617;2023-03-11 14:58:57.467000;3;201146;1;2;13600.0000;1;55148.0000;None;595600.0000
12617;2023-03-11 14:58:57.467000;7;2050;1;2;0.0000;1;55148.0000;None;595600.0000
12617;2023-03-11 14:58:57.467000;7;2002;1;1;0.0000;1;55148.0000;None;595600.0000
12617;2023-03-11 14:58:57.467000;3;102635;1;1;8800.0000;1;55148.0000;None;595600.0000
12617;2023-03-11 14:58:57.467000;7;2042;1;1;0.0000;1;55148.0000;None;595600.0000
12617;2023-03-11 14:58:57.467000;2;101878;1;2;59600.0000;1;55148.0000;None;595600.0000
12617;2023-03-11 15:07:06.667000;1;102082;1;1;26800.0000;1;55148.0000;None;595600.0000
12617;2023-03-11 15:07:06.667000;1;108314;1;1;39800.0000;1;55148.0000;None;595600.0000
12617;2023-03-11 15:28:11.293000;1;102903;1;1;36800.0000;1;55148.0000;None;595600.0000
12617;2023-03-11 15:28:11.293000;6;101563;1;1;0.0000;1;55148.0000;None;595600.0000
12617;2023-03-11 15:28:11.293000;7;1006;1;1;0.0000;1;55148.0000;None;595600.0000
12617;2023-03-11 15:28:11.293000;6;101592;1;1;0.0000;1;55148.0000;None;595600.0000
12617;2023-03-11 15:28:11.293000;6;101583;1;1;0.0000;1;55148.0000;None;595600.0000
12617;2023-03-11 15:28:11.293000;6;101487;1;1;0.0000;1;55148.0000;None;595600.0000
12617;2023-03-11 15:28:11.293000;7;1090;1;1;0.0000;1;55148.0000;None;595600.0000
12617;2023-03-11 15:46:55.110000;1;103160;1;1;16800.0000;1;55148.0000;None;595600.0000
12617;2023-03-11 15:46:55.110000;1;101176;1;1;41800.0000;1;55148.0000;None;595600.0000
12617;2023-03-11 15:46:55.110000;6;101585;1;1;0.0000;1;55148.0000;None;595600.0000
12617;2023-03-11 15:46:55.110000;1;105864;1;1;43800.0000;1;55148.0000;None;595600.0000
12617;2023-03-11 15:46:55.110000;1;101111;1;1;48800.0000;1;55148.0000;None;595600.0000
12617;2023-03-11 15:46:55.110000;1;109614;1;1;45800.0000;1;55148.0000;None;595600.0000
12617;2023-03-11 15:46:55.110000;7;1135;1;1;0.0000;1;55148.0000;None;595600.0000
12617;2023-03-11 15:46:55.110000;7;1214;1;1;0.0000;1;55148.0000;None;595600.0000
12617;2023-03-11 15:46:55.110000;7;1214;1;1;0.0000;1;55148.0000;None;595600.0000
12617;2023-03-11 15:48:51.877000;1;103818;1;1;109800.0000;1;55148.0000;None;595600.0000
12617;2023-03-11 15:48:51.877000;7;1002;1;1;0.0000;1;55148.0000;None;595600.0000
12617;2023-03-11 15:48:51.877000;6;101604;1;1;0.0000;1;55148.0000;None;595600.0000
12617;2023-03-11 15:48:51.877000;1;101433;1;1;0.0000;1;55148.0000;None;595600.0000
12617;2023-03-11 15:48:51.877000;1;102132;1;1;6800.0000;1;55148.0000;None;595600.0000
12617;2023-03-11 15:48:51.877000;1;103400;1;1;12800.0000;1;55148.0000;None;595600.0000
12617;2023-03-11 15:51:23.477000;2;101878;1;1;29800.0000;1;55148.0000;None;595600.0000
12617;2023-03-11 15:51:23.477000;2;101878;1;1;29800.0000;1;55148.0000;None;595600.0000
12617;2023-03-11 15:53:20.967000;3;201146;1;1;6800.0000;1;55148.0000;None;595600.0000
12617;2023-03-11 15:53:20.967000;7;2050;1;1;0.0000;1;55148.0000;None;595600.0000
12617;2023-03-11 16:55:11.233000;3;100614;1;1;5800.0000;1;55148.0000;None;595600.0000
12617;2023-03-11 16:55:11.233000;3;100601;1;1;5800.0000;1;55148.0000;None;595600.0000
12617;2023-03-11 16:55:11.233000;3;100601;1;1;5800.0000;1;55148.0000;None;595600.0000
12618;2023-03-11 15:32:48.823000;6;106272;1;1;0.0000;1;46797.0000;None;505400.0000
12618;2023-03-11 15:32:48.823000;1;100951;1;1;39800.0000;1;46797.0000;None;505400.0000
12618;2023-03-11 15:32:48.823000;7;1001;1;1;0.0000;1;46797.0000;None;505400.0000
12618;2023-03-11 15:32:48.823000;1;101062;1;1;79800.0000;1;46797.0000;None;505400.0000
12618;2023-03-11 15:32:48.823000;1;101433;1;1;0.0000;1;46797.0000;None;505400.0000
12618;2023-03-11 15:32:48.823000;6;101604;1;1;0.0000;1;46797.0000;None;505400.0000
12618;2023-03-11 15:32:48.823000;7;1006;1;1;0.0000;1;46797.0000;None;505400.0000
12618;2023-03-11 15:32:48.823000;1;102132;1;1;6800.0000;1;46797.0000;None;505400.0000
12618;2023-03-11 15:32:48.823000;1;107005;1;1;65800.0000;1;46797.0000;None;505400.0000
12618;2023-03-11 15:32:48.823000;1;101433;1;1;0.0000;1;46797.0000;None;505400.0000
12618;2023-03-11 15:32:48.823000;6;101604;1;1;0.0000;1;46797.0000;None;505400.0000
12618;2023-03-11 15:32:48.823000;7;1002;1;1;0.0000;1;46797.0000;None;505400.0000
12618;2023-03-11 15:32:48.823000;1;102132;1;1;6800.0000;1;46797.0000;None;505400.0000
12618;2023-03-11 15:35:21.453000;2;201651;1;1;290800.0000;1;46797.0000;None;505400.0000
12618;2023-03-11 15:47:36.173000;7;1204;1;1;0.0000;1;46797.0000;None;505400.0000
12618;2023-03-11 15:47:36.173000;7;1204;1;1;0.0000;1;46797.0000;None;505400.0000
12618;2023-03-11 15:47:36.173000;7;1204;1;1;0.0000;1;46797.0000;None;505400.0000
12618;2023-03-11 16:32:36.843000;3;100614;1;1;5800.0000;1;46797.0000;None;505400.0000
12618;2023-03-11 16:32:36.843000;3;102102;1;1;9800.0000;1;46797.0000;None;505400.0000
12619;2023-03-11 20:00:09.053000;6;106272;1;1;0.0000;1;11463.0000;None;123800.0000
12619;2023-03-11 20:00:09.053000;3;201146;1;1;6800.0000;1;11463.0000;None;123800.0000
12619;2023-03-11 20:00:09.053000;7;2042;1;1;0.0000;1;11463.0000;None;123800.0000
12619;2023-03-11 20:00:09.053000;3;101641;1;1;0.0000;1;11463.0000;None;123800.0000
12619;2023-03-11 20:10:28.953000;1;103160;1;1;16800.0000;1;11463.0000;None;123800.0000
12619;2023-03-11 20:10:28.953000;1;107005;1;1;65800.0000;1;11463.0000;None;123800.0000
12619;2023-03-11 20:10:28.953000;7;1005;2;1;0.0000;1;11463.0000;None;123800.0000
12619;2023-03-11 20:10:28.953000;6;101589;1;1;0.0000;1;11463.0000;None;123800.0000
12619;2023-03-11 20:10:28.953000;1;101433;1;1;0.0000;1;11463.0000;None;123800.0000
12619;2023-03-11 20:10:28.953000;7;1128;1;1;0.0000;1;11463.0000;None;123800.0000
12619;2023-03-11 20:22:35.267000;2;201615;1;1;14800.0000;1;11463.0000;None;123800.0000
12619;2023-03-11 20:39:10.003000;3;104554;1;1;4800.0000;1;11463.0000;None;123800.0000
12619;2023-03-11 20:39:10.003000;2;201615;1;1;14800.0000;1;11463.0000;None;123800.0000
24266;2023-03-11 12:32:27.300000;7;1319;1;1;0.0000;1;None;None;62300.0000
24266;2023-03-11 12:32:27.300000;7;1319;1;1;0.0000;1;None;None;62300.0000
24266;2023-03-11 12:32:27.300000;7;1135;1;1;0.0000;1;None;None;62300.0000
24266;2023-03-11 12:32:27.300000;3;201210;2;1;6800.0000;1;None;None;62300.0000
24266;2023-03-11 12:32:27.300000;7;1207;1;1;0.0000;1;None;None;62300.0000
24266;2023-03-11 12:32:27.300000;1;101301;2;1;55500.0000;1;None;None;62300.0000
24266;2023-03-11 12:32:27.300000;7;1319;1;1;0.0000;1;None;None;62300.0000
24266;2023-03-11 12:32:27.300000;7;1135;1;1;0.0000;1;None;None;62300.0000
24267;2023-03-11 12:53:25.703000;6;106272;1;1;0.0000;1;22408.0000;None;242000.0000
24267;2023-03-11 12:53:25.703000;2;200152;1;1;109800.0000;1;22408.0000;None;242000.0000
24267;2023-03-11 12:53:25.703000;7;2008;1;2;0.0000;1;22408.0000;None;242000.0000
24267;2023-03-11 13:09:15.380000;1;103860;1;1;49800.0000;1;22408.0000;None;242000.0000
24267;2023-03-11 13:09:15.380000;1;103192;1;1;69800.0000;1;22408.0000;None;242000.0000
24267;2023-03-11 13:09:15.380000;1;101433;1;1;0.0000;1;22408.0000;None;242000.0000
24267;2023-03-11 13:38:43.467000;3;201269;1;1;6800.0000;1;22408.0000;None;242000.0000
24267;2023-03-11 14:03:39.180000;3;100614;1;1;5800.0000;1;22408.0000;None;242000.0000
24268;2023-03-11 13:00:11.140000;2;201187;1;1;10800.0000;1;41778.0000;None;451200.0000
24268;2023-03-11 13:00:11.140000;3;201206;1;1;6800.0000;1;41778.0000;None;451200.0000
24268;2023-03-11 13:00:11.140000;6;106272;1;1;0.0000;1;41778.0000;None;451200.0000
24268;2023-03-11 13:00:11.140000;2;101726;1;1;32800.0000;1;41778.0000;None;451200.0000
24268;2023-03-11 13:12:36.593000;1;102330;1;1;56800.0000;1;41778.0000;None;451200.0000
24268;2023-03-11 13:12:36.593000;1;103226;1;1;26800.0000;1;41778.0000;None;451200.0000
24268;2023-03-11 13:12:36.593000;1;104347;1;1;46800.0000;1;41778.0000;None;451200.0000
24268;2023-03-11 13:12:36.593000;7;1001;1;1;0.0000;1;41778.0000;None;451200.0000
24268;2023-03-11 13:12:36.593000;7;1214;1;1;0.0000;1;41778.0000;None;451200.0000
24268;2023-03-11 13:12:36.593000;7;1214;1;1;0.0000;1;41778.0000;None;451200.0000
24268;2023-03-11 13:12:36.593000;7;1214;1;1;0.0000;1;41778.0000;None;451200.0000
24268;2023-03-11 13:12:36.593000;1;104315;1;1;65800.0000;1;41778.0000;None;451200.0000
24268;2023-03-11 13:29:19.133000;2;201187;1;1;10800.0000;1;41778.0000;None;451200.0000
24268;2023-03-11 13:32:52.873000;3;102748;1;1;15800.0000;1;41778.0000;None;451200.0000
24268;2023-03-11 13:43:27.893000;2;101726;1;1;32800.0000;1;41778.0000;None;451200.0000
24268;2023-03-11 14:04:09.757000;1;104638;1;1;69800.0000;1;41778.0000;None;451200.0000
24268;2023-03-11 14:04:09.757000;7;1135;1;1;0.0000;1;41778.0000;None;451200.0000
24268;2023-03-11 14:14:40.540000;2;201187;1;1;10800.0000;1;41778.0000;None;451200.0000
24268;2023-03-11 14:14:40.540000;2;101726;1;1;32800.0000;1;41778.0000;None;451200.0000
24268;2023-03-11 14:17:13.077000;2;101726;1;1;32800.0000;1;41778.0000;None;451200.0000
24268;2023-03-11 14:17:46.783000;2;201187;1;-1;-10800.0000;1;41778.0000;None;451200.0000
24268;2023-03-11 14:34:02.987000;3;102102;1;1;9800.0000;1;41778.0000;None;451200.0000
24269;2023-03-11 13:06:45.037000;6;106272;1;1;0.0000;1;18704.0000;None;202000.0000
24269;2023-03-11 13:06:45.037000;3;102747;1;1;4800.0000;1;18704.0000;None;202000.0000
24269;2023-03-11 13:06:45.037000;3;102747;1;1;4800.0000;1;18704.0000;None;202000.0000
24269;2023-03-11 13:06:45.037000;3;201206;1;1;6800.0000;1;18704.0000;None;202000.0000
24269;2023-03-11 13:06:45.037000;1;106352;1;1;74800.0000;1;18704.0000;None;202000.0000
24269;2023-03-11 13:06:45.037000;7;1005;2;1;0.0000;1;18704.0000;None;202000.0000
24269;2023-03-11 13:06:45.037000;1;100974;1;1;17800.0000;1;18704.0000;None;202000.0000
24269;2023-03-11 13:06:45.037000;1;102499;1;1;41800.0000;1;18704.0000;None;202000.0000
24269;2023-03-11 13:06:45.037000;6;101563;1;1;0.0000;1;18704.0000;None;202000.0000
24269;2023-03-11 13:06:45.037000;7;1002;1;1;0.0000;1;18704.0000;None;202000.0000
24269;2023-03-11 13:06:45.037000;6;101487;1;1;0.0000;1;18704.0000;None;202000.0000
24269;2023-03-11 13:06:45.037000;6;101583;1;1;0.0000;1;18704.0000;None;202000.0000
24269;2023-03-11 13:06:45.037000;6;101592;1;1;0.0000;1;18704.0000;None;202000.0000
24269;2023-03-11 13:06:45.037000;1;102682;1;1;16800.0000;1;18704.0000;None;202000.0000
24269;2023-03-11 13:56:21.440000;1;103993;1;1;16800.0000;1;18704.0000;None;202000.0000
24269;2023-03-11 13:56:21.440000;1;101647;1;1;10800.0000;1;18704.0000;None;202000.0000
24269;2023-03-11 13:56:21.440000;3;100606;1;1;6800.0000;1;18704.0000;None;202000.0000
24270;2023-03-11 13:39:47.040000;3;104554;1;1;4800.0000;1;20556.0000;None;222000.0000
24270;2023-03-11 13:47:54.347000;3;102635;1;1;8800.0000;1;20556.0000;None;222000.0000
24270;2023-03-11 13:47:54.347000;7;2042;1;1;0.0000;1;20556.0000;None;222000.0000
24270;2023-03-11 13:48:12.410000;6;106272;1;1;0.0000;1;20556.0000;None;222000.0000
24270;2023-03-11 13:59:22.680000;1;103592;1;1;68800.0000;1;20556.0000;None;222000.0000
24270;2023-03-11 13:59:22.680000;1;101552;1;1;0.0000;1;20556.0000;None;222000.0000
24270;2023-03-11 13:59:22.680000;1;107010;1;1;89800.0000;1;20556.0000;None;222000.0000
24270;2023-03-11 13:59:22.680000;7;1002;1;1;0.0000;1;20556.0000;None;222000.0000
24270;2023-03-11 13:59:22.680000;6;101604;1;1;0.0000;1;20556.0000;None;222000.0000
24270;2023-03-11 13:59:22.680000;1;101433;1;1;0.0000;1;20556.0000;None;222000.0000
24270;2023-03-11 13:59:22.680000;1;102132;1;1;6800.0000;1;20556.0000;None;222000.0000
24270;2023-03-11 14:39:10.517000;3;100601;1;1;5800.0000;1;20556.0000;None;222000.0000
24270;2023-03-11 14:53:37.497000;3;100614;1;1;5800.0000;1;20556.0000;None;222000.0000
24270;2023-03-11 15:16:44.237000;1;102403;1;1;19800.0000;1;20556.0000;None;222000.0000
24270;2023-03-11 15:17:18.003000;3;100614;1;2;11600.0000;1;20556.0000;None;222000.0000
24270;2023-03-11 15:17:18.003000;7;1207;1;1;0.0000;1;20556.0000;None;222000.0000
24271;2023-03-11 13:59:43.213000;3;200007;1;1;12800.0000;1;33463.0000;None;361400.0000
24271;2023-03-11 14:04:37.227000;3;200009;1;1;9800.0000;1;33463.0000;None;361400.0000
24271;2023-03-11 14:04:37.227000;3;201237;1;1;6800.0000;1;33463.0000;None;361400.0000
24271;2023-03-11 14:04:37.227000;3;102747;1;1;4800.0000;1;33463.0000;None;361400.0000
24271;2023-03-11 14:09:14.913000;3;102635;1;1;8800.0000;1;33463.0000;None;361400.0000
24271;2023-03-11 14:10:05.393000;3;200009;1;-1;-9800.0000;1;33463.0000;None;361400.0000
24271;2023-03-11 14:13:05.177000;1;103823;1;1;32800.0000;1;33463.0000;None;361400.0000
24271;2023-03-11 14:13:05.177000;1;102008;1;1;33800.0000;1;33463.0000;None;361400.0000
24271;2023-03-11 14:13:05.177000;1;104873;1;1;37800.0000;1;33463.0000;None;361400.0000
24271;2023-03-11 14:13:05.177000;1;103774;1;1;63800.0000;1;33463.0000;None;361400.0000
24271;2023-03-11 14:13:05.177000;7;1135;1;1;0.0000;1;33463.0000;None;361400.0000
24271;2023-03-11 14:13:05.177000;7;1001;1;1;0.0000;1;33463.0000;None;361400.0000
24271;2023-03-11 14:13:05.177000;1;101302;1;1;26800.0000;1;33463.0000;None;361400.0000
24271;2023-03-11 14:13:05.177000;1;101302;1;1;26800.0000;1;33463.0000;None;361400.0000
24271;2023-03-11 14:13:05.177000;1;104886;1;1;29800.0000;1;33463.0000;None;361400.0000
24271;2023-03-11 14:13:05.177000;1;104638;1;1;69800.0000;1;33463.0000;None;361400.0000
24271;2023-03-11 14:52:08.703000;7;1204;1;1;0.0000;1;33463.0000;None;361400.0000
24271;2023-03-11 14:53:26.783000;3;201269;1;1;6800.0000;1;33463.0000;None;361400.0000
24272;2023-03-11 14:13:32.330000;6;106272;1;1;0.0000;1;35852.0000;None;387200.0000
24272;2023-03-11 14:17:48.603000;1;109653;1;1;29800.0000;1;35852.0000;None;387200.0000
24272;2023-03-11 14:26:12.217000;2;201615;1;3;44400.0000;1;35852.0000;None;387200.0000
24272;2023-03-11 14:26:12.217000;2;200480;1;1;12800.0000;1;35852.0000;None;387200.0000
24272;2023-03-11 14:28:01.450000;1;107004;1;1;52800.0000;1;35852.0000;None;387200.0000
24272;2023-03-11 14:28:01.450000;7;1006;1;1;0.0000;1;35852.0000;None;387200.0000
24272;2023-03-11 14:28:01.450000;1;101552;1;1;0.0000;1;35852.0000;None;387200.0000
24272;2023-03-11 14:28:01.450000;6;101589;1;1;0.0000;1;35852.0000;None;387200.0000
24272;2023-03-11 14:28:01.450000;1;107004;1;1;52800.0000;1;35852.0000;None;387200.0000
24272;2023-03-11 14:28:01.450000;7;1006;1;1;0.0000;1;35852.0000;None;387200.0000
24272;2023-03-11 14:28:01.450000;1;101433;1;1;0.0000;1;35852.0000;None;387200.0000
24272;2023-03-11 14:28:01.450000;6;101589;1;1;0.0000;1;35852.0000;None;387200.0000
24272;2023-03-11 14:28:01.450000;1;107002;1;1;69800.0000;1;35852.0000;None;387200.0000
24272;2023-03-11 14:28:01.450000;7;1002;1;1;0.0000;1;35852.0000;None;387200.0000
24272;2023-03-11 14:28:01.450000;1;101433;1;1;0.0000;1;35852.0000;None;387200.0000
24272;2023-03-11 14:28:01.450000;6;101589;1;1;0.0000;1;35852.0000;None;387200.0000
24272;2023-03-11 14:28:01.450000;1;107002;1;1;69800.0000;1;35852.0000;None;387200.0000
24272;2023-03-11 14:28:01.450000;7;1006;1;1;0.0000;1;35852.0000;None;387200.0000
24272;2023-03-11 14:28:01.450000;1;101433;1;1;0.0000;1;35852.0000;None;387200.0000
24272;2023-03-11 14:28:01.450000;6;101589;1;1;0.0000;1;35852.0000;None;387200.0000
24272;2023-03-11 15:25:18.523000;3;102616;1;1;6800.0000;1;35852.0000;None;387200.0000
24272;2023-03-11 15:25:18.523000;7;2072;1;1;0.0000;1;35852.0000;None;387200.0000
24272;2023-03-11 15:25:18.523000;3;104554;1;2;9600.0000;1;35852.0000;None;387200.0000
24272;2023-03-11 15:25:18.523000;1;105421;1;1;18800.0000;1;35852.0000;None;387200.0000
24272;2023-03-11 15:25:18.523000;1;103166;1;1;19800.0000;1;35852.0000;None;387200.0000
24273;2023-03-11 14:13:52.580000;6;106272;1;1;0.0000;1;28148.0000;None;304000.0000
24273;2023-03-11 14:18:24.580000;3;102747;1;1;4800.0000;1;28148.0000;None;304000.0000
24273;2023-03-11 14:18:24.580000;3;201211;1;2;13600.0000;1;28148.0000;None;304000.0000
24273;2023-03-11 14:18:24.580000;3;200644;1;1;6800.0000;1;28148.0000;None;304000.0000
24273;2023-03-11 14:18:24.580000;3;101641;1;1;0.0000;1;28148.0000;None;304000.0000
24273;2023-03-11 14:18:24.580000;3;101641;1;1;0.0000;1;28148.0000;None;304000.0000
24273;2023-03-11 14:18:24.580000;3;200644;1;1;6800.0000;1;28148.0000;None;304000.0000
24273;2023-03-11 14:30:26.220000;1;101661;1;1;54800.0000;1;28148.0000;None;304000.0000
24273;2023-03-11 14:30:26.220000;1;101522;1;1;0.0000;1;28148.0000;None;304000.0000
24273;2023-03-11 14:30:26.220000;1;108487;1;1;28800.0000;1;28148.0000;None;304000.0000
24273;2023-03-11 14:30:26.220000;1;101092;1;1;63800.0000;1;28148.0000;None;304000.0000
24273;2023-03-11 14:30:26.220000;1;101522;1;1;0.0000;1;28148.0000;None;304000.0000
24273;2023-03-11 14:30:26.220000;1;104638;1;1;69800.0000;1;28148.0000;None;304000.0000
24273;2023-03-11 14:30:26.220000;1;101661;1;1;54800.0000;1;28148.0000;None;304000.0000
24273;2023-03-11 14:30:26.220000;6;109655;1;1;0.0000;1;28148.0000;None;304000.0000
24274;2023-03-11 14:25:52.917000;1;100978;2;1;30300.0000;1;None;None;85800.0000
24274;2023-03-11 14:25:52.917000;1;101301;2;1;55500.0000;1;None;None;85800.0000
24274;2023-03-11 14:25:52.917000;7;1319;1;1;0.0000;1;None;None;85800.0000
24274;2023-03-11 14:25:52.917000;7;1319;1;1;0.0000;1;None;None;85800.0000
24274;2023-03-11 14:25:52.917000;7;1135;1;1;0.0000;1;None;None;85800.0000
24275;2023-03-11 14:35:03.637000;6;106272;1;1;0.0000;1;14370.0000;None;155200.0000
24275;2023-03-11 14:35:03.637000;3;201237;1;1;6800.0000;1;14370.0000;None;155200.0000
24275;2023-03-11 14:35:03.637000;7;2076;1;1;0.0000;1;14370.0000;None;155200.0000
24275;2023-03-11 14:35:03.637000;2;201615;1;1;14800.0000;1;14370.0000;None;155200.0000
24275;2023-03-11 14:35:03.637000;1;104294;1;1;69800.0000;1;14370.0000;None;155200.0000
24275;2023-03-11 14:35:03.637000;7;1006;1;1;0.0000;1;14370.0000;None;155200.0000
24275;2023-03-11 14:35:03.637000;1;101522;1;1;0.0000;1;14370.0000;None;155200.0000
24275;2023-03-11 14:35:03.637000;6;101589;1;1;0.0000;1;14370.0000;None;155200.0000
24275;2023-03-11 14:35:03.637000;1;107007;1;1;63800.0000;1;14370.0000;None;155200.0000
24275;2023-03-11 14:35:03.637000;7;1002;1;1;0.0000;1;14370.0000;None;155200.0000
24275;2023-03-11 14:35:03.637000;1;101433;1;1;0.0000;1;14370.0000;None;155200.0000
24275;2023-03-11 14:35:03.637000;6;101589;1;1;0.0000;1;14370.0000;None;155200.0000
24276;2023-03-11 14:53:02.297000;6;106272;1;1;0.0000;1;33593.0000;None;362800.0000
24276;2023-03-11 14:53:02.297000;2;107760;1;1;68800.0000;1;33593.0000;None;362800.0000
24276;2023-03-11 14:53:02.297000;7;2008;1;2;0.0000;1;33593.0000;None;362800.0000
24276;2023-03-11 14:53:02.297000;1;100968;1;1;29800.0000;1;33593.0000;None;362800.0000
24276;2023-03-11 14:53:02.297000;1;108700;1;1;28800.0000;1;33593.0000;None;362800.0000
24276;2023-03-11 15:07:39.103000;1;104893;1;1;129800.0000;1;33593.0000;None;362800.0000
24276;2023-03-11 15:07:39.103000;1;101433;1;1;0.0000;1;33593.0000;None;362800.0000
24276;2023-03-11 15:07:39.103000;6;101604;1;1;0.0000;1;33593.0000;None;362800.0000
24276;2023-03-11 15:07:39.103000;7;1006;1;1;0.0000;1;33593.0000;None;362800.0000
24276;2023-03-11 15:07:39.103000;7;1128;1;1;0.0000;1;33593.0000;None;362800.0000
24276;2023-03-11 15:07:39.103000;1;104306;1;1;14800.0000;1;33593.0000;None;362800.0000
24276;2023-03-11 15:07:39.103000;7;1045;1;1;0.0000;1;33593.0000;None;362800.0000
24276;2023-03-11 15:25:37.683000;7;1204;1;1;0.0000;1;33593.0000;None;362800.0000
24276;2023-03-11 15:25:37.683000;7;1204;1;1;0.0000;1;33593.0000;None;362800.0000
24276;2023-03-11 15:25:37.683000;7;1204;1;1;0.0000;1;33593.0000;None;362800.0000
24276;2023-03-11 15:38:42.920000;3;201146;1;1;6800.0000;1;33593.0000;None;362800.0000
24276;2023-03-11 15:38:42.920000;7;2008;1;2;0.0000;1;33593.0000;None;362800.0000
24276;2023-03-11 15:38:42.920000;2;105918;1;1;27800.0000;1;33593.0000;None;362800.0000
24276;2023-03-11 15:38:42.920000;2;105918;1;1;27800.0000;1;33593.0000;None;362800.0000
24276;2023-03-11 15:58:13.353000;1;101891;1;1;16800.0000;1;33593.0000;None;362800.0000
24276;2023-03-11 15:58:13.353000;3;100614;1;2;11600.0000;1;33593.0000;None;362800.0000
24277;2023-03-11 15:14:12.087000;1;104873;2;1;39700.0000;1;None;None;84700.0000
24277;2023-03-11 15:14:12.087000;1;104281;2;1;45000.0000;1;None;None;84700.0000
24277;2023-03-11 15:14:12.087000;7;1135;1;1;0.0000;1;None;None;84700.0000
24277;2023-03-11 15:14:12.087000;7;1319;1;1;0.0000;1;None;None;84700.0000
24277;2023-03-11 15:14:12.087000;7;1319;1;1;0.0000;1;None;None;84700.0000
24277;2023-03-11 15:14:12.087000;7;1135;1;1;0.0000;1;None;None;84700.0000
24278;2023-03-11 15:16:28.197000;1;102884;2;1;20800.0000;1;None;None;83100.0000
24278;2023-03-11 15:16:28.197000;1;101301;2;1;55500.0000;1;None;None;83100.0000
24278;2023-03-11 15:16:28.197000;3;201210;2;1;6800.0000;1;None;None;83100.0000
24278;2023-03-11 15:16:28.197000;7;1319;1;1;0.0000;1;None;None;83100.0000
24278;2023-03-11 15:16:28.197000;7;1319;1;1;0.0000;1;None;None;83100.0000
24278;2023-03-11 15:16:28.197000;7;1135;1;1;0.0000;1;None;None;83100.0000
24278;2023-03-11 15:16:28.197000;7;1135;1;1;0.0000;1;None;None;83100.0000
24279;2023-03-11 15:33:02.117000;1;103823;1;1;32800.0000;1;None;None;32800.0000
24279;2023-03-11 15:33:02.117000;7;1135;1;1;0.0000;1;None;None;32800.0000
24280;2023-03-11 15:43:28.040000;1;104873;2;1;39700.0000;1;None;None;160000.0000
24280;2023-03-11 15:43:28.040000;1;104873;2;1;39700.0000;1;None;None;160000.0000
24280;2023-03-11 15:43:28.040000;1;103774;2;1;67000.0000;1;None;None;160000.0000
24280;2023-03-11 15:43:28.040000;3;201210;2;2;13600.0000;1;None;None;160000.0000
24280;2023-03-11 15:43:28.040000;7;1207;1;1;0.0000;1;None;None;160000.0000
24280;2023-03-11 15:43:28.040000;7;1319;1;1;0.0000;1;None;None;160000.0000
24280;2023-03-11 15:43:28.040000;7;1319;1;1;0.0000;1;None;None;160000.0000
24280;2023-03-11 15:43:28.040000;7;1135;1;1;0.0000;1;None;None;160000.0000
24281;2023-03-11 15:50:09.227000;6;106272;1;1;0.0000;1;47871.0000;None;517000.0000
24281;2023-03-11 15:50:09.227000;2;202613;1;1;115800.0000;1;47871.0000;None;517000.0000
24281;2023-03-11 15:50:09.227000;7;2008;1;4;0.0000;1;47871.0000;None;517000.0000
24281;2023-03-11 15:50:09.227000;3;102635;1;1;8800.0000;1;47871.0000;None;517000.0000
24281;2023-03-11 15:50:09.227000;7;2042;1;1;0.0000;1;47871.0000;None;517000.0000
24281;2023-03-11 15:50:09.227000;3;201146;1;1;6800.0000;1;47871.0000;None;517000.0000
24281;2023-03-11 15:50:09.227000;7;2050;1;1;0.0000;1;47871.0000;None;517000.0000
24281;2023-03-11 15:50:09.227000;3;201211;1;1;6800.0000;1;47871.0000;None;517000.0000
24281;2023-03-11 15:50:09.227000;7;2042;1;1;0.0000;1;47871.0000;None;517000.0000
24281;2023-03-11 15:50:09.227000;1;103810;1;1;30800.0000;1;47871.0000;None;517000.0000
24281;2023-03-11 15:50:09.227000;1;104010;1;1;15800.0000;1;47871.0000;None;517000.0000
24281;2023-03-11 15:50:09.227000;1;101111;1;1;48800.0000;1;47871.0000;None;517000.0000
24281;2023-03-11 15:50:09.227000;1;108668;1;1;21800.0000;1;47871.0000;None;517000.0000
24281;2023-03-11 15:50:09.227000;7;1214;1;1;0.0000;1;47871.0000;None;517000.0000
24281;2023-03-11 15:50:09.227000;7;1214;1;1;0.0000;1;47871.0000;None;517000.0000
24281;2023-03-11 16:10:46.073000;3;201206;1;1;6800.0000;1;47871.0000;None;517000.0000
24281;2023-03-11 16:28:59.087000;1;107010;1;1;89800.0000;1;47871.0000;None;517000.0000
24281;2023-03-11 16:28:59.087000;7;1128;1;1;0.0000;1;47871.0000;None;517000.0000
24281;2023-03-11 16:28:59.087000;7;1128;1;1;0.0000;1;47871.0000;None;517000.0000
24281;2023-03-11 16:28:59.087000;7;1007;1;1;0.0000;1;47871.0000;None;517000.0000
24281;2023-03-11 16:28:59.087000;1;101522;1;1;0.0000;1;47871.0000;None;517000.0000
24281;2023-03-11 16:28:59.087000;6;101589;1;1;0.0000;1;47871.0000;None;517000.0000
24281;2023-03-11 16:28:59.087000;1;108071;1;1;85800.0000;1;47871.0000;None;517000.0000
24281;2023-03-11 16:28:59.087000;1;103750;1;1;27800.0000;1;47871.0000;None;517000.0000
24281;2023-03-11 16:28:59.087000;1;109266;1;1;15800.0000;1;47871.0000;None;517000.0000
24281;2023-03-11 16:28:59.087000;7;1135;1;1;0.0000;1;47871.0000;None;517000.0000
24281;2023-03-11 16:28:59.087000;1;102569;1;1;28800.0000;1;47871.0000;None;517000.0000
24281;2023-03-11 17:11:58.257000;3;201211;1;1;6800.0000;1;47871.0000;None;517000.0000
24282;2023-03-11 15:51:06.723000;6;106272;1;1;0.0000;1;47898.0000;None;517300.0000
24282;2023-03-11 15:51:06.723000;1;103749;1;1;14800.0000;1;47898.0000;None;517300.0000
24282;2023-03-11 15:51:06.723000;1;103771;1;1;17800.0000;1;47898.0000;None;517300.0000
24282;2023-03-11 15:51:06.723000;1;109051;1;1;398800.0000;1;47898.0000;None;517300.0000
24282;2023-03-11 15:51:06.723000;7;1006;1;1;0.0000;1;47898.0000;None;517300.0000
24282;2023-03-11 15:51:06.723000;1;101552;1;1;0.0000;1;47898.0000;None;517300.0000
24282;2023-03-11 15:51:06.723000;1;101433;1;1;0.0000;1;47898.0000;None;517300.0000
24282;2023-03-11 15:51:06.723000;6;101589;1;2;0.0000;1;47898.0000;None;517300.0000
24282;2023-03-11 15:51:06.723000;6;101604;1;2;0.0000;1;47898.0000;None;517300.0000
24282;2023-03-11 15:51:06.723000;6;101494;1;2;0.0000;1;47898.0000;None;517300.0000
24282;2023-03-11 15:51:06.723000;6;109655;1;1;0.0000;1;47898.0000;None;517300.0000
24282;2023-03-11 15:51:06.723000;7;1214;1;1;0.0000;1;47898.0000;None;517300.0000
24282;2023-03-11 15:51:06.723000;7;1214;1;1;0.0000;1;47898.0000;None;517300.0000
24282;2023-03-11 15:51:06.723000;7;1214;1;1;0.0000;1;47898.0000;None;517300.0000
24282;2023-03-11 15:51:06.723000;7;1214;1;1;0.0000;1;47898.0000;None;517300.0000
24282;2023-03-11 15:52:09.263000;3;201206;1;1;6800.0000;1;47898.0000;None;517300.0000
24282;2023-03-11 15:52:09.263000;3;102639;1;1;9800.0000;1;47898.0000;None;517300.0000
24282;2023-03-11 15:52:09.263000;3;201146;1;1;6800.0000;1;47898.0000;None;517300.0000
24282;2023-03-11 15:57:23.387000;3;201146;1;-1;-6800.0000;1;47898.0000;None;517300.0000
24282;2023-03-11 15:57:23.387000;7;2042;1;-1;0.0000;1;47898.0000;None;517300.0000
24282;2023-03-11 15:58:37.110000;3;201206;1;1;6800.0000;1;47898.0000;None;517300.0000
24282;2023-03-11 15:58:37.110000;7;2050;1;1;0.0000;1;47898.0000;None;517300.0000
24282;2023-03-11 15:58:37.110000;7;2002;1;1;0.0000;1;47898.0000;None;517300.0000
24282;2023-03-11 16:52:50.387000;1;102910;1;1;5500.0000;1;47898.0000;None;517300.0000
24282;2023-03-11 16:52:50.387000;7;1216;1;1;0.0000;1;47898.0000;None;517300.0000
24282;2023-03-11 16:52:50.387000;1;102836;1;1;11800.0000;1;47898.0000;None;517300.0000
24282;2023-03-11 16:52:50.387000;1;101891;1;1;16800.0000;1;47898.0000;None;517300.0000
24282;2023-03-11 16:52:50.387000;1;101891;1;1;16800.0000;1;47898.0000;None;517300.0000
24282;2023-03-11 16:52:50.387000;3;100614;1;1;5800.0000;1;47898.0000;None;517300.0000
24282;2023-03-11 16:52:50.387000;3;100614;1;1;5800.0000;1;47898.0000;None;517300.0000
24283;2023-03-11 16:13:42.397000;6;106272;1;1;0.0000;1;11796.0000;None;127400.0000
24283;2023-03-11 16:13:42.397000;2;201187;1;1;10800.0000;1;11796.0000;None;127400.0000
24283;2023-03-11 16:21:22.487000;1;103818;1;1;109800.0000;1;11796.0000;None;127400.0000
24283;2023-03-11 16:21:22.487000;7;1007;1;1;0.0000;1;11796.0000;None;127400.0000
24283;2023-03-11 16:21:22.487000;6;101604;1;1;0.0000;1;11796.0000;None;127400.0000
24283;2023-03-11 16:21:22.487000;1;101433;1;1;0.0000;1;11796.0000;None;127400.0000
24283;2023-03-11 16:47:32.737000;3;201206;1;1;6800.0000;1;11796.0000;None;127400.0000
24284;2023-03-11 16:20:23.100000;2;200480;1;1;12800.0000;1;None;None;178200.0000
24284;2023-03-11 16:20:23.100000;2;201615;1;1;14800.0000;1;None;None;178200.0000
24284;2023-03-11 16:32:09.723000;1;104873;1;1;37800.0000;1;None;None;178200.0000
24284;2023-03-11 16:43:33.897000;1;102460;1;1;29800.0000;1;None;None;178200.0000
24284;2023-03-11 16:43:33.897000;3;102639;1;1;9800.0000;1;None;None;178200.0000
24284;2023-03-11 17:13:56.640000;1;105421;1;1;18800.0000;1;None;None;178200.0000
24284;2023-03-11 17:13:56.640000;1;105421;1;1;18800.0000;1;None;None;178200.0000
24284;2023-03-11 17:13:56.640000;1;105421;1;1;18800.0000;1;None;None;178200.0000
24284;2023-03-11 17:13:56.640000;1;101891;1;1;16800.0000;1;None;None;178200.0000
24286;2023-03-11 17:47:04.147000;6;106272;1;1;0.0000;1;24889.0000;None;268800.0000
24286;2023-03-11 17:47:04.147000;3;201146;1;1;6800.0000;1;24889.0000;None;268800.0000
24286;2023-03-11 17:47:04.147000;7;1207;1;2;0.0000;1;24889.0000;None;268800.0000
24286;2023-03-11 17:58:24.237000;2;202353;1;1;179800.0000;1;24889.0000;None;268800.0000
24286;2023-03-11 17:58:34.243000;1;109422;1;1;16800.0000;1;24889.0000;None;268800.0000
24286;2023-03-11 19:43:37.017000;1;108668;1;1;21800.0000;1;24889.0000;None;268800.0000
24286;2023-03-11 19:57:43.627000;1;108668;1;2;43600.0000;1;24889.0000;None;268800.0000
24286;2023-03-11 19:57:43.627000;7;1135;1;1;0.0000;1;24889.0000;None;268800.0000
24287;2023-03-11 17:48:03.223000;6;106272;1;2;0.0000;1;27815.0000;None;300400.0000
24287;2023-03-11 17:48:03.223000;3;200644;1;1;6800.0000;1;27815.0000;None;300400.0000
24287;2023-03-11 17:48:03.223000;3;101641;1;1;0.0000;1;27815.0000;None;300400.0000
24287;2023-03-11 17:48:03.223000;3;102635;1;1;8800.0000;1;27815.0000;None;300400.0000
24287;2023-03-11 17:48:03.223000;1;107771;1;1;79800.0000;1;27815.0000;None;300400.0000
24287;2023-03-11 17:48:03.223000;1;103160;1;1;16800.0000;1;27815.0000;None;300400.0000
24287;2023-03-11 17:48:03.223000;1;101176;1;1;41800.0000;1;27815.0000;None;300400.0000
24287;2023-03-11 17:48:03.223000;7;1001;1;1;0.0000;1;27815.0000;None;300400.0000
24287;2023-03-11 17:48:03.223000;1;104294;1;2;139600.0000;1;27815.0000;None;300400.0000
24287;2023-03-11 17:48:03.223000;7;1006;1;2;0.0000;1;27815.0000;None;300400.0000
24287;2023-03-11 17:48:03.223000;6;101589;1;2;0.0000;1;27815.0000;None;300400.0000
24287;2023-03-11 17:48:03.223000;1;101552;1;1;0.0000;1;27815.0000;None;300400.0000
24287;2023-03-11 17:48:03.223000;1;101433;1;1;0.0000;1;27815.0000;None;300400.0000
24287;2023-03-11 17:48:03.223000;1;102132;1;1;6800.0000;1;27815.0000;None;300400.0000
24287;2023-03-11 18:26:57.427000;7;1204;1;1;0.0000;1;27815.0000;None;300400.0000
24287;2023-03-11 18:26:57.427000;7;1204;1;1;0.0000;1;27815.0000;None;300400.0000
24287;2023-03-11 18:26:57.427000;7;1204;1;1;0.0000;1;27815.0000;None;300400.0000
24288;2023-03-11 18:10:34.587000;6;106272;1;1;0.0000;1;27167.0000;None;293400.0000
24288;2023-03-11 18:10:34.587000;3;102651;1;1;9800.0000;1;27167.0000;None;293400.0000
24288;2023-03-11 18:10:34.587000;3;100601;1;1;5800.0000;1;27167.0000;None;293400.0000
24288;2023-03-11 18:14:13.707000;1;109653;1;1;29800.0000;1;27167.0000;None;293400.0000
24288;2023-03-11 18:18:38.357000;1;104893;1;1;129800.0000;1;27167.0000;None;293400.0000
24288;2023-03-11 18:18:38.357000;1;107010;1;1;89800.0000;1;27167.0000;None;293400.0000
24288;2023-03-11 18:49:19.447000;1;108453;1;1;16800.0000;1;27167.0000;None;293400.0000
24288;2023-03-11 19:07:09.850000;3;102747;1;1;4800.0000;1;27167.0000;None;293400.0000
24288;2023-03-11 19:09:33.690000;3;100607;1;1;6800.0000;1;27167.0000;None;293400.0000
24289;2023-03-11 18:45:36.533000;1;101300;2;1;27100.0000;1;None;None;54200.0000
24289;2023-03-11 18:45:36.533000;1;101300;2;1;27100.0000;1;None;None;54200.0000
24289;2023-03-11 18:45:36.533000;7;1319;1;1;0.0000;1;None;None;54200.0000
24289;2023-03-11 18:45:36.533000;7;1135;1;1;0.0000;1;None;None;54200.0000
24290;2023-03-11 19:11:30.637000;6;106272;1;1;0.0000;1;14759.0000;None;159400.0000
24290;2023-03-11 19:11:30.637000;2;101944;1;1;23800.0000;1;14759.0000;None;159400.0000
24290;2023-03-11 19:11:30.637000;1;102070;1;1;55800.0000;1;14759.0000;None;159400.0000
24290;2023-03-11 19:11:30.637000;1;101062;1;1;79800.0000;1;14759.0000;None;159400.0000
24290;2023-03-11 19:11:30.637000;7;1004;1;1;0.0000;1;14759.0000;None;159400.0000
24290;2023-03-11 19:11:30.637000;6;101589;1;1;0.0000;1;14759.0000;None;159400.0000
24290;2023-03-11 19:11:30.637000;7;1059;1;1;0.0000;1;14759.0000;None;159400.0000
24292;2023-03-11 19:40:28.947000;6;106272;1;1;0.0000;1;9648.0000;None;104200.0000
24292;2023-03-11 19:40:28.947000;3;102748;1;1;15800.0000;1;9648.0000;None;104200.0000
24292;2023-03-11 19:40:28.947000;3;201211;1;1;6800.0000;1;9648.0000;None;104200.0000
24292;2023-03-11 19:40:28.947000;1;100974;1;1;17800.0000;1;9648.0000;None;104200.0000
24292;2023-03-11 19:40:28.947000;7;1001;1;1;0.0000;1;9648.0000;None;104200.0000
24292;2023-03-11 19:40:28.947000;1;107007;1;1;63800.0000;1;9648.0000;None;104200.0000
24292;2023-03-11 19:40:28.947000;1;101552;1;1;0.0000;1;9648.0000;None;104200.0000
24292;2023-03-11 19:40:28.947000;6;101589;1;1;0.0000;1;9648.0000;None;104200.0000
24292;2023-03-11 19:40:28.947000;7;1006;1;1;0.0000;1;9648.0000;None;104200.0000
24292;2023-03-11 19:40:28.947000;7;1128;1;1;0.0000;1;9648.0000;None;104200.0000
24292;2023-03-11 20:11:14.350000;7;1204;1;1;0.0000;1;9648.0000;None;104200.0000
24292;2023-03-11 20:11:14.350000;7;1204;1;1;0.0000;1;9648.0000;None;104200.0000
24294;2023-03-11 19:55:23.640000;6;106272;1;1;0.0000;1;None;5741.0000;124000.0000
24294;2023-03-11 20:00:15.273000;1;103160;1;1;16800.0000;1;None;5741.0000;124000.0000
24294;2023-03-11 20:00:15.273000;1;102913;1;1;26800.0000;1;None;5741.0000;124000.0000
24294;2023-03-11 20:00:15.273000;6;101563;1;1;0.0000;1;None;5741.0000;124000.0000
24294;2023-03-11 20:00:15.273000;1;107005;1;1;65800.0000;1;None;5741.0000;124000.0000
24294;2023-03-11 20:00:15.273000;1;101552;1;1;0.0000;1;None;5741.0000;124000.0000
24294;2023-03-11 20:00:15.273000;6;101589;1;1;0.0000;1;None;5741.0000;124000.0000
24294;2023-03-11 20:00:15.273000;7;1006;1;1;0.0000;1;None;5741.0000;124000.0000
24294;2023-03-11 20:00:15.273000;3;201146;1;1;6800.0000;1;None;5741.0000;124000.0000
24294;2023-03-11 20:00:15.273000;3;101641;1;1;0.0000;1;None;5741.0000;124000.0000
24294;2023-03-11 20:00:15.273000;3;102402;1;1;7800.0000;1;None;5741.0000;124000.0000
24294;2023-03-11 20:00:15.273000;7;1207;1;1;0.0000;1;None;5741.0000;124000.0000
24295;2023-03-11 19:59:00.740000;6;106272;1;1;0.0000;1;8982.0000;None;97000.0000
24295;2023-03-11 19:59:00.740000;2;101878;1;1;29800.0000;1;8982.0000;None;97000.0000
24295;2023-03-11 19:59:00.740000;3;102747;1;1;4800.0000;1;8982.0000;None;97000.0000
24295;2023-03-11 19:59:00.740000;7;2072;1;1;0.0000;1;8982.0000;None;97000.0000
24295;2023-03-11 19:59:00.740000;7;1207;1;1;0.0000;1;8982.0000;None;97000.0000
24295;2023-03-11 19:59:00.740000;3;200644;1;1;6800.0000;1;8982.0000;None;97000.0000
24295;2023-03-11 19:59:00.740000;7;1207;1;1;0.0000;1;8982.0000;None;97000.0000
24295;2023-03-11 20:06:47.477000;1;102569;1;1;28800.0000;1;8982.0000;None;97000.0000
24295;2023-03-11 20:06:47.477000;1;103648;1;1;26800.0000;1;8982.0000;None;97000.0000
24295;2023-03-11 20:06:47.477000;7;1187;1;1;0.0000;1;8982.0000;None;97000.0000
24295;2023-03-11 20:06:47.477000;7;1187;1;1;0.0000;1;8982.0000;None;97000.0000
24295;2023-03-11 20:06:47.477000;7;1187;1;1;0.0000;1;8982.0000;None;97000.0000
24295;2023-03-11 20:06:47.477000;7;1039;1;1;0.0000;1;8982.0000;None;97000.0000
24296;2023-03-11 20:00:29.837000;6;106272;1;1;0.0000;1;27574.0000;None;297800.0000
24296;2023-03-11 20:00:29.837000;2;201187;1;2;21600.0000;1;27574.0000;None;297800.0000
24296;2023-03-11 20:02:41.897000;1;103392;1;1;75800.0000;1;27574.0000;None;297800.0000
24296;2023-03-11 20:12:13.740000;1;101062;1;1;79800.0000;1;27574.0000;None;297800.0000
24296;2023-03-11 20:12:13.740000;6;101589;1;1;0.0000;1;27574.0000;None;297800.0000
24296;2023-03-11 20:12:13.740000;7;1006;1;1;0.0000;1;27574.0000;None;297800.0000
24296;2023-03-11 20:12:13.740000;1;101433;1;1;0.0000;1;27574.0000;None;297800.0000
24296;2023-03-11 20:12:13.740000;1;102132;1;1;6800.0000;1;27574.0000;None;297800.0000
24296;2023-03-11 20:12:13.740000;1;102132;1;1;6800.0000;1;27574.0000;None;297800.0000
24296;2023-03-11 20:12:13.740000;7;1135;1;1;0.0000;1;27574.0000;None;297800.0000
24296;2023-03-11 20:15:40.157000;2;105918;1;1;27800.0000;1;27574.0000;None;297800.0000
24296;2023-03-11 20:15:40.157000;2;105918;1;1;27800.0000;1;27574.0000;None;297800.0000
24296;2023-03-11 20:50:40.787000;1;103993;1;1;16800.0000;1;27574.0000;None;297800.0000
24296;2023-03-11 20:50:48.693000;1;102187;1;1;3800.0000;1;27574.0000;None;297800.0000
24296;2023-03-11 21:06:36.490000;2;101770;1;1;30800.0000;1;27574.0000;None;297800.0000
24297;2023-03-11 20:09:15.833000;1;103774;2;1;67000.0000;1;None;None;112000.0000
24297;2023-03-11 20:09:15.833000;1;104281;2;1;45000.0000;1;None;None;112000.0000
24297;2023-03-11 20:09:15.833000;7;1135;1;1;0.0000;1;None;None;112000.0000
24297;2023-03-11 20:09:15.833000;7;1319;1;1;0.0000;1;None;None;112000.0000
24297;2023-03-11 20:09:15.833000;7;1319;1;1;0.0000;1;None;None;112000.0000
24297;2023-03-11 20:09:15.833000;7;1135;1;1;0.0000;1;None;None;112000.0000
24298;2023-03-11 21:10:49.087000;6;106272;1;2;0.0000;1;17741.0000;None;191600.0000
24298;2023-03-11 21:10:49.087000;3;201146;1;1;6800.0000;1;17741.0000;None;191600.0000
24298;2023-03-11 21:10:49.087000;3;102639;1;1;9800.0000;1;17741.0000;None;191600.0000
24298;2023-03-11 21:10:49.087000;3;102635;1;1;8800.0000;1;17741.0000;None;191600.0000
24298;2023-03-11 21:10:49.087000;1;101176;1;1;41800.0000;1;17741.0000;None;191600.0000
24298;2023-03-11 21:10:49.087000;6;101585;1;1;0.0000;1;17741.0000;None;191600.0000
24298;2023-03-11 21:10:49.087000;1;101931;1;1;19800.0000;1;17741.0000;None;191600.0000
24298;2023-03-11 21:10:49.087000;7;1001;1;1;0.0000;1;17741.0000;None;191600.0000
24298;2023-03-11 21:10:49.087000;1;102498;1;1;34800.0000;1;17741.0000;None;191600.0000
24298;2023-03-11 21:10:49.087000;6;101569;1;1;0.0000;1;17741.0000;None;191600.0000
24298;2023-03-11 21:10:49.087000;7;1004;1;1;0.0000;1;17741.0000;None;191600.0000
24298;2023-03-11 21:10:49.087000;6;101487;1;1;0.0000;1;17741.0000;None;191600.0000
24298;2023-03-11 21:10:49.087000;6;101583;1;1;0.0000;1;17741.0000;None;191600.0000
24298;2023-03-11 21:10:49.087000;6;101592;1;1;0.0000;1;17741.0000;None;191600.0000
24298;2023-03-11 21:10:49.087000;1;103945;1;1;69800.0000;1;17741.0000;None;191600.0000
24298;2023-03-11 21:10:49.087000;7;1135;1;1;0.0000;1;17741.0000;None;191600.0000
24298;2023-03-11 21:10:49.087000;6;101589;1;1;0.0000;1;17741.0000;None;191600.0000
24298;2023-03-11 21:10:49.087000;6;109655;1;1;0.0000;1;17741.0000;None;191600.0000
32069;2023-03-11 16:11:40.970000;6;106272;1;1;0.0000;1;81500.0000;None;880200.0000
32069;2023-03-11 16:11:40.970000;6;106272;1;1;0.0000;1;81500.0000;None;880200.0000
32069;2023-03-11 16:11:40.970000;3;201206;1;6;40800.0000;1;81500.0000;None;880200.0000
32069;2023-03-11 16:11:40.970000;3;201211;1;3;20400.0000;1;81500.0000;None;880200.0000
32069;2023-03-11 16:11:40.970000;3;201146;1;2;13600.0000;1;81500.0000;None;880200.0000
32069;2023-03-11 16:11:40.970000;3;101641;1;1;0.0000;1;81500.0000;None;880200.0000
32069;2023-03-11 16:11:40.970000;3;101641;1;1;0.0000;1;81500.0000;None;880200.0000
32069;2023-03-11 16:11:40.970000;3;102635;1;1;8800.0000;1;81500.0000;None;880200.0000
32069;2023-03-11 16:11:40.970000;2;201615;1;1;14800.0000;1;81500.0000;None;880200.0000
32069;2023-03-11 16:11:40.970000;2;201187;1;1;10800.0000;1;81500.0000;None;880200.0000
32069;2023-03-11 16:11:40.970000;7;2050;1;1;0.0000;1;81500.0000;None;880200.0000
32069;2023-03-11 16:19:56.277000;3;201146;1;1;6800.0000;1;81500.0000;None;880200.0000
32069;2023-03-11 16:19:56.277000;7;2050;1;1;0.0000;1;81500.0000;None;880200.0000
32069;2023-03-11 16:39:16.663000;1;101659;1;1;46800.0000;1;81500.0000;None;880200.0000
32069;2023-03-11 16:39:16.663000;1;101522;1;1;0.0000;1;81500.0000;None;880200.0000
32069;2023-03-11 16:39:16.663000;1;107005;1;1;65800.0000;1;81500.0000;None;880200.0000
32069;2023-03-11 16:39:16.663000;7;1006;1;1;0.0000;1;81500.0000;None;880200.0000
32069;2023-03-11 16:39:16.663000;6;101604;1;1;0.0000;1;81500.0000;None;880200.0000
32069;2023-03-11 16:39:16.663000;1;101522;1;1;0.0000;1;81500.0000;None;880200.0000
32069;2023-03-11 16:39:16.663000;1;104294;1;1;69800.0000;1;81500.0000;None;880200.0000
32069;2023-03-11 16:39:16.663000;7;1026;1;1;0.0000;1;81500.0000;None;880200.0000
32069;2023-03-11 16:39:16.663000;6;101494;1;1;0.0000;1;81500.0000;None;880200.0000
32069;2023-03-11 16:39:16.663000;1;101552;1;1;0.0000;1;81500.0000;None;880200.0000
32069;2023-03-11 16:39:16.663000;1;108487;1;1;28800.0000;1;81500.0000;None;880200.0000
32069;2023-03-11 16:39:16.663000;1;103946;1;1;79800.0000;1;81500.0000;None;880200.0000
32069;2023-03-11 16:39:16.663000;7;1006;1;1;0.0000;1;81500.0000;None;880200.0000
32069;2023-03-11 16:39:16.663000;6;101494;1;1;0.0000;1;81500.0000;None;880200.0000
32069;2023-03-11 16:39:16.663000;1;101552;1;1;0.0000;1;81500.0000;None;880200.0000
32069;2023-03-11 16:39:16.663000;1;102902;1;1;31800.0000;1;81500.0000;None;880200.0000
32069;2023-03-11 16:39:16.663000;6;101487;1;1;0.0000;1;81500.0000;None;880200.0000
32069;2023-03-11 16:39:16.663000;6;101583;1;1;0.0000;1;81500.0000;None;880200.0000
32069;2023-03-11 16:39:16.663000;6;101592;1;1;0.0000;1;81500.0000;None;880200.0000
32069;2023-03-11 16:39:16.663000;7;1007;1;1;0.0000;1;81500.0000;None;880200.0000
32069;2023-03-11 16:39:16.663000;1;107005;1;1;65800.0000;1;81500.0000;None;880200.0000
32069;2023-03-11 16:39:16.663000;7;1006;1;1;0.0000;1;81500.0000;None;880200.0000
32069;2023-03-11 16:39:16.663000;6;101604;1;1;0.0000;1;81500.0000;None;880200.0000
32069;2023-03-11 16:39:16.663000;1;101522;1;1;0.0000;1;81500.0000;None;880200.0000
32069;2023-03-11 16:39:16.663000;1;103171;1;1;28800.0000;1;81500.0000;None;880200.0000
32069;2023-03-11 16:39:16.663000;7;1135;1;1;0.0000;1;81500.0000;None;880200.0000
32069;2023-03-11 16:39:16.663000;1;101522;1;1;0.0000;1;81500.0000;None;880200.0000
32069;2023-03-11 16:39:16.663000;1;101659;1;1;46800.0000;1;81500.0000;None;880200.0000
32069;2023-03-11 16:39:16.663000;7;1135;1;1;0.0000;1;81500.0000;None;880200.0000
32069;2023-03-11 16:39:16.663000;1;101522;1;1;0.0000;1;81500.0000;None;880200.0000
32069;2023-03-11 16:39:16.663000;1;102172;1;1;4800.0000;1;81500.0000;None;880200.0000
32069;2023-03-11 16:39:16.663000;1;102689;1;1;89800.0000;1;81500.0000;None;880200.0000
32069;2023-03-11 16:39:16.663000;1;101062;1;1;79800.0000;1;81500.0000;None;880200.0000
32069;2023-03-11 16:39:16.663000;7;1006;1;1;0.0000;1;81500.0000;None;880200.0000
32069;2023-03-11 16:39:16.663000;6;101604;1;1;0.0000;1;81500.0000;None;880200.0000
32069;2023-03-11 16:39:16.663000;1;101433;1;1;0.0000;1;81500.0000;None;880200.0000
32069;2023-03-11 16:39:16.663000;7;1135;1;1;0.0000;1;81500.0000;None;880200.0000
32069;2023-03-11 16:39:16.663000;1;102482;1;1;33800.0000;1;81500.0000;None;880200.0000
32069;2023-03-11 16:39:16.663000;6;101487;1;1;0.0000;1;81500.0000;None;880200.0000
32069;2023-03-11 16:39:16.663000;6;101583;1;1;0.0000;1;81500.0000;None;880200.0000
32069;2023-03-11 16:39:16.663000;6;101592;1;1;0.0000;1;81500.0000;None;880200.0000
32069;2023-03-11 16:39:16.663000;7;1006;1;1;0.0000;1;81500.0000;None;880200.0000
32069;2023-03-11 16:39:16.663000;1;103135;1;1;10800.0000;1;81500.0000;None;880200.0000
32069;2023-03-11 16:54:47.567000;7;1204;1;1;0.0000;1;81500.0000;None;880200.0000
32069;2023-03-11 16:54:47.567000;7;1204;1;1;0.0000;1;81500.0000;None;880200.0000
32069;2023-03-11 17:11:00.400000;2;201615;1;1;14800.0000;1;81500.0000;None;880200.0000
32069;2023-03-11 17:42:10.660000;3;100614;1;7;40600.0000;1;81500.0000;None;880200.0000
32069;2023-03-11 17:42:10.660000;1;101308;1;1;19800.0000;1;81500.0000;None;880200.0000
32069;2023-03-11 17:51:08.953000;3;100614;1;1;5800.0000;1;81500.0000;None;880200.0000
