770;2023-03-13 15:11:11.433000;3;201269;1;-2;-13600.0000;1;-19574.0000;None;-211400.0000
770;2023-03-13 15:11:11.433000;1;103369;1;-1;-149800.0000;1;-19574.0000;None;-211400.0000
770;2023-03-13 15:11:11.433000;1;101552;1;-1;0.0000;1;-19574.0000;None;-211400.0000
770;2023-03-13 15:11:11.433000;7;1004;1;-1;0.0000;1;-19574.0000;None;-211400.0000
770;2023-03-13 15:11:11.433000;1;103400;1;-1;-12800.0000;1;-19574.0000;None;-211400.0000
770;2023-03-13 15:11:11.433000;3;201146;1;-1;-6800.0000;1;-19574.0000;None;-211400.0000
770;2023-03-13 15:11:11.433000;1;101891;1;-1;-16800.0000;1;-19574.0000;None;-211400.0000
770;2023-03-13 15:11:11.433000;3;100614;1;-1;-5800.0000;1;-19574.0000;None;-211400.0000
770;2023-03-13 15:11:11.433000;3;102112;1;-1;-5800.0000;1;-19574.0000;None;-211400.0000
771;2023-03-13 15:16:49.537000;6;106272;1;1;0.0000;1;19574.0000;None;211400.0000
771;2023-03-13 15:16:49.537000;3;201269;1;2;13600.0000;1;19574.0000;None;211400.0000
771;2023-03-13 15:16:49.537000;1;103369;1;1;149800.0000;1;19574.0000;None;211400.0000
771;2023-03-13 15:16:49.537000;1;101552;1;1;0.0000;1;19574.0000;None;211400.0000
771;2023-03-13 15:16:49.537000;6;101494;1;1;0.0000;1;19574.0000;None;211400.0000
771;2023-03-13 15:16:49.537000;7;1004;1;1;0.0000;1;19574.0000;None;211400.0000
771;2023-03-13 15:16:49.537000;1;103400;1;1;12800.0000;1;19574.0000;None;211400.0000
771;2023-03-13 15:16:49.537000;3;201146;1;1;6800.0000;1;19574.0000;None;211400.0000
771;2023-03-13 15:16:49.537000;1;101891;1;1;16800.0000;1;19574.0000;None;211400.0000
771;2023-03-13 15:16:49.537000;3;100614;1;1;5800.0000;1;19574.0000;None;211400.0000
771;2023-03-13 15:16:49.537000;3;102112;1;1;5800.0000;1;19574.0000;None;211400.0000
773;2023-03-13 19:46:15.410000;1;108668;1;4;87200.0000;1;35389.0000;None;382200.0000
773;2023-03-13 19:49:06.677000;1;103160;1;2;33600.0000;1;35389.0000;None;382200.0000
773;2023-03-13 19:49:06.677000;7;1135;1;1;0.0000;1;35389.0000;None;382200.0000
773;2023-03-13 20:32:33.620000;1;102009;1;1;37800.0000;1;35389.0000;None;382200.0000
773;2023-03-13 20:32:33.620000;1;106352;1;1;74800.0000;1;35389.0000;None;382200.0000
773;2023-03-13 20:32:33.620000;7;1135;1;1;0.0000;1;35389.0000;None;382200.0000
773;2023-03-13 20:32:33.620000;1;107006;1;1;51800.0000;1;35389.0000;None;382200.0000
773;2023-03-13 20:32:33.620000;1;101433;1;1;0.0000;1;35389.0000;None;382200.0000
773;2023-03-13 20:32:33.620000;6;101494;1;1;0.0000;1;35389.0000;None;382200.0000
773;2023-03-13 20:32:33.620000;7;1006;1;1;0.0000;1;35389.0000;None;382200.0000
773;2023-03-13 21:07:41.190000;3;102749;1;1;5800.0000;1;35389.0000;None;382200.0000
773;2023-03-13 21:35:13.920000;1;103993;1;1;16800.0000;1;35389.0000;None;382200.0000
773;2023-03-13 21:35:13.920000;7;1135;1;1;0.0000;1;35389.0000;None;382200.0000
773;2023-03-13 22:09:47.287000;2;101199;1;3;74400.0000;1;35389.0000;None;382200.0000
12642;2023-03-13 12:36:04.090000;6;106272;1;1;0.0000;1;20907.0000;None;225800.0000
12642;2023-03-13 12:36:04.090000;2;101727;1;1;32800.0000;1;20907.0000;None;225800.0000
12642;2023-03-13 12:53:28.507000;2;101726;1;1;32800.0000;1;20907.0000;None;225800.0000
12642;2023-03-13 13:21:47.630000;1;103192;1;1;69800.0000;1;20907.0000;None;225800.0000
12642;2023-03-13 13:21:47.630000;1;101552;1;1;0.0000;1;20907.0000;None;225800.0000
12642;2023-03-13 13:21:47.630000;1;101062;1;1;79800.0000;1;20907.0000;None;225800.0000
12642;2023-03-13 13:21:47.630000;1;101522;1;1;0.0000;1;20907.0000;None;225800.0000
12642;2023-03-13 13:21:47.630000;6;101589;1;1;0.0000;1;20907.0000;None;225800.0000
12642;2023-03-13 13:21:47.630000;7;1006;1;1;0.0000;1;20907.0000;None;225800.0000
12642;2023-03-13 14:13:12.227000;3;104554;1;1;4800.0000;1;20907.0000;None;225800.0000
12642;2023-03-13 14:13:12.227000;3;100614;1;1;5800.0000;1;20907.0000;None;225800.0000
12643;2023-03-13 12:58:11.363000;6;106272;1;1;0.0000;1;11407.0000;None;123200.0000
12643;2023-03-13 12:58:11.363000;3;104446;1;1;5800.0000;1;11407.0000;None;123200.0000
12643;2023-03-13 12:58:11.363000;3;201269;1;1;6800.0000;1;11407.0000;None;123200.0000
12643;2023-03-13 12:58:11.363000;3;101641;1;1;0.0000;1;11407.0000;None;123200.0000
12643;2023-03-13 12:58:11.363000;7;1207;1;1;0.0000;1;11407.0000;None;123200.0000
12643;2023-03-13 12:58:11.363000;1;107004;1;1;52800.0000;1;11407.0000;None;123200.0000
12643;2023-03-13 12:58:11.363000;1;101522;1;1;0.0000;1;11407.0000;None;123200.0000
12643;2023-03-13 12:58:11.363000;6;101589;1;1;0.0000;1;11407.0000;None;123200.0000
12643;2023-03-13 12:58:11.363000;7;1002;1;1;0.0000;1;11407.0000;None;123200.0000
12643;2023-03-13 12:58:11.363000;1;101344;1;1;57800.0000;1;11407.0000;None;123200.0000
12643;2023-03-13 12:58:11.363000;1;101522;1;1;0.0000;1;11407.0000;None;123200.0000
12643;2023-03-13 12:58:11.363000;7;1002;1;1;0.0000;1;11407.0000;None;123200.0000
12644;2023-03-13 12:59:26.647000;1;108700;1;1;28800.0000;1;16648.0000;None;179800.0000
12644;2023-03-13 12:59:26.647000;1;109166;1;1;21800.0000;1;16648.0000;None;179800.0000
12644;2023-03-13 12:59:26.647000;3;200644;1;1;6800.0000;1;16648.0000;None;179800.0000
12644;2023-03-13 12:59:26.647000;3;201146;1;1;6800.0000;1;16648.0000;None;179800.0000
12644;2023-03-13 13:43:10.187000;1;107008;1;2;115600.0000;1;16648.0000;None;179800.0000
12644;2023-03-13 13:43:10.187000;7;1008;1;1;0.0000;1;16648.0000;None;179800.0000
12644;2023-03-13 13:43:10.187000;7;1008;1;1;0.0000;1;16648.0000;None;179800.0000
12644;2023-03-13 13:43:10.187000;7;1006;1;1;0.0000;1;16648.0000;None;179800.0000
12644;2023-03-13 13:43:10.187000;7;1006;1;1;0.0000;1;16648.0000;None;179800.0000
12644;2023-03-13 13:43:10.187000;1;101552;1;1;0.0000;1;16648.0000;None;179800.0000
12644;2023-03-13 13:43:10.187000;1;101552;1;1;0.0000;1;16648.0000;None;179800.0000
12645;2023-03-13 13:12:06.033000;6;106272;1;1;0.0000;1;16667.0000;None;180000.0000
12645;2023-03-13 13:12:06.033000;3;200644;1;1;6800.0000;1;16667.0000;None;180000.0000
12645;2023-03-13 13:12:06.033000;3;101641;1;1;0.0000;1;16667.0000;None;180000.0000
12645;2023-03-13 13:12:06.033000;3;200644;1;1;6800.0000;1;16667.0000;None;180000.0000
12645;2023-03-13 13:12:06.033000;3;101641;1;1;0.0000;1;16667.0000;None;180000.0000
12645;2023-03-13 13:13:06.003000;1;103396;1;1;79800.0000;1;16667.0000;None;180000.0000
12645;2023-03-13 13:13:06.003000;7;1006;1;1;0.0000;1;16667.0000;None;180000.0000
12645;2023-03-13 13:13:06.003000;6;101494;1;1;0.0000;1;16667.0000;None;180000.0000
12645;2023-03-13 13:13:06.003000;1;101433;1;1;0.0000;1;16667.0000;None;180000.0000
12645;2023-03-13 13:13:06.003000;1;102132;1;1;6800.0000;1;16667.0000;None;180000.0000
12645;2023-03-13 13:13:06.003000;1;103396;1;1;79800.0000;1;16667.0000;None;180000.0000
12645;2023-03-13 13:13:06.003000;7;1002;1;1;0.0000;1;16667.0000;None;180000.0000
12645;2023-03-13 13:13:06.003000;6;101494;1;1;0.0000;1;16667.0000;None;180000.0000
12645;2023-03-13 13:13:06.003000;1;101433;1;1;0.0000;1;16667.0000;None;180000.0000
12646;2023-03-13 13:13:22.097000;6;106272;1;1;0.0000;1;21482.0000;None;232000.0000
12646;2023-03-13 13:13:22.097000;1;103771;1;1;17800.0000;1;21482.0000;None;232000.0000
12646;2023-03-13 13:13:32.467000;3;201146;1;2;13600.0000;1;21482.0000;None;232000.0000
12646;2023-03-13 13:13:32.467000;7;2050;1;1;0.0000;1;21482.0000;None;232000.0000
12646;2023-03-13 13:13:32.467000;7;2050;1;1;0.0000;1;21482.0000;None;232000.0000
12646;2023-03-13 13:13:32.467000;3;101641;1;1;0.0000;1;21482.0000;None;232000.0000
12646;2023-03-13 13:13:32.467000;3;101641;1;1;0.0000;1;21482.0000;None;232000.0000
12646;2023-03-13 13:21:23.767000;1;105188;1;1;31800.0000;1;21482.0000;None;232000.0000
12646;2023-03-13 13:21:23.767000;7;1135;1;1;0.0000;1;21482.0000;None;232000.0000
12646;2023-03-13 13:21:23.767000;7;1135;1;1;0.0000;1;21482.0000;None;232000.0000
12646;2023-03-13 13:21:23.767000;1;102132;1;1;6800.0000;1;21482.0000;None;232000.0000
12646;2023-03-13 13:21:23.767000;1;102260;1;1;3800.0000;1;21482.0000;None;232000.0000
12646;2023-03-13 13:21:23.767000;1;103592;1;1;68800.0000;1;21482.0000;None;232000.0000
12646;2023-03-13 13:21:23.767000;1;101433;1;1;0.0000;1;21482.0000;None;232000.0000
12646;2023-03-13 13:21:23.767000;1;103592;1;1;68800.0000;1;21482.0000;None;232000.0000
12646;2023-03-13 13:21:23.767000;7;1135;1;1;0.0000;1;21482.0000;None;232000.0000
12646;2023-03-13 13:21:23.767000;1;102141;1;1;3800.0000;1;21482.0000;None;232000.0000
12646;2023-03-13 13:21:23.767000;1;104206;1;1;16800.0000;1;21482.0000;None;232000.0000
12646;2023-03-13 13:21:23.767000;7;1135;1;1;0.0000;1;21482.0000;None;232000.0000
12647;2023-03-13 13:22:42.247000;6;106272;1;1;0.0000;1;21111.0000;None;228000.0000
12647;2023-03-13 13:22:42.247000;3;200644;1;1;6800.0000;1;21111.0000;None;228000.0000
12647;2023-03-13 13:22:42.247000;3;108191;1;1;0.0000;1;21111.0000;None;228000.0000
12647;2023-03-13 13:22:42.247000;3;101641;1;1;0.0000;1;21111.0000;None;228000.0000
12647;2023-03-13 13:37:57.670000;1;108668;1;1;21800.0000;1;21111.0000;None;228000.0000
12647;2023-03-13 13:37:57.670000;1;100967;1;1;24800.0000;1;21111.0000;None;228000.0000
12647;2023-03-13 13:43:23.607000;2;101080;1;1;25800.0000;1;21111.0000;None;228000.0000
12647;2023-03-13 14:02:40.807000;1;104010;1;1;15800.0000;1;21111.0000;None;228000.0000
12647;2023-03-13 14:02:40.807000;1;108071;1;1;85800.0000;1;21111.0000;None;228000.0000
12647;2023-03-13 14:57:28.673000;1;101647;1;1;10800.0000;1;21111.0000;None;228000.0000
12647;2023-03-13 14:57:28.673000;1;101033;1;1;22800.0000;1;21111.0000;None;228000.0000
12647;2023-03-13 14:57:28.673000;3;100606;1;2;13600.0000;1;21111.0000;None;228000.0000
12647;2023-03-13 14:57:28.673000;7;2070;1;2;0.0000;1;21111.0000;None;228000.0000
12648;2023-03-13 13:29:42.727000;6;106272;1;1;0.0000;1;19537.0000;None;211000.0000
12648;2023-03-13 13:29:42.727000;3;200644;1;1;6800.0000;1;19537.0000;None;211000.0000
12648;2023-03-13 13:29:42.727000;3;101641;1;1;0.0000;1;19537.0000;None;211000.0000
12648;2023-03-13 13:29:42.727000;7;2042;1;1;0.0000;1;19537.0000;None;211000.0000
12648;2023-03-13 13:29:42.727000;2;103221;1;1;26800.0000;1;19537.0000;None;211000.0000
12648;2023-03-13 13:31:57.577000;1;101176;1;1;41800.0000;1;19537.0000;None;211000.0000
12648;2023-03-13 13:31:57.577000;6;101585;1;1;0.0000;1;19537.0000;None;211000.0000
12648;2023-03-13 13:31:57.577000;1;106357;1;1;31800.0000;1;19537.0000;None;211000.0000
12648;2023-03-13 14:13:22.043000;1;102050;1;1;34800.0000;1;19537.0000;None;211000.0000
12648;2023-03-13 14:28:15.240000;3;102619;1;1;7800.0000;1;19537.0000;None;211000.0000
12648;2023-03-13 15:01:28.150000;1;103995;1;1;24800.0000;1;19537.0000;None;211000.0000
12648;2023-03-13 15:01:28.150000;1;102884;1;1;19800.0000;1;19537.0000;None;211000.0000
12648;2023-03-13 15:01:28.150000;3;108533;1;1;9800.0000;1;19537.0000;None;211000.0000
12648;2023-03-13 15:01:28.150000;3;100606;1;1;6800.0000;1;19537.0000;None;211000.0000
12648;2023-03-13 15:01:28.150000;7;1207;1;1;0.0000;1;19537.0000;None;211000.0000
12649;2023-03-13 13:37:17.853000;6;106272;1;1;0.0000;1;28926.0000;None;312400.0000
12649;2023-03-13 13:37:17.853000;2;101727;1;1;32800.0000;1;28926.0000;None;312400.0000
12649;2023-03-13 13:37:17.853000;2;101978;1;1;49800.0000;1;28926.0000;None;312400.0000
12649;2023-03-13 13:57:08.053000;1;101013;1;1;119800.0000;1;28926.0000;None;312400.0000
12649;2023-03-13 13:57:08.053000;1;101433;1;1;0.0000;1;28926.0000;None;312400.0000
12649;2023-03-13 13:57:08.053000;6;101494;1;1;0.0000;1;28926.0000;None;312400.0000
12649;2023-03-13 13:57:08.053000;7;1002;1;1;0.0000;1;28926.0000;None;312400.0000
12649;2023-03-13 13:57:08.053000;1;102141;1;1;3800.0000;1;28926.0000;None;312400.0000
12649;2023-03-13 13:57:08.053000;1;100967;1;1;24800.0000;1;28926.0000;None;312400.0000
12649;2023-03-13 14:05:15.217000;2;101727;1;1;32800.0000;1;28926.0000;None;312400.0000
12649;2023-03-13 14:18:59.420000;3;201704;1;1;15800.0000;1;28926.0000;None;312400.0000
12649;2023-03-13 14:18:59.420000;7;2008;1;2;0.0000;1;28926.0000;None;312400.0000
12649;2023-03-13 14:23:42.983000;2;101727;1;1;32800.0000;1;28926.0000;None;312400.0000
12650;2023-03-13 19:28:22.453000;6;106272;1;1;0.0000;1;162075.0000;None;1750400.0000
12650;2023-03-13 19:28:22.453000;6;106272;1;1;0.0000;1;162075.0000;None;1750400.0000
12650;2023-03-13 19:28:22.453000;2;101199;1;1;24800.0000;1;162075.0000;None;1750400.0000
12650;2023-03-13 19:31:13.783000;2;101199;1;6;148800.0000;1;162075.0000;None;1750400.0000
12650;2023-03-13 20:04:41.913000;2;202659;1;1;472800.0000;1;162075.0000;None;1750400.0000
12650;2023-03-13 20:04:41.913000;7;2008;1;7;0.0000;1;162075.0000;None;1750400.0000
12650;2023-03-13 20:09:38.643000;2;202659;1;1;472800.0000;1;162075.0000;None;1750400.0000
12650;2023-03-13 20:32:33.620000;1;108453;1;1;16800.0000;1;162075.0000;None;1750400.0000
12650;2023-03-13 20:32:33.620000;1;107006;1;1;51800.0000;1;162075.0000;None;1750400.0000
12650;2023-03-13 20:32:33.620000;7;1003;2;1;0.0000;1;162075.0000;None;1750400.0000
12650;2023-03-13 20:32:33.620000;1;101522;1;1;0.0000;1;162075.0000;None;1750400.0000
12650;2023-03-13 20:32:33.620000;6;101483;1;1;0.0000;1;162075.0000;None;1750400.0000
12650;2023-03-13 20:32:33.620000;1;102009;1;1;37800.0000;1;162075.0000;None;1750400.0000
12650;2023-03-13 20:32:33.620000;1;103823;1;1;32800.0000;1;162075.0000;None;1750400.0000
12650;2023-03-13 20:32:33.620000;1;102028;1;1;23800.0000;1;162075.0000;None;1750400.0000
12650;2023-03-13 20:32:33.620000;1;103945;1;1;69800.0000;1;162075.0000;None;1750400.0000
12650;2023-03-13 20:32:33.620000;7;1003;2;1;0.0000;1;162075.0000;None;1750400.0000
12650;2023-03-13 20:32:33.620000;1;101433;1;1;0.0000;1;162075.0000;None;1750400.0000
12650;2023-03-13 20:32:33.620000;6;101604;1;1;0.0000;1;162075.0000;None;1750400.0000
12650;2023-03-13 20:57:08.973000;2;202659;1;1;472800.0000;1;162075.0000;None;1750400.0000
12650;2023-03-13 20:57:08.973000;7;2008;1;1;0.0000;1;162075.0000;None;1750400.0000
12650;2023-03-13 22:09:47.287000;2;101199;1;4;99200.0000;1;162075.0000;None;1750400.0000
12650;2023-03-13 22:11:13.207000;2;101199;1;-1;-24800.0000;1;162075.0000;None;1750400.0000
12650;2023-03-13 22:11:13.207000;2;101199;1;-6;-148800.0000;1;162075.0000;None;1750400.0000
12651;2023-03-13 19:44:09.640000;6;106272;1;1;0.0000;1;101593.0000;None;1097200.0000
12651;2023-03-13 19:44:09.640000;6;106272;1;1;0.0000;1;101593.0000;None;1097200.0000
12651;2023-03-13 19:44:09.640000;6;106272;1;1;0.0000;1;101593.0000;None;1097200.0000
12651;2023-03-13 19:44:09.640000;2;201615;1;4;59200.0000;1;101593.0000;None;1097200.0000
12651;2023-03-13 19:44:09.640000;2;201187;1;1;10800.0000;1;101593.0000;None;1097200.0000
12651;2023-03-13 19:44:09.640000;3;102635;1;1;8800.0000;1;101593.0000;None;1097200.0000
12651;2023-03-13 19:44:09.640000;7;2042;1;1;0.0000;1;101593.0000;None;1097200.0000
12651;2023-03-13 19:44:09.640000;3;102639;1;1;9800.0000;1;101593.0000;None;1097200.0000
12651;2023-03-13 19:44:09.640000;7;2042;1;1;0.0000;1;101593.0000;None;1097200.0000
12651;2023-03-13 19:44:09.640000;3;102637;1;1;9800.0000;1;101593.0000;None;1097200.0000
12651;2023-03-13 19:44:09.640000;7;2042;1;1;0.0000;1;101593.0000;None;1097200.0000
12651;2023-03-13 19:52:31.043000;2;201615;1;1;14800.0000;1;101593.0000;None;1097200.0000
12651;2023-03-13 19:52:31.043000;2;201187;1;1;10800.0000;1;101593.0000;None;1097200.0000
12651;2023-03-13 19:52:31.043000;3;102635;1;1;8800.0000;1;101593.0000;None;1097200.0000
12651;2023-03-13 19:52:31.043000;7;2042;1;1;0.0000;1;101593.0000;None;1097200.0000
12651;2023-03-13 19:58:08.143000;3;102402;1;1;7800.0000;1;101593.0000;None;1097200.0000
12651;2023-03-13 19:58:08.143000;7;1207;1;1;0.0000;1;101593.0000;None;1097200.0000
12651;2023-03-13 19:58:08.143000;3;102747;1;1;4800.0000;1;101593.0000;None;1097200.0000
12651;2023-03-13 19:58:08.143000;3;102616;1;1;6800.0000;1;101593.0000;None;1097200.0000
12651;2023-03-13 20:16:45.890000;3;102747;1;2;9600.0000;1;101593.0000;None;1097200.0000
12651;2023-03-13 20:16:45.890000;3;104446;1;1;5800.0000;1;101593.0000;None;1097200.0000
12651;2023-03-13 20:16:45.890000;3;201206;1;1;6800.0000;1;101593.0000;None;1097200.0000
12651;2023-03-13 20:16:45.890000;7;2042;1;1;0.0000;1;101593.0000;None;1097200.0000
12651;2023-03-13 20:20:44.470000;3;201206;1;1;6800.0000;1;101593.0000;None;1097200.0000
12651;2023-03-13 20:20:44.470000;3;102747;1;1;4800.0000;1;101593.0000;None;1097200.0000
12651;2023-03-13 20:44:01.283000;2;201615;1;1;14800.0000;1;101593.0000;None;1097200.0000
12651;2023-03-13 20:48:50.663000;1;102498;1;1;34800.0000;1;101593.0000;None;1097200.0000
12651;2023-03-13 20:48:50.663000;6;101563;1;1;0.0000;1;101593.0000;None;1097200.0000
12651;2023-03-13 20:48:50.663000;6;101592;1;1;0.0000;1;101593.0000;None;1097200.0000
12651;2023-03-13 20:48:50.663000;7;1026;1;1;0.0000;1;101593.0000;None;1097200.0000
12651;2023-03-13 20:48:50.663000;1;102498;1;1;34800.0000;1;101593.0000;None;1097200.0000
12651;2023-03-13 20:48:50.663000;6;101563;1;1;0.0000;1;101593.0000;None;1097200.0000
12651;2023-03-13 20:48:50.663000;6;101592;1;1;0.0000;1;101593.0000;None;1097200.0000
12651;2023-03-13 20:48:50.663000;7;1026;1;1;0.0000;1;101593.0000;None;1097200.0000
12651;2023-03-13 20:48:50.663000;1;101659;1;1;46800.0000;1;101593.0000;None;1097200.0000
12651;2023-03-13 20:48:50.663000;1;101522;1;1;0.0000;1;101593.0000;None;1097200.0000
12651;2023-03-13 20:48:50.663000;1;102506;1;1;39800.0000;1;101593.0000;None;1097200.0000
12651;2023-03-13 20:48:50.663000;1;101062;1;1;79800.0000;1;101593.0000;None;1097200.0000
12651;2023-03-13 20:48:50.663000;1;101552;1;1;0.0000;1;101593.0000;None;1097200.0000
12651;2023-03-13 20:48:50.663000;6;101494;1;1;0.0000;1;101593.0000;None;1097200.0000
12651;2023-03-13 20:48:50.663000;7;1006;1;1;0.0000;1;101593.0000;None;1097200.0000
12651;2023-03-13 20:48:50.663000;1;104294;1;1;69800.0000;1;101593.0000;None;1097200.0000
12651;2023-03-13 20:48:50.663000;1;101552;1;1;0.0000;1;101593.0000;None;1097200.0000
12651;2023-03-13 20:48:50.663000;6;101589;1;1;0.0000;1;101593.0000;None;1097200.0000
12651;2023-03-13 20:48:50.663000;7;1006;1;1;0.0000;1;101593.0000;None;1097200.0000
12651;2023-03-13 20:48:50.663000;1;104719;1;1;39800.0000;1;101593.0000;None;1097200.0000
12651;2023-03-13 20:48:50.663000;1;101522;1;1;0.0000;1;101593.0000;None;1097200.0000
12651;2023-03-13 20:48:50.663000;1;109486;1;1;32800.0000;1;101593.0000;None;1097200.0000
12651;2023-03-13 20:48:50.663000;1;108700;1;1;28800.0000;1;101593.0000;None;1097200.0000
12651;2023-03-13 20:48:50.663000;1;107008;1;1;57800.0000;1;101593.0000;None;1097200.0000
12651;2023-03-13 20:48:50.663000;1;101522;1;1;0.0000;1;101593.0000;None;1097200.0000
12651;2023-03-13 20:48:50.663000;6;101589;1;1;0.0000;1;101593.0000;None;1097200.0000
12651;2023-03-13 20:48:50.663000;7;1026;1;1;0.0000;1;101593.0000;None;1097200.0000
12651;2023-03-13 20:48:50.663000;1;107008;1;1;57800.0000;1;101593.0000;None;1097200.0000
12651;2023-03-13 20:48:50.663000;1;101433;1;1;0.0000;1;101593.0000;None;1097200.0000
12651;2023-03-13 20:48:50.663000;6;101589;1;1;0.0000;1;101593.0000;None;1097200.0000
12651;2023-03-13 20:48:50.663000;7;1026;1;1;0.0000;1;101593.0000;None;1097200.0000
12651;2023-03-13 20:48:50.663000;1;103171;1;1;28800.0000;1;101593.0000;None;1097200.0000
12651;2023-03-13 20:48:50.663000;1;101522;1;1;0.0000;1;101593.0000;None;1097200.0000
12651;2023-03-13 20:48:50.663000;1;104886;1;1;29800.0000;1;101593.0000;None;1097200.0000
12651;2023-03-13 20:48:50.663000;1;102172;1;1;4800.0000;1;101593.0000;None;1097200.0000
12651;2023-03-13 20:48:50.663000;1;101958;1;1;67800.0000;1;101593.0000;None;1097200.0000
12651;2023-03-13 20:48:50.663000;1;101522;1;1;0.0000;1;101593.0000;None;1097200.0000
12651;2023-03-13 20:48:50.663000;1;107008;1;1;57800.0000;1;101593.0000;None;1097200.0000
12651;2023-03-13 20:48:50.663000;1;101552;1;1;0.0000;1;101593.0000;None;1097200.0000
12651;2023-03-13 20:48:50.663000;6;101589;1;1;0.0000;1;101593.0000;None;1097200.0000
12651;2023-03-13 20:48:50.663000;7;1006;1;1;0.0000;1;101593.0000;None;1097200.0000
12651;2023-03-13 20:48:50.663000;1;102912;1;1;21800.0000;1;101593.0000;None;1097200.0000
12651;2023-03-13 20:48:50.663000;1;103171;1;1;28800.0000;1;101593.0000;None;1097200.0000
12651;2023-03-13 20:48:50.663000;1;101433;1;1;0.0000;1;101593.0000;None;1097200.0000
12651;2023-03-13 20:48:50.663000;1;103160;1;1;16800.0000;1;101593.0000;None;1097200.0000
12651;2023-03-13 20:48:50.663000;7;1135;1;1;0.0000;1;101593.0000;None;1097200.0000
12651;2023-03-13 21:17:47.147000;1;102506;1;1;39800.0000;1;101593.0000;None;1097200.0000
12651;2023-03-13 21:26:30.990000;2;201187;1;1;10800.0000;1;101593.0000;None;1097200.0000
12651;2023-03-13 21:26:30.990000;2;201615;1;1;14800.0000;1;101593.0000;None;1097200.0000
12651;2023-03-13 21:33:33.450000;3;102747;1;1;4800.0000;1;101593.0000;None;1097200.0000
12651;2023-03-13 21:33:33.450000;3;102635;1;1;8800.0000;1;101593.0000;None;1097200.0000
12651;2023-03-13 21:33:33.450000;3;201146;1;1;6800.0000;1;101593.0000;None;1097200.0000
12651;2023-03-13 21:33:33.450000;3;102637;1;1;9800.0000;1;101593.0000;None;1097200.0000
12651;2023-03-13 21:33:33.450000;7;2042;1;1;0.0000;1;101593.0000;None;1097200.0000
12651;2023-03-13 21:33:53.027000;2;201615;1;1;14800.0000;1;101593.0000;None;1097200.0000
12651;2023-03-13 21:40:06.577000;3;201206;1;1;6800.0000;1;101593.0000;None;1097200.0000
24352;2023-03-13 12:39:54.597000;6;106272;1;2;0.0000;1;30871.0000;None;333400.0000
24352;2023-03-13 12:39:54.597000;3;102651;1;1;9800.0000;1;30871.0000;None;333400.0000
24352;2023-03-13 12:39:54.597000;3;200008;1;1;15800.0000;1;30871.0000;None;333400.0000
24352;2023-03-13 12:39:54.597000;7;2008;1;2;0.0000;1;30871.0000;None;333400.0000
24352;2023-03-13 12:39:54.597000;7;2076;1;2;0.0000;1;30871.0000;None;333400.0000
24352;2023-03-13 12:53:19.663000;1;101062;1;1;79800.0000;1;30871.0000;None;333400.0000
24352;2023-03-13 12:53:19.663000;7;1003;2;1;0.0000;1;30871.0000;None;333400.0000
24352;2023-03-13 12:53:19.663000;6;101477;1;1;0.0000;1;30871.0000;None;333400.0000
24352;2023-03-13 12:53:19.663000;1;101433;1;1;0.0000;1;30871.0000;None;333400.0000
24352;2023-03-13 12:53:19.663000;1;102132;1;1;6800.0000;1;30871.0000;None;333400.0000
24352;2023-03-13 12:53:19.663000;1;103135;1;1;10800.0000;1;30871.0000;None;333400.0000
24352;2023-03-13 12:53:19.663000;1;101961;1;1;67800.0000;1;30871.0000;None;333400.0000
24352;2023-03-13 12:53:19.663000;7;1003;2;1;0.0000;1;30871.0000;None;333400.0000
24352;2023-03-13 12:53:19.663000;1;101433;1;1;0.0000;1;30871.0000;None;333400.0000
24352;2023-03-13 12:53:19.663000;1;102132;1;1;6800.0000;1;30871.0000;None;333400.0000
24352;2023-03-13 12:53:19.663000;1;103400;1;1;12800.0000;1;30871.0000;None;333400.0000
24352;2023-03-13 12:53:19.663000;1;107010;1;1;89800.0000;1;30871.0000;None;333400.0000
24352;2023-03-13 12:53:19.663000;7;1006;1;1;0.0000;1;30871.0000;None;333400.0000
24352;2023-03-13 12:53:19.663000;6;101589;1;1;0.0000;1;30871.0000;None;333400.0000
24352;2023-03-13 12:53:19.663000;1;101433;1;1;0.0000;1;30871.0000;None;333400.0000
24352;2023-03-13 12:53:19.663000;1;102132;1;1;6800.0000;1;30871.0000;None;333400.0000
24352;2023-03-13 12:53:19.663000;1;103135;1;1;10800.0000;1;30871.0000;None;333400.0000
24352;2023-03-13 13:42:30.387000;3;102102;1;1;9800.0000;1;30871.0000;None;333400.0000
24352;2023-03-13 13:42:30.387000;3;100596;1;1;5800.0000;1;30871.0000;None;333400.0000
24353;2023-03-13 12:43:46.077000;6;106272;1;2;0.0000;1;26222.0000;None;283200.0000
24353;2023-03-13 12:43:46.077000;2;201615;1;1;14800.0000;1;26222.0000;None;283200.0000
24353;2023-03-13 12:43:46.077000;2;201615;1;1;14800.0000;1;26222.0000;None;283200.0000
24353;2023-03-13 12:46:27.083000;1;100967;1;1;24800.0000;1;26222.0000;None;283200.0000
24353;2023-03-13 12:46:27.083000;1;103160;1;1;16800.0000;1;26222.0000;None;283200.0000
24353;2023-03-13 13:05:16.697000;3;201146;1;1;6800.0000;1;26222.0000;None;283200.0000
24353;2023-03-13 13:07:49.467000;1;107057;1;1;30800.0000;1;26222.0000;None;283200.0000
24353;2023-03-13 13:07:49.467000;1;107007;1;1;63800.0000;1;26222.0000;None;283200.0000
24353;2023-03-13 13:07:49.467000;7;1003;2;1;0.0000;1;26222.0000;None;283200.0000
24353;2023-03-13 13:07:49.467000;6;101604;1;1;0.0000;1;26222.0000;None;283200.0000
24353;2023-03-13 13:07:49.467000;1;101433;1;1;0.0000;1;26222.0000;None;283200.0000
24353;2023-03-13 13:07:49.467000;1;102132;1;1;6800.0000;1;26222.0000;None;283200.0000
24353;2023-03-13 13:07:49.467000;1;107006;1;1;51800.0000;1;26222.0000;None;283200.0000
24353;2023-03-13 13:07:49.467000;7;1007;1;1;0.0000;1;26222.0000;None;283200.0000
24353;2023-03-13 13:07:49.467000;6;101589;1;1;0.0000;1;26222.0000;None;283200.0000
24353;2023-03-13 13:07:49.467000;1;101433;1;1;0.0000;1;26222.0000;None;283200.0000
24353;2023-03-13 13:07:49.467000;1;102132;1;1;6800.0000;1;26222.0000;None;283200.0000
24353;2023-03-13 13:19:39.053000;2;201615;1;1;14800.0000;1;26222.0000;None;283200.0000
24353;2023-03-13 13:19:39.053000;2;201615;1;1;14800.0000;1;26222.0000;None;283200.0000
24353;2023-03-13 13:57:41.743000;3;102102;1;1;9800.0000;1;26222.0000;None;283200.0000
24353;2023-03-13 13:57:41.743000;3;100613;1;1;5800.0000;1;26222.0000;None;283200.0000
24354;2023-03-13 12:46:43.830000;6;106272;1;2;0.0000;1;19889.0000;None;214800.0000
24354;2023-03-13 12:46:43.830000;2;201615;1;2;29600.0000;1;19889.0000;None;214800.0000
24354;2023-03-13 12:51:32.140000;1;103592;1;1;68800.0000;1;19889.0000;None;214800.0000
24354;2023-03-13 12:51:32.140000;1;101433;1;1;0.0000;1;19889.0000;None;214800.0000
24354;2023-03-13 12:51:32.140000;1;102132;1;1;6800.0000;1;19889.0000;None;214800.0000
24354;2023-03-13 12:51:32.140000;1;103135;1;1;10800.0000;1;19889.0000;None;214800.0000
24354;2023-03-13 12:51:32.140000;1;103192;1;1;69800.0000;1;19889.0000;None;214800.0000
24354;2023-03-13 12:51:32.140000;1;101433;1;1;0.0000;1;19889.0000;None;214800.0000
24354;2023-03-13 12:51:32.140000;1;102132;1;1;6800.0000;1;19889.0000;None;214800.0000
24354;2023-03-13 12:51:32.140000;1;102141;1;1;3800.0000;1;19889.0000;None;214800.0000
24354;2023-03-13 13:52:24.300000;3;100601;1;1;5800.0000;1;19889.0000;None;214800.0000
24354;2023-03-13 13:52:24.300000;3;100614;1;1;5800.0000;1;19889.0000;None;214800.0000
24354;2023-03-13 15:27:11.647000;3;200644;1;1;6800.0000;1;19889.0000;None;214800.0000
24355;2023-03-13 12:50:49.020000;6;106272;1;1;0.0000;1;3111.0000;None;33600.0000
24355;2023-03-13 12:50:49.020000;1;103171;1;1;28800.0000;1;3111.0000;None;33600.0000
24355;2023-03-13 12:50:49.020000;7;1008;1;1;0.0000;1;3111.0000;None;33600.0000
24355;2023-03-13 12:50:49.020000;1;101433;1;1;0.0000;1;3111.0000;None;33600.0000
24355;2023-03-13 12:50:49.020000;3;102747;1;1;4800.0000;1;3111.0000;None;33600.0000
24355;2023-03-13 12:50:49.020000;7;2072;1;1;0.0000;1;3111.0000;None;33600.0000
24355;2023-03-13 12:50:49.020000;7;2042;1;1;0.0000;1;3111.0000;None;33600.0000
24356;2023-03-13 12:56:47.190000;6;106272;1;2;0.0000;1;79093.0000;None;854200.0000
24356;2023-03-13 12:56:47.190000;3;201704;1;1;15800.0000;1;79093.0000;None;854200.0000
24356;2023-03-13 12:56:47.190000;7;2050;1;1;0.0000;1;79093.0000;None;854200.0000
24356;2023-03-13 12:56:47.190000;3;200008;1;1;15800.0000;1;79093.0000;None;854200.0000
24356;2023-03-13 12:56:47.190000;3;201269;1;2;13600.0000;1;79093.0000;None;854200.0000
24356;2023-03-13 12:56:47.190000;7;2076;1;2;0.0000;1;79093.0000;None;854200.0000
24356;2023-03-13 12:56:47.190000;3;201211;1;1;6800.0000;1;79093.0000;None;854200.0000
24356;2023-03-13 12:56:47.190000;2;101727;1;1;32800.0000;1;79093.0000;None;854200.0000
24356;2023-03-13 13:04:13.600000;1;100967;1;1;24800.0000;1;79093.0000;None;854200.0000
24356;2023-03-13 13:04:13.600000;1;105864;1;1;43800.0000;1;79093.0000;None;854200.0000
24356;2023-03-13 13:04:13.600000;1;107904;1;1;159800.0000;1;79093.0000;None;854200.0000
24356;2023-03-13 13:04:13.600000;1;108314;1;1;41800.0000;1;79093.0000;None;854200.0000
24356;2023-03-13 13:22:10.397000;2;101727;1;1;32800.0000;1;79093.0000;None;854200.0000
24356;2023-03-13 13:26:06.327000;2;101728;1;1;33800.0000;1;79093.0000;None;854200.0000
24356;2023-03-13 13:55:46.030000;1;107005;1;1;65800.0000;1;79093.0000;None;854200.0000
24356;2023-03-13 13:55:46.030000;7;1003;2;1;0.0000;1;79093.0000;None;854200.0000
24356;2023-03-13 13:55:46.030000;6;101494;1;1;0.0000;1;79093.0000;None;854200.0000
24356;2023-03-13 13:55:46.030000;1;101433;1;1;0.0000;1;79093.0000;None;854200.0000
24356;2023-03-13 13:55:46.030000;1;102132;1;1;6800.0000;1;79093.0000;None;854200.0000
24356;2023-03-13 13:55:46.030000;1;107005;1;1;65800.0000;1;79093.0000;None;854200.0000
24356;2023-03-13 13:55:46.030000;7;1003;2;1;0.0000;1;79093.0000;None;854200.0000
24356;2023-03-13 13:55:46.030000;6;101604;1;1;0.0000;1;79093.0000;None;854200.0000
24356;2023-03-13 13:55:46.030000;1;101433;1;1;0.0000;1;79093.0000;None;854200.0000
24356;2023-03-13 13:55:46.030000;1;102132;1;1;6800.0000;1;79093.0000;None;854200.0000
24356;2023-03-13 13:55:46.030000;1;103773;1;1;14800.0000;1;79093.0000;None;854200.0000
24356;2023-03-13 13:55:46.030000;1;104315;1;1;65800.0000;1;79093.0000;None;854200.0000
24356;2023-03-13 13:55:46.030000;1;101961;1;1;67800.0000;1;79093.0000;None;854200.0000
24356;2023-03-13 13:55:46.030000;7;1054;1;1;0.0000;1;79093.0000;None;854200.0000
24356;2023-03-13 13:55:46.030000;7;1003;2;1;0.0000;1;79093.0000;None;854200.0000
24356;2023-03-13 13:55:46.030000;1;101522;1;1;0.0000;1;79093.0000;None;854200.0000
24356;2023-03-13 13:55:46.030000;1;102132;1;1;6800.0000;1;79093.0000;None;854200.0000
24356;2023-03-13 13:55:46.030000;1;104638;1;1;69800.0000;1;79093.0000;None;854200.0000
24356;2023-03-13 14:19:27.357000;3;200008;1;1;15800.0000;1;79093.0000;None;854200.0000
24356;2023-03-13 14:19:27.357000;3;201269;1;1;6800.0000;1;79093.0000;None;854200.0000
24356;2023-03-13 14:19:27.357000;3;101641;1;1;0.0000;1;79093.0000;None;854200.0000
24356;2023-03-13 14:25:07.037000;3;201269;1;1;6800.0000;1;79093.0000;None;854200.0000
24356;2023-03-13 14:25:07.037000;7;2076;1;1;0.0000;1;79093.0000;None;854200.0000
24356;2023-03-13 14:48:35.793000;3;102102;1;1;9800.0000;1;79093.0000;None;854200.0000
24356;2023-03-13 14:48:35.793000;3;100613;1;2;11600.0000;1;79093.0000;None;854200.0000
24356;2023-03-13 14:48:35.793000;3;100614;1;1;5800.0000;1;79093.0000;None;854200.0000
24356;2023-03-13 14:48:35.793000;3;100601;1;1;5800.0000;1;79093.0000;None;854200.0000
24357;2023-03-13 12:57:45.513000;6;106272;1;2;0.0000;1;16500.0000;None;178200.0000
24357;2023-03-13 12:57:45.513000;3;200007;1;1;12800.0000;1;16500.0000;None;178200.0000
24357;2023-03-13 12:57:45.513000;7;2076;1;1;0.0000;1;16500.0000;None;178200.0000
24357;2023-03-13 13:13:25.713000;3;102751;1;1;8800.0000;1;16500.0000;None;178200.0000
24357;2023-03-13 13:13:25.713000;1;107008;1;2;115600.0000;1;16500.0000;None;178200.0000
24357;2023-03-13 13:13:25.713000;7;1006;1;2;0.0000;1;16500.0000;None;178200.0000
24357;2023-03-13 13:13:25.713000;6;101589;1;2;0.0000;1;16500.0000;None;178200.0000
24357;2023-03-13 13:13:25.713000;1;101433;1;2;0.0000;1;16500.0000;None;178200.0000
24357;2023-03-13 13:13:25.713000;1;102132;1;2;13600.0000;1;16500.0000;None;178200.0000
24357;2023-03-13 14:15:45.420000;1;101891;1;1;16800.0000;1;16500.0000;None;178200.0000
24357;2023-03-13 14:15:45.420000;3;100614;1;1;5800.0000;1;16500.0000;None;178200.0000
24357;2023-03-13 14:15:45.420000;3;104554;1;1;4800.0000;1;16500.0000;None;178200.0000
24358;2023-03-13 13:00:13.770000;6;106272;1;2;0.0000;1;12019.0000;None;129800.0000
24358;2023-03-13 13:00:13.770000;3;201211;1;1;6800.0000;1;12019.0000;None;129800.0000
24358;2023-03-13 13:04:23.037000;3;201211;1;1;6800.0000;1;12019.0000;None;129800.0000
24358;2023-03-13 13:09:55.970000;1;102498;1;1;34800.0000;1;12019.0000;None;129800.0000
24358;2023-03-13 13:09:55.970000;6;101569;1;1;0.0000;1;12019.0000;None;129800.0000
24358;2023-03-13 13:09:55.970000;6;101592;1;1;0.0000;1;12019.0000;None;129800.0000
24358;2023-03-13 13:09:55.970000;7;1007;1;1;0.0000;1;12019.0000;None;129800.0000
24358;2023-03-13 13:09:55.970000;1;104294;1;1;69800.0000;1;12019.0000;None;129800.0000
24358;2023-03-13 13:09:55.970000;1;101552;1;1;0.0000;1;12019.0000;None;129800.0000
24358;2023-03-13 13:09:55.970000;6;101494;1;1;0.0000;1;12019.0000;None;129800.0000
24358;2023-03-13 13:09:55.970000;7;1007;1;1;0.0000;1;12019.0000;None;129800.0000
24358;2023-03-13 13:57:25.277000;3;100614;1;1;5800.0000;1;12019.0000;None;129800.0000
24358;2023-03-13 14:02:55.537000;3;100614;1;1;5800.0000;1;12019.0000;None;129800.0000
24361;2023-03-13 13:28:06.323000;2;200723;1;1;220800.0000;1;36833.0000;None;397800.0000
24361;2023-03-13 14:34:30.557000;1;108314;1;1;41800.0000;1;36833.0000;None;397800.0000
24361;2023-03-13 14:35:20.543000;1;107771;1;1;79800.0000;1;36833.0000;None;397800.0000
24361;2023-03-13 14:35:20.543000;1;105864;1;1;43800.0000;1;36833.0000;None;397800.0000
24361;2023-03-13 14:35:20.543000;7;1040;1;1;0.0000;1;36833.0000;None;397800.0000
24361;2023-03-13 16:02:11.907000;3;100614;1;2;11600.0000;1;36833.0000;None;397800.0000
24362;2023-03-13 13:30:47.043000;6;106272;1;2;0.0000;1;44185.0000;None;477200.0000
24362;2023-03-13 13:30:47.043000;2;200151;1;1;168800.0000;1;44185.0000;None;477200.0000
24362;2023-03-13 13:30:47.043000;7;2008;1;2;0.0000;1;44185.0000;None;477200.0000
24362;2023-03-13 13:46:03.903000;1;103945;1;1;69800.0000;1;44185.0000;None;477200.0000
24362;2023-03-13 13:46:03.903000;7;1008;1;1;0.0000;1;44185.0000;None;477200.0000
24362;2023-03-13 13:46:03.903000;7;1026;1;1;0.0000;1;44185.0000;None;477200.0000
24362;2023-03-13 13:46:03.903000;6;101604;1;1;0.0000;1;44185.0000;None;477200.0000
24362;2023-03-13 13:46:03.903000;1;101552;1;1;0.0000;1;44185.0000;None;477200.0000
24362;2023-03-13 13:46:03.903000;1;103945;1;1;69800.0000;1;44185.0000;None;477200.0000
24362;2023-03-13 13:46:03.903000;7;1006;1;1;0.0000;1;44185.0000;None;477200.0000
24362;2023-03-13 13:46:03.903000;6;101604;1;1;0.0000;1;44185.0000;None;477200.0000
24362;2023-03-13 13:46:03.903000;1;101433;1;1;0.0000;1;44185.0000;None;477200.0000
24362;2023-03-13 14:54:22.550000;2;200151;1;1;168800.0000;1;44185.0000;None;477200.0000
24363;2023-03-13 15:02:37.303000;1;103166;1;1;19800.0000;1;2741.0000;None;29600.0000
24363;2023-03-13 15:02:37.303000;3;108533;1;1;9800.0000;1;2741.0000;None;29600.0000
24364;2023-03-13 16:46:39.463000;2;101844;1;1;31800.0000;1;38834.0000;None;419400.0000
24364;2023-03-13 16:46:39.463000;6;102629;1;1;0.0000;1;38834.0000;None;419400.0000
24364;2023-03-13 16:46:39.463000;2;101844;1;1;31800.0000;1;38834.0000;None;419400.0000
24364;2023-03-13 16:46:39.463000;6;102629;1;1;0.0000;1;38834.0000;None;419400.0000
24364;2023-03-13 16:46:39.463000;2;101844;1;1;31800.0000;1;38834.0000;None;419400.0000
24364;2023-03-13 16:46:39.463000;6;102629;1;1;0.0000;1;38834.0000;None;419400.0000
24364;2023-03-13 16:46:39.463000;2;101844;1;1;31800.0000;1;38834.0000;None;419400.0000
24364;2023-03-13 16:46:39.463000;6;102629;1;1;0.0000;1;38834.0000;None;419400.0000
24364;2023-03-13 17:40:30.530000;2;101844;1;1;31800.0000;1;38834.0000;None;419400.0000
24364;2023-03-13 17:40:30.530000;6;102629;1;1;0.0000;1;38834.0000;None;419400.0000
24364;2023-03-13 17:40:30.530000;2;101844;1;1;31800.0000;1;38834.0000;None;419400.0000
24364;2023-03-13 17:40:30.530000;6;102629;1;1;0.0000;1;38834.0000;None;419400.0000
24364;2023-03-13 17:40:30.530000;2;101844;1;1;31800.0000;1;38834.0000;None;419400.0000
24364;2023-03-13 17:40:30.530000;6;102629;1;1;0.0000;1;38834.0000;None;419400.0000
24364;2023-03-13 17:41:47.323000;2;101844;1;1;31800.0000;1;38834.0000;None;419400.0000
24364;2023-03-13 17:41:47.323000;6;102629;1;1;0.0000;1;38834.0000;None;419400.0000
24364;2023-03-13 18:31:58.387000;1;104873;1;1;37800.0000;1;38834.0000;None;419400.0000
24364;2023-03-13 18:52:56.237000;2;101844;1;1;31800.0000;1;38834.0000;None;419400.0000
24364;2023-03-13 18:52:56.237000;6;102629;1;1;0.0000;1;38834.0000;None;419400.0000
24364;2023-03-13 18:52:56.237000;2;101844;1;1;31800.0000;1;38834.0000;None;419400.0000
24364;2023-03-13 18:52:56.237000;6;102629;1;1;0.0000;1;38834.0000;None;419400.0000
24364;2023-03-13 18:52:56.237000;2;101844;1;1;31800.0000;1;38834.0000;None;419400.0000
24364;2023-03-13 18:52:56.237000;6;102629;1;1;0.0000;1;38834.0000;None;419400.0000
24364;2023-03-13 18:52:56.237000;2;101844;1;1;31800.0000;1;38834.0000;None;419400.0000
24364;2023-03-13 18:52:56.237000;6;102629;1;1;0.0000;1;38834.0000;None;419400.0000
24365;2023-03-13 17:23:01.443000;6;106272;1;2;0.0000;1;22852.0000;None;246800.0000
24365;2023-03-13 17:23:01.443000;2;201187;1;2;21600.0000;1;22852.0000;None;246800.0000
24365;2023-03-13 17:23:01.443000;1;105864;1;1;43800.0000;1;22852.0000;None;246800.0000
24365;2023-03-13 17:23:01.443000;1;103114;1;1;6800.0000;1;22852.0000;None;246800.0000
24365;2023-03-13 17:23:01.443000;1;107904;1;1;159800.0000;1;22852.0000;None;246800.0000
24365;2023-03-13 17:41:48.787000;1;103114;1;-1;-6800.0000;1;22852.0000;None;246800.0000
24365;2023-03-13 17:41:48.787000;7;1135;1;-1;0.0000;1;22852.0000;None;246800.0000
24365;2023-03-13 18:19:31.633000;2;201187;1;2;21600.0000;1;22852.0000;None;246800.0000
24366;2023-03-13 18:55:28.030000;6;106272;1;2;0.0000;1;27278.0000;None;294600.0000
24366;2023-03-13 18:55:28.030000;2;108726;1;1;59800.0000;1;27278.0000;None;294600.0000
24366;2023-03-13 18:55:28.030000;2;101658;1;1;42800.0000;1;27278.0000;None;294600.0000
24366;2023-03-13 18:57:44.300000;2;101658;1;-1;-42800.0000;1;27278.0000;None;294600.0000
24366;2023-03-13 18:57:44.300000;7;1207;1;-1;0.0000;1;27278.0000;None;294600.0000
24366;2023-03-13 18:59:28.613000;1;201555;1;1;29800.0000;1;27278.0000;None;294600.0000
24366;2023-03-13 19:22:34.407000;2;101658;1;1;42800.0000;1;27278.0000;None;294600.0000
24366;2023-03-13 19:22:34.407000;1;101945;1;1;39800.0000;1;27278.0000;None;294600.0000
24366;2023-03-13 19:22:34.407000;1;101659;1;1;46800.0000;1;27278.0000;None;294600.0000
24366;2023-03-13 19:22:34.407000;1;101552;1;1;0.0000;1;27278.0000;None;294600.0000
24366;2023-03-13 19:22:34.407000;1;103592;1;1;68800.0000;1;27278.0000;None;294600.0000
24366;2023-03-13 19:22:34.407000;1;101433;1;1;0.0000;1;27278.0000;None;294600.0000
24366;2023-03-13 19:22:34.407000;1;102132;1;1;6800.0000;1;27278.0000;None;294600.0000
24367;2023-03-13 19:02:02.687000;6;106272;1;2;0.0000;1;39371.0000;None;425200.0000
24367;2023-03-13 19:02:02.687000;3;201146;1;1;6800.0000;1;39371.0000;None;425200.0000
24367;2023-03-13 19:02:02.687000;2;201615;1;1;14800.0000;1;39371.0000;None;425200.0000
24367;2023-03-13 19:15:19.653000;1;102030;1;1;25800.0000;1;39371.0000;None;425200.0000
24367;2023-03-13 19:15:19.653000;1;109224;1;1;49800.0000;1;39371.0000;None;425200.0000
24367;2023-03-13 19:15:19.653000;7;1001;1;1;0.0000;1;39371.0000;None;425200.0000
24367;2023-03-13 19:15:19.653000;1;104893;1;1;129800.0000;1;39371.0000;None;425200.0000
24367;2023-03-13 19:15:19.653000;1;101522;1;1;0.0000;1;39371.0000;None;425200.0000
24367;2023-03-13 19:15:19.653000;6;101482;1;1;0.0000;1;39371.0000;None;425200.0000
24367;2023-03-13 19:15:19.653000;7;1002;1;1;0.0000;1;39371.0000;None;425200.0000
24367;2023-03-13 19:15:19.653000;1;104893;1;1;129800.0000;1;39371.0000;None;425200.0000
24367;2023-03-13 19:15:19.653000;1;101552;1;1;0.0000;1;39371.0000;None;425200.0000
24367;2023-03-13 19:15:19.653000;6;101482;1;1;0.0000;1;39371.0000;None;425200.0000
24367;2023-03-13 19:15:19.653000;7;1026;1;1;0.0000;1;39371.0000;None;425200.0000
24367;2023-03-13 19:15:19.653000;1;101887;1;1;33800.0000;1;39371.0000;None;425200.0000
24367;2023-03-13 19:15:19.653000;7;1001;1;1;0.0000;1;39371.0000;None;425200.0000
24367;2023-03-13 19:15:19.653000;1;101308;1;1;19800.0000;1;39371.0000;None;425200.0000
24367;2023-03-13 19:49:22.927000;2;201615;1;1;14800.0000;1;39371.0000;None;425200.0000
24370;2023-03-13 19:07:09.140000;6;106272;1;2;0.0000;1;117463.0000;None;1268600.0000
24370;2023-03-13 19:07:09.140000;3;102749;1;1;5800.0000;1;117463.0000;None;1268600.0000
24370;2023-03-13 19:07:09.140000;3;201206;1;1;6800.0000;1;117463.0000;None;1268600.0000
24370;2023-03-13 19:07:09.140000;2;101712;1;1;55800.0000;1;117463.0000;None;1268600.0000
24370;2023-03-13 19:07:09.140000;6;102629;1;1;0.0000;1;117463.0000;None;1268600.0000
24370;2023-03-13 19:07:09.140000;2;101722;1;1;28800.0000;1;117463.0000;None;1268600.0000
24370;2023-03-13 19:10:04.540000;2;101728;1;1;33800.0000;1;117463.0000;None;1268600.0000
24370;2023-03-13 19:10:04.540000;2;101728;1;1;33800.0000;1;117463.0000;None;1268600.0000
24370;2023-03-13 19:20:59.583000;3;200008;1;1;15800.0000;1;117463.0000;None;1268600.0000
24370;2023-03-13 19:20:59.583000;7;2008;1;4;0.0000;1;117463.0000;None;1268600.0000
24370;2023-03-13 19:20:59.583000;1;101176;1;1;41800.0000;1;117463.0000;None;1268600.0000
24370;2023-03-13 19:20:59.583000;6;101585;1;1;0.0000;1;117463.0000;None;1268600.0000
24370;2023-03-13 19:20:59.583000;1;100967;1;1;24800.0000;1;117463.0000;None;1268600.0000
24370;2023-03-13 19:20:59.583000;1;103106;1;1;24800.0000;1;117463.0000;None;1268600.0000
24370;2023-03-13 19:20:59.583000;1;108071;1;1;85800.0000;1;117463.0000;None;1268600.0000
24370;2023-03-13 19:20:59.583000;1;108071;1;1;85800.0000;1;117463.0000;None;1268600.0000
24370;2023-03-13 19:46:08.367000;3;201206;1;1;6800.0000;1;117463.0000;None;1268600.0000
24370;2023-03-13 19:48:42.437000;3;201704;1;1;15800.0000;1;117463.0000;None;1268600.0000
24370;2023-03-13 19:49:05.380000;1;102913;1;1;26800.0000;1;117463.0000;None;1268600.0000
24370;2023-03-13 19:49:05.380000;6;101563;1;1;0.0000;1;117463.0000;None;1268600.0000
24370;2023-03-13 19:49:05.380000;1;102913;1;1;26800.0000;1;117463.0000;None;1268600.0000
24370;2023-03-13 19:49:05.380000;6;101563;1;1;0.0000;1;117463.0000;None;1268600.0000
24370;2023-03-13 20:00:04.517000;1;104893;1;1;129800.0000;1;117463.0000;None;1268600.0000
24370;2023-03-13 20:00:04.517000;7;1003;2;1;0.0000;1;117463.0000;None;1268600.0000
24370;2023-03-13 20:00:04.517000;6;101477;1;1;0.0000;1;117463.0000;None;1268600.0000
24370;2023-03-13 20:00:04.517000;1;101433;1;1;0.0000;1;117463.0000;None;1268600.0000
24370;2023-03-13 20:00:04.517000;7;1135;1;1;0.0000;1;117463.0000;None;1268600.0000
24370;2023-03-13 20:00:04.517000;1;102132;1;1;6800.0000;1;117463.0000;None;1268600.0000
24370;2023-03-13 20:00:04.517000;1;104893;1;1;129800.0000;1;117463.0000;None;1268600.0000
24370;2023-03-13 20:00:04.517000;7;1002;1;1;0.0000;1;117463.0000;None;1268600.0000
24370;2023-03-13 20:00:04.517000;6;101477;1;1;0.0000;1;117463.0000;None;1268600.0000
24370;2023-03-13 20:00:04.517000;7;1135;1;1;0.0000;1;117463.0000;None;1268600.0000
24370;2023-03-13 20:00:04.517000;1;101433;1;1;0.0000;1;117463.0000;None;1268600.0000
24370;2023-03-13 20:00:04.517000;1;102132;1;1;6800.0000;1;117463.0000;None;1268600.0000
24370;2023-03-13 20:00:04.517000;1;103592;1;1;68800.0000;1;117463.0000;None;1268600.0000
24370;2023-03-13 20:00:04.517000;1;101433;1;1;0.0000;1;117463.0000;None;1268600.0000
24370;2023-03-13 20:00:04.517000;1;102132;1;1;6800.0000;1;117463.0000;None;1268600.0000
24370;2023-03-13 20:00:04.517000;1;103192;1;1;69800.0000;1;117463.0000;None;1268600.0000
24370;2023-03-13 20:00:04.517000;7;1059;1;1;0.0000;1;117463.0000;None;1268600.0000
24370;2023-03-13 20:00:04.517000;1;104206;1;1;16800.0000;1;117463.0000;None;1268600.0000
24370;2023-03-13 20:06:20.480000;2;101728;1;1;33800.0000;1;117463.0000;None;1268600.0000
24370;2023-03-13 20:06:20.480000;2;101728;1;1;33800.0000;1;117463.0000;None;1268600.0000
24370;2023-03-13 20:06:20.480000;2;101712;1;1;55800.0000;1;117463.0000;None;1268600.0000
24370;2023-03-13 20:06:20.480000;6;102629;1;1;0.0000;1;117463.0000;None;1268600.0000
24370;2023-03-13 20:06:20.480000;2;101722;1;1;28800.0000;1;117463.0000;None;1268600.0000
24370;2023-03-13 20:11:13.353000;3;200008;1;1;15800.0000;1;117463.0000;None;1268600.0000
24370;2023-03-13 20:11:13.353000;2;101712;1;1;55800.0000;1;117463.0000;None;1268600.0000
24370;2023-03-13 20:11:13.353000;6;102629;1;1;0.0000;1;117463.0000;None;1268600.0000
24370;2023-03-13 20:37:53.273000;2;101728;1;1;33800.0000;1;117463.0000;None;1268600.0000
24370;2023-03-13 20:40:11.183000;2;101712;1;1;55800.0000;1;117463.0000;None;1268600.0000
24372;2023-03-13 19:20:06.373000;6;106272;1;1;0.0000;1;23167.0000;None;250200.0000
24372;2023-03-13 19:20:06.373000;1;100967;1;1;24800.0000;1;23167.0000;None;250200.0000
24372;2023-03-13 19:20:06.373000;1;104010;1;1;15800.0000;1;23167.0000;None;250200.0000
24372;2023-03-13 19:20:06.373000;1;102053;1;1;34800.0000;1;23167.0000;None;250200.0000
24372;2023-03-13 19:20:06.373000;7;1214;1;1;0.0000;1;23167.0000;None;250200.0000
24372;2023-03-13 19:20:06.373000;3;201146;1;3;20400.0000;1;23167.0000;None;250200.0000
24372;2023-03-13 19:20:06.373000;7;2076;1;1;0.0000;1;23167.0000;None;250200.0000
24372;2023-03-13 19:20:06.373000;7;2076;1;1;0.0000;1;23167.0000;None;250200.0000
24372;2023-03-13 19:20:06.373000;7;2076;1;1;0.0000;1;23167.0000;None;250200.0000
24372;2023-03-13 19:56:50.107000;1;108487;1;1;28800.0000;1;23167.0000;None;250200.0000
24372;2023-03-13 19:56:50.107000;1;101958;1;1;67800.0000;1;23167.0000;None;250200.0000
24372;2023-03-13 19:56:50.107000;1;101522;1;1;0.0000;1;23167.0000;None;250200.0000
24372;2023-03-13 19:56:50.107000;7;1135;1;1;0.0000;1;23167.0000;None;250200.0000
24372;2023-03-13 19:56:50.107000;7;1128;1;1;0.0000;1;23167.0000;None;250200.0000
24372;2023-03-13 19:56:50.107000;1;107008;1;1;57800.0000;1;23167.0000;None;250200.0000
24372;2023-03-13 19:56:50.107000;1;101552;1;1;0.0000;1;23167.0000;None;250200.0000
24372;2023-03-13 19:56:50.107000;6;101589;1;1;0.0000;1;23167.0000;None;250200.0000
24372;2023-03-13 19:56:50.107000;7;1006;1;1;0.0000;1;23167.0000;None;250200.0000
24373;2023-03-13 19:28:18.640000;2;108120;1;1;43800.0000;1;93186.0000;None;1006400.0000
24373;2023-03-13 19:28:18.640000;2;108120;1;1;43800.0000;1;93186.0000;None;1006400.0000
24373;2023-03-13 19:28:18.640000;1;103160;1;1;16800.0000;1;93186.0000;None;1006400.0000
24373;2023-03-13 19:28:18.640000;1;108700;1;1;28800.0000;1;93186.0000;None;1006400.0000
24373;2023-03-13 19:28:18.640000;1;108071;1;1;85800.0000;1;93186.0000;None;1006400.0000
24373;2023-03-13 19:29:09.597000;2;108118;1;1;39800.0000;1;93186.0000;None;1006400.0000
24373;2023-03-13 19:29:09.597000;6;102629;1;1;0.0000;1;93186.0000;None;1006400.0000
24373;2023-03-13 19:29:09.597000;2;108118;1;1;39800.0000;1;93186.0000;None;1006400.0000
24373;2023-03-13 19:29:09.597000;6;102629;1;1;0.0000;1;93186.0000;None;1006400.0000
24373;2023-03-13 19:32:22.580000;2;108120;1;-1;-43800.0000;1;93186.0000;None;1006400.0000
24373;2023-03-13 19:32:22.580000;6;102629;1;-1;0.0000;1;93186.0000;None;1006400.0000
24373;2023-03-13 19:32:22.580000;2;108120;1;-1;-43800.0000;1;93186.0000;None;1006400.0000
24373;2023-03-13 19:32:22.580000;6;102629;1;-1;0.0000;1;93186.0000;None;1006400.0000
24373;2023-03-13 19:41:38.523000;2;109535;1;1;83800.0000;1;93186.0000;None;1006400.0000
24373;2023-03-13 19:41:38.523000;6;102629;1;1;0.0000;1;93186.0000;None;1006400.0000
24373;2023-03-13 19:41:38.523000;2;109535;1;1;83800.0000;1;93186.0000;None;1006400.0000
24373;2023-03-13 19:41:38.523000;6;102629;1;1;0.0000;1;93186.0000;None;1006400.0000
24373;2023-03-13 19:45:34.440000;2;109535;1;1;83800.0000;1;93186.0000;None;1006400.0000
24373;2023-03-13 19:45:34.440000;6;102629;1;1;0.0000;1;93186.0000;None;1006400.0000
24373;2023-03-13 19:45:34.440000;2;109535;1;1;83800.0000;1;93186.0000;None;1006400.0000
24373;2023-03-13 19:45:34.440000;6;102629;1;1;0.0000;1;93186.0000;None;1006400.0000
24373;2023-03-13 19:48:28.547000;2;108118;1;1;39800.0000;1;93186.0000;None;1006400.0000
24373;2023-03-13 19:48:28.547000;6;102629;1;1;0.0000;1;93186.0000;None;1006400.0000
24373;2023-03-13 19:57:02.920000;1;101340;1;1;29800.0000;1;93186.0000;None;1006400.0000
24373;2023-03-13 19:57:02.920000;1;102424;1;1;52800.0000;1;93186.0000;None;1006400.0000
24373;2023-03-13 20:09:18.757000;1;107007;1;1;63800.0000;1;93186.0000;None;1006400.0000
24373;2023-03-13 20:09:18.757000;7;1002;1;1;0.0000;1;93186.0000;None;1006400.0000
24373;2023-03-13 20:09:18.757000;7;1128;1;1;0.0000;1;93186.0000;None;1006400.0000
24373;2023-03-13 20:09:18.757000;6;101589;1;1;0.0000;1;93186.0000;None;1006400.0000
24373;2023-03-13 20:09:18.757000;1;101433;1;1;0.0000;1;93186.0000;None;1006400.0000
24373;2023-03-13 20:09:18.757000;1;102132;1;1;6800.0000;1;93186.0000;None;1006400.0000
24373;2023-03-13 20:29:56.227000;2;109535;1;1;83800.0000;1;93186.0000;None;1006400.0000
24373;2023-03-13 20:29:56.227000;2;109535;1;1;83800.0000;1;93186.0000;None;1006400.0000
24373;2023-03-13 20:32:52.427000;2;109535;1;1;83800.0000;1;93186.0000;None;1006400.0000
24373;2023-03-13 20:32:52.427000;6;102629;1;1;0.0000;1;93186.0000;None;1006400.0000
24373;2023-03-13 20:54:32.317000;3;201704;1;1;15800.0000;1;93186.0000;None;1006400.0000
24373;2023-03-13 20:54:32.317000;1;101308;1;1;19800.0000;1;93186.0000;None;1006400.0000
24373;2023-03-13 21:04:18.340000;1;101308;1;-1;-19800.0000;1;93186.0000;None;1006400.0000
24373;2023-03-13 21:04:18.340000;7;1134;1;-1;0.0000;1;93186.0000;None;1006400.0000
24373;2023-03-13 21:04:18.340000;7;1134;1;-1;0.0000;1;93186.0000;None;1006400.0000
24374;2023-03-13 19:38:00.950000;2;101844;1;1;31800.0000;1;11778.0000;None;127200.0000
24374;2023-03-13 19:38:00.950000;6;105474;1;1;0.0000;1;11778.0000;None;127200.0000
24374;2023-03-13 19:38:00.950000;2;101844;1;1;31800.0000;1;11778.0000;None;127200.0000
24374;2023-03-13 19:38:00.950000;6;105520;1;1;0.0000;1;11778.0000;None;127200.0000
24374;2023-03-13 19:41:54.987000;2;101844;1;1;31800.0000;1;11778.0000;None;127200.0000
24374;2023-03-13 19:41:54.987000;6;102629;1;1;0.0000;1;11778.0000;None;127200.0000
24374;2023-03-13 19:41:54.987000;2;101844;1;1;31800.0000;1;11778.0000;None;127200.0000
24374;2023-03-13 19:41:54.987000;6;102629;1;1;0.0000;1;11778.0000;None;127200.0000
24375;2023-03-13 19:08:54.973000;6;106272;1;22;0.0000;1;43815.0000;None;473200.0000
24375;2023-03-13 19:08:54.973000;3;100601;1;1;5800.0000;1;43815.0000;None;473200.0000
24375;2023-03-13 19:08:54.973000;3;102635;1;1;8800.0000;1;43815.0000;None;473200.0000
24375;2023-03-13 19:22:56;3;102635;1;1;8800.0000;1;43815.0000;None;473200.0000
24375;2023-03-13 12:24:46.447000;6;106272;1;1;0.0000;1;43815.0000;None;473200.0000
24375;2023-03-13 12:24:46.447000;6;106272;1;1;0.0000;1;43815.0000;None;473200.0000
24375;2023-03-13 12:24:46.447000;1;108668;1;3;65400.0000;1;43815.0000;None;473200.0000
24375;2023-03-13 12:24:46.447000;3;100606;1;5;34000.0000;1;43815.0000;None;473200.0000
24375;2023-03-13 12:24:46.447000;3;100614;1;4;23200.0000;1;43815.0000;None;473200.0000
24375;2023-03-13 12:24:46.447000;3;201146;1;3;20400.0000;1;43815.0000;None;473200.0000
24375;2023-03-13 12:24:46.447000;3;200007;1;1;12800.0000;1;43815.0000;None;473200.0000
24375;2023-03-13 12:24:46.447000;2;108101;1;3;110400.0000;1;43815.0000;None;473200.0000
24375;2023-03-13 12:39:12.270000;1;109408;1;1;35800.0000;1;43815.0000;None;473200.0000
24375;2023-03-13 12:39:12.270000;7;1135;1;1;0.0000;1;43815.0000;None;473200.0000
24375;2023-03-13 13:00:35.750000;3;201269;1;1;6800.0000;1;43815.0000;None;473200.0000
24375;2023-03-13 13:00:35.750000;7;2076;1;1;0.0000;1;43815.0000;None;473200.0000
24375;2023-03-13 16:12:34.417000;3;100614;1;3;17400.0000;1;43815.0000;None;473200.0000
24375;2023-03-13 17:20:37.170000;3;100606;1;4;27200.0000;1;43815.0000;None;473200.0000
24375;2023-03-13 19:14:09.020000;1;108668;1;-3;-65400.0000;1;43815.0000;None;473200.0000
24375;2023-03-13 19:14:09.020000;3;201146;1;-3;-20400.0000;1;43815.0000;None;473200.0000
24375;2023-03-13 19:14:09.020000;3;201269;1;-1;-6800.0000;1;43815.0000;None;473200.0000
24375;2023-03-13 19:14:09.020000;7;2076;1;-1;0.0000;1;43815.0000;None;473200.0000
24375;2023-03-13 19:14:09.020000;3;200007;1;-1;-12800.0000;1;43815.0000;None;473200.0000
24375;2023-03-13 19:14:09.020000;3;100614;1;-4;-23200.0000;1;43815.0000;None;473200.0000
24375;2023-03-13 19:14:09.020000;6;106272;1;-1;0.0000;1;43815.0000;None;473200.0000
24375;2023-03-13 19:14:09.020000;1;109408;1;-1;-35800.0000;1;43815.0000;None;473200.0000
24375;2023-03-13 19:14:09.020000;7;1135;1;-1;0.0000;1;43815.0000;None;473200.0000
24375;2023-03-13 19:14:09.020000;3;100614;1;-3;-17400.0000;1;43815.0000;None;473200.0000
24375;2023-03-13 19:14:09.020000;3;100606;1;-4;-27200.0000;1;43815.0000;None;473200.0000
24375;2023-03-13 19:14:09.020000;2;108101;1;-3;-110400.0000;1;43815.0000;None;473200.0000
24375;2023-03-13 19:14:09.020000;3;100606;1;-5;-34000.0000;1;43815.0000;None;473200.0000
24375;2023-03-13 19:14:09.020000;6;106272;1;-1;0.0000;1;43815.0000;None;473200.0000
24375;2023-03-13 19:55:35.750000;3;201704;1;1;15800.0000;1;43815.0000;None;473200.0000
24375;2023-03-13 19:55:35.750000;7;2008;1;4;0.0000;1;43815.0000;None;473200.0000
24375;2023-03-13 19:55:35.750000;2;200098;1;1;135800.0000;1;43815.0000;None;473200.0000
24375;2023-03-13 19:55:35.750000;7;2008;1;4;0.0000;1;43815.0000;None;473200.0000
24375;2023-03-13 19:55:35.750000;1;104294;1;1;69800.0000;1;43815.0000;None;473200.0000
24375;2023-03-13 19:55:35.750000;7;1002;1;1;0.0000;1;43815.0000;None;473200.0000
24375;2023-03-13 19:55:35.750000;6;101477;1;1;0.0000;1;43815.0000;None;473200.0000
24375;2023-03-13 19:55:35.750000;1;101522;1;1;0.0000;1;43815.0000;None;473200.0000
24375;2023-03-13 19:55:35.750000;1;102423;1;1;64800.0000;1;43815.0000;None;473200.0000
24375;2023-03-13 19:55:35.750000;1;101522;1;1;0.0000;1;43815.0000;None;473200.0000
24375;2023-03-13 19:55:35.750000;1;104294;1;1;69800.0000;1;43815.0000;None;473200.0000
24375;2023-03-13 19:55:35.750000;7;1006;1;1;0.0000;1;43815.0000;None;473200.0000
24375;2023-03-13 19:55:35.750000;6;101589;1;1;0.0000;1;43815.0000;None;473200.0000
24375;2023-03-13 19:55:35.750000;1;101552;1;1;0.0000;1;43815.0000;None;473200.0000
24375;2023-03-13 19:55:35.750000;1;104719;1;1;39800.0000;1;43815.0000;None;473200.0000
24375;2023-03-13 19:55:35.750000;1;101522;1;1;0.0000;1;43815.0000;None;473200.0000
24375;2023-03-13 19:55:35.750000;7;1135;1;1;0.0000;1;43815.0000;None;473200.0000
24375;2023-03-13 20:54:48.910000;1;101891;1;1;16800.0000;1;43815.0000;None;473200.0000
24375;2023-03-13 20:54:48.910000;1;102884;1;1;19800.0000;1;43815.0000;None;473200.0000
24375;2023-03-13 20:54:48.910000;3;100614;1;3;17400.0000;1;43815.0000;None;473200.0000
24376;2023-03-13 20:18:43.290000;6;106272;1;2;0.0000;1;35148.0000;None;379600.0000
24376;2023-03-13 20:18:43.290000;3;201704;1;1;15800.0000;1;35148.0000;None;379600.0000
24376;2023-03-13 20:18:43.290000;7;2008;1;2;0.0000;1;35148.0000;None;379600.0000
24376;2023-03-13 20:18:43.290000;7;2076;1;2;0.0000;1;35148.0000;None;379600.0000
24376;2023-03-13 20:31:06.303000;2;202620;1;1;151800.0000;1;35148.0000;None;379600.0000
24376;2023-03-13 20:31:06.303000;1;103392;1;1;75800.0000;1;35148.0000;None;379600.0000
24376;2023-03-13 20:31:06.303000;7;1001;1;1;0.0000;1;35148.0000;None;379600.0000
24376;2023-03-13 20:31:06.303000;1;102423;1;1;64800.0000;1;35148.0000;None;379600.0000
24376;2023-03-13 20:31:06.303000;1;101433;1;1;0.0000;1;35148.0000;None;379600.0000
24376;2023-03-13 20:31:06.303000;1;102132;1;1;6800.0000;1;35148.0000;None;379600.0000
24376;2023-03-13 20:31:06.303000;1;107008;1;1;57800.0000;1;35148.0000;None;379600.0000
24376;2023-03-13 20:31:06.303000;7;1002;1;1;0.0000;1;35148.0000;None;379600.0000
24376;2023-03-13 20:31:06.303000;6;101589;1;1;0.0000;1;35148.0000;None;379600.0000
24376;2023-03-13 20:31:06.303000;1;101433;1;1;0.0000;1;35148.0000;None;379600.0000
24376;2023-03-13 20:31:06.303000;1;102132;1;1;6800.0000;1;35148.0000;None;379600.0000
24376;2023-03-13 20:51:22.747000;7;1220;1;1;0.0000;1;35148.0000;None;379600.0000
24376;2023-03-13 20:51:22.747000;7;1220;1;1;0.0000;1;35148.0000;None;379600.0000
24377;2023-03-13 20:49:35.690000;6;106272;1;1;0.0000;1;16204.0000;None;175000.0000
24377;2023-03-13 20:49:35.690000;1;102602;1;1;27800.0000;1;16204.0000;None;175000.0000
24377;2023-03-13 20:49:35.690000;7;1001;1;1;0.0000;1;16204.0000;None;175000.0000
24377;2023-03-13 20:49:35.690000;1;107007;1;1;63800.0000;1;16204.0000;None;175000.0000
24377;2023-03-13 20:49:35.690000;1;101522;1;1;0.0000;1;16204.0000;None;175000.0000
24377;2023-03-13 20:49:35.690000;6;101589;1;1;0.0000;1;16204.0000;None;175000.0000
24377;2023-03-13 20:49:35.690000;7;1006;1;1;0.0000;1;16204.0000;None;175000.0000
24377;2023-03-13 20:49:35.690000;1;103945;1;1;69800.0000;1;16204.0000;None;175000.0000
24377;2023-03-13 20:49:35.690000;1;101552;1;1;0.0000;1;16204.0000;None;175000.0000
24377;2023-03-13 20:49:35.690000;6;101494;1;1;0.0000;1;16204.0000;None;175000.0000
24377;2023-03-13 20:49:35.690000;7;1006;1;1;0.0000;1;16204.0000;None;175000.0000
24377;2023-03-13 20:50:51.197000;3;201269;1;1;6800.0000;1;16204.0000;None;175000.0000
24377;2023-03-13 20:50:51.197000;7;2076;1;1;0.0000;1;16204.0000;None;175000.0000
24377;2023-03-13 20:50:51.197000;3;201269;1;1;6800.0000;1;16204.0000;None;175000.0000
24377;2023-03-13 20:50:51.197000;7;2076;1;1;0.0000;1;16204.0000;None;175000.0000
24378;2023-03-13 21:44:39.130000;1;103771;1;1;17800.0000;1;None;None;17800.0000
24378;2023-03-13 21:44:39.130000;7;1135;1;1;0.0000;1;None;None;17800.0000
24379;2023-03-13 22:05:47.357000;3;201269;1;1;6800.0000;1;630.0000;None;6800.0000
