3261;2023-03-09 12:08:20.477000;1;103111;1;1;0.0000;1;57982.0000;None;626200.0000
3261;2023-03-09 12:08:20.477000;1;103111;1;1;0.0000;1;57982.0000;None;626200.0000
3261;2023-03-09 12:18:19.520000;2;200674;1;1;285800.0000;1;57982.0000;None;626200.0000
3261;2023-03-09 12:18:19.520000;7;2008;1;5;0.0000;1;57982.0000;None;626200.0000
3261;2023-03-09 12:27:03.857000;1;102025;1;1;31800.0000;1;57982.0000;None;626200.0000
3261;2023-03-09 12:27:03.857000;1;101244;1;1;29800.0000;1;57982.0000;None;626200.0000
3261;2023-03-09 12:27:03.857000;1;106579;1;1;39800.0000;1;57982.0000;None;626200.0000
3261;2023-03-09 12:55:26.040000;3;102747;1;1;4800.0000;1;57982.0000;None;626200.0000
3261;2023-03-09 13:09:40.077000;1;102336;1;1;149800.0000;1;57982.0000;None;626200.0000
3261;2023-03-09 13:09:40.077000;7;1308;1;1;0.0000;1;57982.0000;None;626200.0000
3261;2023-03-09 13:09:40.077000;7;1006;1;1;0.0000;1;57982.0000;None;626200.0000
3261;2023-03-09 13:09:40.077000;1;101519;1;1;0.0000;1;57982.0000;None;626200.0000
3261;2023-03-09 13:09:40.077000;1;103083;1;1;29800.0000;1;57982.0000;None;626200.0000
3261;2023-03-09 13:09:40.077000;1;101519;1;1;0.0000;1;57982.0000;None;626200.0000
3261;2023-03-09 13:09:40.077000;7;1135;1;1;0.0000;1;57982.0000;None;626200.0000
3261;2023-03-09 13:09:40.077000;7;1135;1;1;0.0000;1;57982.0000;None;626200.0000
3261;2023-03-09 13:09:40.077000;7;1306;1;1;0.0000;1;57982.0000;None;626200.0000
3261;2023-03-09 13:34:55.817000;3;102747;1;1;4800.0000;1;57982.0000;None;626200.0000
3261;2023-03-09 13:36:01.707000;3;201211;1;1;6800.0000;1;57982.0000;None;626200.0000
3261;2023-03-09 13:44:41.547000;3;201211;1;1;6800.0000;1;57982.0000;None;626200.0000
3261;2023-03-09 14:02:32.820000;1;105421;1;1;19800.0000;1;57982.0000;None;626200.0000
3261;2023-03-09 14:02:32.820000;7;1135;1;1;0.0000;1;57982.0000;None;626200.0000
3261;2023-03-09 14:12:58.377000;3;100614;1;1;5800.0000;1;57982.0000;None;626200.0000
3261;2023-03-09 14:12:58.377000;3;100614;1;1;5800.0000;1;57982.0000;None;626200.0000
3261;2023-03-09 14:12:58.377000;3;104554;1;1;4800.0000;1;57982.0000;None;626200.0000
3262;2023-03-09 12:12:29.963000;1;103111;1;1;0.0000;1;2815.0000;None;30400.0000
3262;2023-03-09 12:13:07.947000;1;103763;1;1;14800.0000;1;2815.0000;None;30400.0000
3262;2023-03-09 12:13:07.947000;7;1135;1;1;0.0000;1;2815.0000;None;30400.0000
3262;2023-03-09 12:13:07.947000;1;101119;1;1;8800.0000;1;2815.0000;None;30400.0000
3262;2023-03-09 12:14:24.420000;3;201237;1;1;6800.0000;1;2815.0000;None;30400.0000
3262;2023-03-09 12:43:30.603000;7;1303;1;1;0.0000;1;2815.0000;None;30400.0000
3263;2023-03-09 12:17:06.723000;3;201269;1;2;13600.0000;1;10630.0000;None;114800.0000
3263;2023-03-09 12:17:06.723000;3;108191;1;1;0.0000;1;10630.0000;None;114800.0000
3263;2023-03-09 12:17:06.723000;3;108191;1;1;0.0000;1;10630.0000;None;114800.0000
3263;2023-03-09 12:27:27.357000;1;103530;1;1;44800.0000;1;10630.0000;None;114800.0000
3263;2023-03-09 12:27:27.357000;1;101573;1;1;0.0000;1;10630.0000;None;114800.0000
3263;2023-03-09 12:27:27.357000;1;103530;1;1;44800.0000;1;10630.0000;None;114800.0000
3263;2023-03-09 12:27:27.357000;1;101573;1;1;0.0000;1;10630.0000;None;114800.0000
3263;2023-03-09 13:16:01.090000;3;100614;1;1;5800.0000;1;10630.0000;None;114800.0000
3263;2023-03-09 13:16:01.090000;3;100614;1;1;5800.0000;1;10630.0000;None;114800.0000
3263;2023-03-09 13:39:41.120000;7;1303;1;1;0.0000;1;10630.0000;None;114800.0000
3265;2023-03-09 12:30:07.693000;1;103111;1;1;0.0000;1;9370.0000;None;101200.0000
3265;2023-03-09 12:37:21.030000;3;200004;1;1;9800.0000;1;9370.0000;None;101200.0000
3265;2023-03-09 12:37:21.030000;1;101270;1;1;0.0000;1;9370.0000;None;101200.0000
3265;2023-03-09 12:37:21.030000;3;102635;1;1;8800.0000;1;9370.0000;None;101200.0000
3265;2023-03-09 12:37:21.030000;7;2065;1;1;0.0000;1;9370.0000;None;101200.0000
3265;2023-03-09 12:48:36.557000;1;109198;1;1;33800.0000;1;9370.0000;None;101200.0000
3265;2023-03-09 12:48:36.557000;6;101624;1;1;0.0000;1;9370.0000;None;101200.0000
3265;2023-03-09 12:48:36.557000;1;103846;1;1;48800.0000;1;9370.0000;None;101200.0000
3265;2023-03-09 12:48:36.557000;6;101438;1;1;0.0000;1;9370.0000;None;101200.0000
3265;2023-03-09 13:32:46.400000;7;1303;1;1;0.0000;1;9370.0000;None;101200.0000
3266;2023-03-09 12:30:45.607000;1;103111;1;1;0.0000;1;11796.0000;None;127400.0000
3266;2023-03-09 12:40:02.437000;1;103763;1;1;14800.0000;1;11796.0000;None;127400.0000
3266;2023-03-09 12:41:33.097000;3;201211;1;1;6800.0000;1;11796.0000;None;127400.0000
3266;2023-03-09 13:02:14.507000;3;201211;1;1;6800.0000;1;11796.0000;None;127400.0000
3266;2023-03-09 13:11:29.387000;1;103134;1;1;31800.0000;1;11796.0000;None;127400.0000
3266;2023-03-09 13:11:29.387000;6;101525;1;1;0.0000;1;11796.0000;None;127400.0000
3266;2023-03-09 13:11:29.387000;1;109199;1;1;37800.0000;1;11796.0000;None;127400.0000
3266;2023-03-09 13:11:29.387000;6;101624;1;1;0.0000;1;11796.0000;None;127400.0000
3266;2023-03-09 13:45:05.097000;1;105421;1;1;19800.0000;1;11796.0000;None;127400.0000
3266;2023-03-09 13:45:05.097000;3;104554;1;1;4800.0000;1;11796.0000;None;127400.0000
3266;2023-03-09 13:45:05.097000;3;104554;1;1;4800.0000;1;11796.0000;None;127400.0000
3266;2023-03-09 14:25:21.723000;7;1303;1;1;0.0000;1;11796.0000;None;127400.0000
3267;2023-03-09 12:44:16.063000;3;200009;1;1;9800.0000;1;5296.0000;None;57200.0000
3267;2023-03-09 12:51:46.660000;1;103552;1;1;38800.0000;1;5296.0000;None;57200.0000
3267;2023-03-09 12:51:46.660000;1;102163;1;1;2800.0000;1;5296.0000;None;57200.0000
3267;2023-03-09 12:51:46.660000;7;1135;1;1;0.0000;1;5296.0000;None;57200.0000
3267;2023-03-09 13:22:30.753000;3;100614;1;1;5800.0000;1;5296.0000;None;57200.0000
3269;2023-03-09 12:48:59.160000;3;104554;1;1;4800.0000;1;21111.0000;None;228000.0000
3269;2023-03-09 13:11:10.770000;3;201211;1;1;6800.0000;1;21111.0000;None;228000.0000
3269;2023-03-09 13:16:48.950000;1;102339;1;1;49800.0000;1;21111.0000;None;228000.0000
3269;2023-03-09 13:16:48.950000;7;1001;1;1;0.0000;1;21111.0000;None;228000.0000
3269;2023-03-09 13:16:48.950000;1;103553;1;1;54800.0000;1;21111.0000;None;228000.0000
3269;2023-03-09 13:16:48.950000;1;103818;1;1;109800.0000;1;21111.0000;None;228000.0000
3269;2023-03-09 13:34:28.417000;3;102644;1;1;6800.0000;1;21111.0000;None;228000.0000
3269;2023-03-09 13:34:28.417000;7;2077;1;1;0.0000;1;21111.0000;None;228000.0000
3269;2023-03-09 13:34:38.297000;7;1220;1;1;0.0000;1;21111.0000;None;228000.0000
3269;2023-03-09 13:34:38.297000;7;1220;1;1;0.0000;1;21111.0000;None;228000.0000
3269;2023-03-09 13:48:46.507000;1;106353;1;1;79800.0000;1;21111.0000;None;228000.0000
3269;2023-03-09 13:48:46.507000;7;1302;1;1;0.0000;1;21111.0000;None;228000.0000
3269;2023-03-09 13:48:46.507000;7;1308;1;1;0.0000;1;21111.0000;None;228000.0000
3269;2023-03-09 13:48:46.507000;1;101433;1;1;0.0000;1;21111.0000;None;228000.0000
3269;2023-03-09 13:48:46.507000;7;1135;1;1;0.0000;1;21111.0000;None;228000.0000
3269;2023-03-09 13:49:50.797000;1;103818;1;-1;-109800.0000;1;21111.0000;None;228000.0000
3269;2023-03-09 13:49:50.797000;7;1308;2;-1;0.0000;1;21111.0000;None;228000.0000
3269;2023-03-09 13:49:50.797000;7;1007;1;-1;0.0000;1;21111.0000;None;228000.0000
3269;2023-03-09 13:49:50.797000;1;101433;1;-1;0.0000;1;21111.0000;None;228000.0000
3269;2023-03-09 14:24:54.470000;3;100614;1;1;5800.0000;1;21111.0000;None;228000.0000
3269;2023-03-09 14:24:54.470000;3;100607;1;1;6800.0000;1;21111.0000;None;228000.0000
3269;2023-03-09 14:51:23.913000;3;100607;1;1;6800.0000;1;21111.0000;None;228000.0000
3269;2023-03-09 14:51:23.913000;3;102112;1;1;5800.0000;1;21111.0000;None;228000.0000
3269;2023-03-09 15:09:44.763000;7;1303;1;1;0.0000;1;21111.0000;None;228000.0000
3270;2023-03-09 12:53:51.877000;1;103111;1;1;0.0000;1;7519.0000;None;81200.0000
3270;2023-03-09 12:59:08.643000;3;201206;1;1;6800.0000;1;7519.0000;None;81200.0000
3270;2023-03-09 12:59:08.643000;3;201146;1;1;6800.0000;1;7519.0000;None;81200.0000
3270;2023-03-09 12:59:22.510000;1;108207;1;1;37800.0000;1;7519.0000;None;81200.0000
3270;2023-03-09 12:59:22.510000;6;101438;1;1;0.0000;1;7519.0000;None;81200.0000
3270;2023-03-09 12:59:22.510000;1;103784;1;1;29800.0000;1;7519.0000;None;81200.0000
3270;2023-03-09 12:59:22.510000;6;101624;1;1;0.0000;1;7519.0000;None;81200.0000
3270;2023-03-09 13:44:00.780000;7;1303;1;1;0.0000;1;7519.0000;None;81200.0000
3271;2023-03-09 12:55:42.443000;1;103111;1;1;0.0000;1;20870.0000;None;225400.0000
3271;2023-03-09 13:02:47.443000;2;201187;1;1;10800.0000;1;20870.0000;None;225400.0000
3271;2023-03-09 13:09:54.533000;3;201146;1;1;6800.0000;1;20870.0000;None;225400.0000
3271;2023-03-09 13:09:54.533000;7;2050;1;1;0.0000;1;20870.0000;None;225400.0000
3271;2023-03-09 13:36:20.560000;1;103381;1;1;58800.0000;1;20870.0000;None;225400.0000
3271;2023-03-09 14:17:48.757000;1;102753;1;1;67800.0000;1;20870.0000;None;225400.0000
3271;2023-03-09 14:17:48.757000;1;102753;1;1;67800.0000;1;20870.0000;None;225400.0000
3271;2023-03-09 15:07:22.760000;3;104554;1;1;4800.0000;1;20870.0000;None;225400.0000
3271;2023-03-09 15:07:22.760000;3;104554;1;1;4800.0000;1;20870.0000;None;225400.0000
3271;2023-03-09 15:38:29.150000;1;102222;1;1;3800.0000;1;20870.0000;None;225400.0000
3271;2023-03-09 15:38:29.150000;7;1157;1;1;0.0000;1;20870.0000;None;225400.0000
3271;2023-03-09 15:38:45.193000;7;1303;1;1;0.0000;1;20870.0000;None;225400.0000
3273;2023-03-09 13:10:00.453000;1;103111;1;1;0.0000;1;10333.0000;None;111600.0000
3273;2023-03-09 13:38:26.240000;3;201146;1;1;6800.0000;1;10333.0000;None;111600.0000
3273;2023-03-09 13:38:26.240000;3;102747;1;1;4800.0000;1;10333.0000;None;111600.0000
3273;2023-03-09 13:38:26.240000;7;2077;1;1;0.0000;1;10333.0000;None;111600.0000
3273;2023-03-09 13:38:26.240000;7;2042;1;1;0.0000;1;10333.0000;None;111600.0000
3273;2023-03-09 13:38:26.240000;1;104009;1;1;26800.0000;1;10333.0000;None;111600.0000
3273;2023-03-09 13:38:26.240000;1;102726;1;1;45800.0000;1;10333.0000;None;111600.0000
3273;2023-03-09 14:14:09.363000;1;101891;1;1;16800.0000;1;10333.0000;None;111600.0000
3273;2023-03-09 14:14:09.363000;3;104554;1;1;4800.0000;1;10333.0000;None;111600.0000
3273;2023-03-09 14:14:09.363000;3;100614;1;1;5800.0000;1;10333.0000;None;111600.0000
3274;2023-03-09 13:16:19.340000;1;103111;1;1;0.0000;1;22796.0000;None;246200.0000
3274;2023-03-09 13:22:20.780000;3;200004;1;1;9800.0000;1;22796.0000;None;246200.0000
3274;2023-03-09 13:22:20.780000;3;201269;1;1;6800.0000;1;22796.0000;None;246200.0000
3274;2023-03-09 13:22:20.780000;3;108191;1;1;0.0000;1;22796.0000;None;246200.0000
3274;2023-03-09 13:22:20.780000;3;201269;1;1;6800.0000;1;22796.0000;None;246200.0000
3274;2023-03-09 13:22:20.780000;3;108191;1;1;0.0000;1;22796.0000;None;246200.0000
3274;2023-03-09 13:22:20.780000;3;102635;1;1;8800.0000;1;22796.0000;None;246200.0000
3274;2023-03-09 13:22:20.780000;7;2042;1;1;0.0000;1;22796.0000;None;246200.0000
3274;2023-03-09 13:23:41.547000;1;101244;1;1;29800.0000;1;22796.0000;None;246200.0000
3274;2023-03-09 13:23:41.547000;7;1001;1;1;0.0000;1;22796.0000;None;246200.0000
3274;2023-03-09 13:23:41.547000;1;102440;1;1;29800.0000;1;22796.0000;None;246200.0000
3274;2023-03-09 13:23:41.547000;1;103784;1;1;29800.0000;1;22796.0000;None;246200.0000
3274;2023-03-09 13:23:41.547000;6;101624;1;1;0.0000;1;22796.0000;None;246200.0000
3274;2023-03-09 13:23:41.547000;1;109199;1;1;37800.0000;1;22796.0000;None;246200.0000
3274;2023-03-09 13:23:41.547000;6;101624;1;1;0.0000;1;22796.0000;None;246200.0000
3274;2023-03-09 13:23:41.547000;1;103846;1;1;48800.0000;1;22796.0000;None;246200.0000
3274;2023-03-09 13:23:41.547000;6;101438;1;1;0.0000;1;22796.0000;None;246200.0000
3274;2023-03-09 13:29:02.910000;3;201269;1;1;6800.0000;1;22796.0000;None;246200.0000
3274;2023-03-09 13:32:58.737000;3;200004;1;-1;-9800.0000;1;22796.0000;None;246200.0000
3274;2023-03-09 13:32:58.737000;1;101270;1;-1;0.0000;1;22796.0000;None;246200.0000
3274;2023-03-09 13:57:41.287000;3;201269;1;1;6800.0000;1;22796.0000;None;246200.0000
3274;2023-03-09 13:57:41.287000;3;108191;1;1;0.0000;1;22796.0000;None;246200.0000
3274;2023-03-09 14:02:17.013000;3;100613;1;1;5800.0000;1;22796.0000;None;246200.0000
3274;2023-03-09 14:02:17.013000;3;100613;1;1;5800.0000;1;22796.0000;None;246200.0000
3274;2023-03-09 14:02:17.013000;3;100614;1;1;5800.0000;1;22796.0000;None;246200.0000
3274;2023-03-09 14:02:17.013000;1;103961;1;1;16800.0000;1;22796.0000;None;246200.0000
3274;2023-03-09 14:22:45.647000;7;1303;1;1;0.0000;1;22796.0000;None;246200.0000
3275;2023-03-09 14:08:26.270000;1;103111;1;1;0.0000;1;35685.0000;None;385400.0000
3275;2023-03-09 14:08:26.270000;3;200004;1;1;9800.0000;1;35685.0000;None;385400.0000
3275;2023-03-09 14:08:36.537000;1;102358;1;1;28800.0000;1;35685.0000;None;385400.0000
3275;2023-03-09 14:11:00.497000;3;200004;1;-1;-9800.0000;1;35685.0000;None;385400.0000
3275;2023-03-09 14:11:00.497000;1;101270;1;-1;0.0000;1;35685.0000;None;385400.0000
3275;2023-03-09 14:11:00.497000;3;201269;1;1;6800.0000;1;35685.0000;None;385400.0000
3275;2023-03-09 14:14:57.933000;2;101809;1;1;33800.0000;1;35685.0000;None;385400.0000
3275;2023-03-09 14:14:57.933000;6;105446;1;1;0.0000;1;35685.0000;None;385400.0000
3275;2023-03-09 13:41:34.120000;1;103111;1;1;0.0000;1;35685.0000;None;385400.0000
3275;2023-03-09 13:46:44.857000;3;201146;1;1;6800.0000;1;35685.0000;None;385400.0000
3275;2023-03-09 13:46:44.857000;7;2015;1;2;0.0000;1;35685.0000;None;385400.0000
3275;2023-03-09 13:46:44.857000;7;2094;1;1;0.0000;1;35685.0000;None;385400.0000
3275;2023-03-09 13:46:44.857000;7;2094;1;1;0.0000;1;35685.0000;None;385400.0000
3275;2023-03-09 13:46:44.857000;2;101809;1;1;33800.0000;1;35685.0000;None;385400.0000
3275;2023-03-09 13:46:44.857000;2;101809;1;1;33800.0000;1;35685.0000;None;385400.0000
3275;2023-03-09 13:46:44.857000;7;1207;1;1;0.0000;1;35685.0000;None;385400.0000
3275;2023-03-09 13:59:54.933000;1;103458;1;1;35800.0000;1;35685.0000;None;385400.0000
3275;2023-03-09 13:59:54.933000;7;1135;1;1;0.0000;1;35685.0000;None;385400.0000
3275;2023-03-09 14:27:49.187000;1;102294;1;1;4800.0000;1;35685.0000;None;385400.0000
3275;2023-03-09 14:34:11.157000;2;101809;1;1;33800.0000;1;35685.0000;None;385400.0000
3275;2023-03-09 14:34:11.157000;6;105446;1;1;0.0000;1;35685.0000;None;385400.0000
3275;2023-03-09 14:44:23.340000;2;101809;1;1;33800.0000;1;35685.0000;None;385400.0000
3275;2023-03-09 14:44:23.340000;2;101809;1;1;33800.0000;1;35685.0000;None;385400.0000
3275;2023-03-09 14:44:23.340000;6;105446;1;1;0.0000;1;35685.0000;None;385400.0000
3275;2023-03-09 14:44:23.340000;7;1207;1;1;0.0000;1;35685.0000;None;385400.0000
3275;2023-03-09 15:07:07.877000;1;103702;1;1;37800.0000;1;35685.0000;None;385400.0000
3275;2023-03-09 15:07:07.877000;1;101552;1;1;0.0000;1;35685.0000;None;385400.0000
3275;2023-03-09 15:33:32.787000;1;103372;1;1;14800.0000;1;35685.0000;None;385400.0000
3275;2023-03-09 15:33:32.787000;1;103120;1;1;14800.0000;1;35685.0000;None;385400.0000
3275;2023-03-09 15:33:32.787000;3;100614;1;1;5800.0000;1;35685.0000;None;385400.0000
3275;2023-03-09 15:33:32.787000;3;100614;1;1;5800.0000;1;35685.0000;None;385400.0000
3275;2023-03-09 15:33:32.787000;3;100613;1;1;5800.0000;1;35685.0000;None;385400.0000
3275;2023-03-09 15:44:59.073000;1;104004;1;1;15800.0000;1;35685.0000;None;385400.0000
3275;2023-03-09 15:50:12.510000;1;103372;1;1;14800.0000;1;35685.0000;None;385400.0000
3275;2023-03-09 15:50:12.510000;7;1131;1;1;0.0000;1;35685.0000;None;385400.0000
3275;2023-03-09 15:55:58.763000;1;104004;1;-1;-15800.0000;1;35685.0000;None;385400.0000
3275;2023-03-09 15:55:58.763000;7;1131;1;-1;0.0000;1;35685.0000;None;385400.0000
3276;2023-03-09 14:26:26.087000;3;102747;1;1;4800.0000;1;7796.0000;None;84200.0000
3276;2023-03-09 14:26:26.087000;7;2006;1;1;0.0000;1;7796.0000;None;84200.0000
3276;2023-03-09 14:26:41.127000;1;103771;1;1;29800.0000;1;7796.0000;None;84200.0000
3276;2023-03-09 14:26:41.127000;7;1001;1;1;0.0000;1;7796.0000;None;84200.0000
3276;2023-03-09 14:26:41.127000;1;108267;1;1;38800.0000;1;7796.0000;None;84200.0000
3276;2023-03-09 14:44:49.067000;7;1220;1;1;0.0000;1;7796.0000;None;84200.0000
3276;2023-03-09 14:44:49.067000;7;1220;1;1;0.0000;1;7796.0000;None;84200.0000
3276;2023-03-09 15:02:49.210000;3;102641;1;1;10800.0000;1;7796.0000;None;84200.0000
3276;2023-03-09 15:15:03.703000;7;1303;1;1;0.0000;1;7796.0000;None;84200.0000
3277;2023-03-09 14:25:12.567000;3;201704;1;1;15800.0000;1;25222.0000;None;272400.0000
3277;2023-03-09 14:25:12.567000;7;2015;1;3;0.0000;1;25222.0000;None;272400.0000
3277;2023-03-09 14:25:12.567000;3;102637;1;1;9800.0000;1;25222.0000;None;272400.0000
3277;2023-03-09 14:25:12.567000;3;102748;1;1;15800.0000;1;25222.0000;None;272400.0000
3277;2023-03-09 14:38:54.763000;1;103818;1;1;109800.0000;1;25222.0000;None;272400.0000
3277;2023-03-09 14:38:54.763000;7;1308;2;1;0.0000;1;25222.0000;None;272400.0000
3277;2023-03-09 14:38:54.763000;7;1302;1;1;0.0000;1;25222.0000;None;272400.0000
3277;2023-03-09 14:38:54.763000;1;101552;1;1;0.0000;1;25222.0000;None;272400.0000
3277;2023-03-09 14:38:54.763000;7;1128;1;1;0.0000;1;25222.0000;None;272400.0000
3277;2023-03-09 14:38:54.763000;1;102172;1;1;4800.0000;1;25222.0000;None;272400.0000
3277;2023-03-09 14:38:54.763000;1;102753;1;1;67800.0000;1;25222.0000;None;272400.0000
3277;2023-03-09 14:38:54.763000;6;101470;1;1;0.0000;1;25222.0000;None;272400.0000
3277;2023-03-09 14:38:54.763000;1;103791;1;1;39800.0000;1;25222.0000;None;272400.0000
3277;2023-03-09 14:38:54.763000;1;101623;1;1;0.0000;1;25222.0000;None;272400.0000
3277;2023-03-09 14:38:54.763000;3;102635;1;1;8800.0000;1;25222.0000;None;272400.0000
3277;2023-03-09 14:38:54.763000;7;2042;1;1;0.0000;1;25222.0000;None;272400.0000
3277;2023-03-09 15:11:19.457000;7;1303;1;1;0.0000;1;25222.0000;None;272400.0000
3278;2023-03-09 15:07:15.753000;1;103111;1;1;0.0000;1;15722.0000;None;169800.0000
3278;2023-03-09 15:09:52.050000;3;200004;1;1;9800.0000;1;15722.0000;None;169800.0000
3278;2023-03-09 15:09:52.050000;1;101270;1;1;0.0000;1;15722.0000;None;169800.0000
3278;2023-03-09 15:15:10.393000;3;102635;1;1;8800.0000;1;15722.0000;None;169800.0000
3278;2023-03-09 15:15:10.393000;7;2042;1;1;0.0000;1;15722.0000;None;169800.0000
3278;2023-03-09 15:23:46.550000;1;107002;1;1;69800.0000;1;15722.0000;None;169800.0000
3278;2023-03-09 15:23:46.550000;7;1006;1;1;0.0000;1;15722.0000;None;169800.0000
3278;2023-03-09 15:23:46.550000;7;1306;1;1;0.0000;1;15722.0000;None;169800.0000
3278;2023-03-09 15:23:46.550000;1;101552;1;1;0.0000;1;15722.0000;None;169800.0000
3278;2023-03-09 15:23:46.550000;1;101084;1;1;69800.0000;1;15722.0000;None;169800.0000
3278;2023-03-09 16:03:04.327000;3;100614;1;1;5800.0000;1;15722.0000;None;169800.0000
3278;2023-03-09 16:03:04.327000;3;100614;1;1;5800.0000;1;15722.0000;None;169800.0000
3278;2023-03-09 16:03:04.327000;7;1207;1;1;0.0000;1;15722.0000;None;169800.0000
3279;2023-03-09 15:20:37.630000;1;103111;1;1;0.0000;1;6148.0000;None;66400.0000
3279;2023-03-09 15:22:16.413000;3;102637;1;1;9800.0000;1;6148.0000;None;66400.0000
3279;2023-03-09 15:22:16.413000;7;2042;1;1;0.0000;1;6148.0000;None;66400.0000
3279;2023-03-09 15:22:16.413000;1;103559;1;1;46800.0000;1;6148.0000;None;66400.0000
3279;2023-03-09 15:47:47.757000;3;102637;1;1;9800.0000;1;6148.0000;None;66400.0000
3279;2023-03-09 15:47:47.757000;7;2042;1;1;0.0000;1;6148.0000;None;66400.0000
3281;2023-03-09 17:24:40.213000;1;103111;1;1;0.0000;1;5296.0000;None;57200.0000
3281;2023-03-09 17:28:15.293000;3;200004;1;1;9800.0000;1;5296.0000;None;57200.0000
3281;2023-03-09 17:28:15.293000;1;103452;1;1;34800.0000;1;5296.0000;None;57200.0000
3281;2023-03-09 17:28:15.293000;7;1135;1;1;0.0000;1;5296.0000;None;57200.0000
3281;2023-03-09 17:28:15.293000;1;102256;1;1;2800.0000;1;5296.0000;None;57200.0000
3281;2023-03-09 17:28:15.293000;7;1135;1;1;0.0000;1;5296.0000;None;57200.0000
3281;2023-03-09 17:35:34.210000;3;200009;1;1;9800.0000;1;5296.0000;None;57200.0000
3281;2023-03-09 17:36:28.267000;3;200004;1;-1;-9800.0000;1;5296.0000;None;57200.0000
3281;2023-03-09 17:36:28.267000;1;101270;1;-1;0.0000;1;5296.0000;None;57200.0000
3281;2023-03-09 18:10:37.787000;3;200006;1;1;9800.0000;1;5296.0000;None;57200.0000
3281;2023-03-09 18:25:39.900000;7;1303;1;1;0.0000;1;5296.0000;None;57200.0000
3283;2023-03-09 18:41:00.760000;1;103111;1;1;0.0000;1;6870.0000;None;74200.0000
3283;2023-03-09 18:41:40.007000;3;202133;1;1;9800.0000;1;6870.0000;None;74200.0000
3283;2023-03-09 18:41:40.007000;3;200012;1;1;9800.0000;1;6870.0000;None;74200.0000
3283;2023-03-09 18:41:40.007000;7;2002;1;1;0.0000;1;6870.0000;None;74200.0000
3283;2023-03-09 18:41:40.007000;7;2002;1;1;0.0000;1;6870.0000;None;74200.0000
3283;2023-03-09 18:45:46.010000;1;109216;1;1;15800.0000;1;6870.0000;None;74200.0000
3283;2023-03-09 18:45:46.010000;1;103423;1;1;38800.0000;1;6870.0000;None;74200.0000
3283;2023-03-09 19:19:21.303000;7;1303;1;1;0.0000;1;6870.0000;None;74200.0000
3284;2023-03-09 19:10:51.117000;1;103111;1;1;0.0000;1;65667.0000;None;709200.0000
3284;2023-03-09 19:10:51.117000;1;103111;1;1;0.0000;1;65667.0000;None;709200.0000
3284;2023-03-09 19:19:42.873000;1;103111;1;1;0.0000;1;65667.0000;None;709200.0000
3284;2023-03-09 19:27:35.233000;2;200142;1;1;112800.0000;1;65667.0000;None;709200.0000
3284;2023-03-09 19:27:35.233000;2;200136;1;1;109800.0000;1;65667.0000;None;709200.0000
3284;2023-03-09 19:27:35.233000;7;2015;1;10;0.0000;1;65667.0000;None;709200.0000
3284;2023-03-09 19:28:06.527000;3;201206;1;1;6800.0000;1;65667.0000;None;709200.0000
3284;2023-03-09 19:28:06.527000;3;201146;1;1;6800.0000;1;65667.0000;None;709200.0000
3284;2023-03-09 19:28:06.527000;7;2045;1;3;0.0000;1;65667.0000;None;709200.0000
3284;2023-03-09 19:28:06.527000;3;200004;1;1;9800.0000;1;65667.0000;None;709200.0000
3284;2023-03-09 19:28:06.527000;7;2015;1;2;0.0000;1;65667.0000;None;709200.0000
3284;2023-03-09 19:28:06.527000;3;201237;1;1;6800.0000;1;65667.0000;None;709200.0000
3284;2023-03-09 19:28:06.527000;3;102619;1;1;7800.0000;1;65667.0000;None;709200.0000
3284;2023-03-09 19:31:53.210000;1;101244;1;1;29800.0000;1;65667.0000;None;709200.0000
3284;2023-03-09 19:31:53.210000;1;101244;1;1;29800.0000;1;65667.0000;None;709200.0000
3284;2023-03-09 19:31:53.210000;1;102025;1;1;31800.0000;1;65667.0000;None;709200.0000
3284;2023-03-09 19:32:01.410000;1;101178;1;1;44800.0000;1;65667.0000;None;709200.0000
3284;2023-03-09 19:32:19.340000;1;103449;1;1;29800.0000;1;65667.0000;None;709200.0000
3284;2023-03-09 19:32:19.340000;1;103471;1;1;34800.0000;1;65667.0000;None;709200.0000
3284;2023-03-09 19:36:43.247000;3;201146;1;-1;-6800.0000;1;65667.0000;None;709200.0000
3284;2023-03-09 19:38:54.030000;2;200135;1;1;111800.0000;1;65667.0000;None;709200.0000
3284;2023-03-09 19:39:45.307000;1;102222;1;1;3800.0000;1;65667.0000;None;709200.0000
3284;2023-03-09 19:44:40.527000;2;201187;1;1;10800.0000;1;65667.0000;None;709200.0000
3284;2023-03-09 19:45:07.823000;2;200142;1;-1;-112800.0000;1;65667.0000;None;709200.0000
3284;2023-03-09 19:51:59.270000;1;101178;1;1;44800.0000;1;65667.0000;None;709200.0000
3284;2023-03-09 19:52:09.183000;1;103449;1;1;29800.0000;1;65667.0000;None;709200.0000
3284;2023-03-09 19:52:09.183000;1;103421;1;1;42800.0000;1;65667.0000;None;709200.0000
3284;2023-03-09 20:10:56.977000;1;109216;1;1;15800.0000;1;65667.0000;None;709200.0000
3284;2023-03-09 20:11:07.180000;1;103421;1;1;42800.0000;1;65667.0000;None;709200.0000
3284;2023-03-09 20:29:37.457000;2;201187;1;1;10800.0000;1;65667.0000;None;709200.0000
3284;2023-03-09 20:29:49.620000;1;103961;1;1;16800.0000;1;65667.0000;None;709200.0000
3284;2023-03-09 20:29:49.620000;1;103961;1;1;16800.0000;1;65667.0000;None;709200.0000
3284;2023-03-09 20:29:49.620000;1;103372;1;1;14800.0000;1;65667.0000;None;709200.0000
3284;2023-03-09 20:29:49.620000;3;100596;1;1;5800.0000;1;65667.0000;None;709200.0000
3285;2023-03-09 19:10:59.493000;1;103111;1;1;0.0000;1;9278.0000;None;100200.0000
3285;2023-03-09 19:11:46.960000;3;201269;1;1;6800.0000;1;9278.0000;None;100200.0000
3285;2023-03-09 19:11:46.960000;3;108191;1;1;0.0000;1;9278.0000;None;100200.0000
3285;2023-03-09 19:11:46.960000;2;108101;1;1;36800.0000;1;9278.0000;None;100200.0000
3285;2023-03-09 19:20:46.993000;1;108527;1;1;29800.0000;1;9278.0000;None;100200.0000
3285;2023-03-09 19:20:46.993000;1;106331;1;1;26800.0000;1;9278.0000;None;100200.0000
3285;2023-03-09 20:23:55.177000;7;1303;1;1;0.0000;1;9278.0000;None;100200.0000
3286;2023-03-09 19:37:53.357000;1;103111;1;1;0.0000;1;14500.0000;None;156600.0000
3286;2023-03-09 19:39:26.927000;3;102644;1;1;6800.0000;1;14500.0000;None;156600.0000
3286;2023-03-09 19:39:26.927000;7;2077;1;1;0.0000;1;14500.0000;None;156600.0000
3286;2023-03-09 19:39:26.927000;3;102644;1;1;6800.0000;1;14500.0000;None;156600.0000
3286;2023-03-09 19:39:26.927000;7;2072;1;1;0.0000;1;14500.0000;None;156600.0000
3286;2023-03-09 19:39:26.927000;1;103786;1;1;41800.0000;1;14500.0000;None;156600.0000
3286;2023-03-09 19:39:26.927000;6;101624;1;1;0.0000;1;14500.0000;None;156600.0000
3286;2023-03-09 19:39:26.927000;1;103845;1;1;58800.0000;1;14500.0000;None;156600.0000
3286;2023-03-09 19:39:26.927000;7;1002;1;1;0.0000;1;14500.0000;None;156600.0000
3286;2023-03-09 19:39:26.927000;7;1306;1;1;0.0000;1;14500.0000;None;156600.0000
3286;2023-03-09 19:39:26.927000;1;101552;1;1;0.0000;1;14500.0000;None;156600.0000
3286;2023-03-09 20:08:12.793000;1;101891;1;1;16800.0000;1;14500.0000;None;156600.0000
3286;2023-03-09 20:08:12.793000;1;101308;1;1;19800.0000;1;14500.0000;None;156600.0000
3286;2023-03-09 20:08:12.793000;3;100596;1;1;5800.0000;1;14500.0000;None;156600.0000
3286;2023-03-09 20:24:39.750000;7;1303;1;1;0.0000;1;14500.0000;None;156600.0000
3287;2023-03-09 19:38:38.427000;3;201146;1;1;6800.0000;1;18445.0000;None;199200.0000
3287;2023-03-09 19:38:38.427000;2;200142;1;1;112800.0000;1;18445.0000;None;199200.0000
3287;2023-03-09 19:44:15.457000;1;101122;1;1;37800.0000;1;18445.0000;None;199200.0000
3287;2023-03-09 19:44:15.457000;6;105836;1;1;0.0000;1;18445.0000;None;199200.0000
3287;2023-03-09 19:44:15.457000;1;103786;1;1;41800.0000;1;18445.0000;None;199200.0000
3287;2023-03-09 19:44:15.457000;6;101470;1;1;0.0000;1;18445.0000;None;199200.0000
3287;2023-03-09 20:29:09.237000;7;1303;1;1;0.0000;1;18445.0000;None;199200.0000
3288;2023-03-09 19:58:45.323000;2;109583;1;1;29800.0000;1;26389.0000;None;285000.0000
3288;2023-03-09 19:58:45.323000;2;101880;1;1;56800.0000;1;26389.0000;None;285000.0000
3288;2023-03-09 19:58:45.323000;6;105631;1;1;0.0000;1;26389.0000;None;285000.0000
3288;2023-03-09 19:58:45.323000;7;2047;1;1;0.0000;1;26389.0000;None;285000.0000
3288;2023-03-09 19:58:45.323000;7;2002;1;1;0.0000;1;26389.0000;None;285000.0000
3288;2023-03-09 19:58:45.323000;6;101575;1;1;0.0000;1;26389.0000;None;285000.0000
3288;2023-03-09 19:58:45.323000;3;201211;1;1;6800.0000;1;26389.0000;None;285000.0000
3288;2023-03-09 19:59:15.050000;1;102961;1;1;22800.0000;1;26389.0000;None;285000.0000
3288;2023-03-09 19:59:15.050000;7;1001;1;1;0.0000;1;26389.0000;None;285000.0000
3288;2023-03-09 19:59:15.050000;1;101665;1;1;39800.0000;1;26389.0000;None;285000.0000
3288;2023-03-09 19:59:15.050000;1;106356;1;1;0.0000;1;26389.0000;None;285000.0000
3288;2023-03-09 19:59:15.050000;1;108266;1;1;52800.0000;1;26389.0000;None;285000.0000
3288;2023-03-09 19:59:15.050000;6;101535;1;1;0.0000;1;26389.0000;None;285000.0000
3288;2023-03-09 20:10:11.380000;7;1220;1;1;0.0000;1;26389.0000;None;285000.0000
3288;2023-03-09 20:10:11.380000;7;1220;1;1;0.0000;1;26389.0000;None;285000.0000
3288;2023-03-09 20:46:48.963000;3;100614;1;1;5800.0000;1;26389.0000;None;285000.0000
3288;2023-03-09 20:46:48.963000;3;100607;1;1;6800.0000;1;26389.0000;None;285000.0000
3288;2023-03-09 20:52:42.590000;3;201211;1;1;6800.0000;1;26389.0000;None;285000.0000
3288;2023-03-09 20:52:42.590000;2;101880;1;1;56800.0000;1;26389.0000;None;285000.0000
3288;2023-03-09 21:31:07.930000;7;1303;1;1;0.0000;1;26389.0000;None;285000.0000
3289;2023-03-09 20:08:19.773000;1;103111;1;1;0.0000;1;13204.0000;None;142600.0000
3289;2023-03-09 20:09:33.387000;3;201206;1;1;6800.0000;1;13204.0000;None;142600.0000
3289;2023-03-09 20:09:33.387000;3;102641;1;1;10800.0000;1;13204.0000;None;142600.0000
3289;2023-03-09 20:15:31.057000;1;102753;1;1;67800.0000;1;13204.0000;None;142600.0000
3289;2023-03-09 20:15:31.057000;6;101535;1;1;0.0000;1;13204.0000;None;142600.0000
3289;2023-03-09 20:15:31.057000;1;103784;1;1;29800.0000;1;13204.0000;None;142600.0000
3289;2023-03-09 20:15:31.057000;6;101438;1;1;0.0000;1;13204.0000;None;142600.0000
3289;2023-03-09 20:36:30.247000;3;201146;1;1;6800.0000;1;13204.0000;None;142600.0000
3289;2023-03-09 20:36:30.247000;7;2002;1;1;0.0000;1;13204.0000;None;142600.0000
3289;2023-03-09 20:36:30.247000;6;101575;1;1;0.0000;1;13204.0000;None;142600.0000
3289;2023-03-09 20:49:42.230000;1;104004;1;1;15800.0000;1;13204.0000;None;142600.0000
3289;2023-03-09 20:49:42.230000;3;104554;1;1;4800.0000;1;13204.0000;None;142600.0000
3290;2023-03-09 20:24:46.127000;1;103111;1;1;0.0000;1;13259.0000;None;143200.0000
3290;2023-03-09 20:46:30.887000;3;201146;1;1;6800.0000;1;13259.0000;None;143200.0000
3290;2023-03-09 20:46:30.887000;3;201211;1;1;6800.0000;1;13259.0000;None;143200.0000
3290;2023-03-09 20:46:30.887000;1;103902;1;1;89800.0000;1;13259.0000;None;143200.0000
3290;2023-03-09 20:46:30.887000;1;101433;1;1;0.0000;1;13259.0000;None;143200.0000
3290;2023-03-09 20:46:30.887000;7;1002;1;1;0.0000;1;13259.0000;None;143200.0000
3290;2023-03-09 20:46:30.887000;1;103791;1;1;39800.0000;1;13259.0000;None;143200.0000
3290;2023-03-09 20:46:30.887000;6;101624;1;1;0.0000;1;13259.0000;None;143200.0000
3290;2023-03-09 20:46:30.887000;7;1100;1;1;0.0000;1;13259.0000;None;143200.0000
3290;2023-03-09 20:46:30.887000;7;1100;1;1;0.0000;1;13259.0000;None;143200.0000
3290;2023-03-09 21:37:20.203000;7;1303;1;1;0.0000;1;13259.0000;None;143200.0000
3291;2023-03-09 21:11:41.297000;2;200136;1;1;109800.0000;1;65667.0000;None;709200.0000
3291;2023-03-09 21:11:41.297000;3;201206;1;1;6800.0000;1;65667.0000;None;709200.0000
3291;2023-03-09 21:11:41.297000;3;200004;1;1;9800.0000;1;65667.0000;None;709200.0000
3291;2023-03-09 21:11:41.297000;3;201237;1;1;6800.0000;1;65667.0000;None;709200.0000
3291;2023-03-09 21:11:41.297000;3;102619;1;1;7800.0000;1;65667.0000;None;709200.0000
3291;2023-03-09 21:11:41.297000;1;101244;1;1;29800.0000;1;65667.0000;None;709200.0000
3291;2023-03-09 21:11:41.297000;1;102025;1;1;31800.0000;1;65667.0000;None;709200.0000
3291;2023-03-09 21:11:41.297000;1;101178;1;1;44800.0000;1;65667.0000;None;709200.0000
3291;2023-03-09 21:11:41.297000;1;101178;1;1;44800.0000;1;65667.0000;None;709200.0000
3291;2023-03-09 21:11:41.297000;1;101244;1;1;29800.0000;1;65667.0000;None;709200.0000
3291;2023-03-09 21:11:41.297000;1;103449;1;1;29800.0000;1;65667.0000;None;709200.0000
3291;2023-03-09 21:11:41.297000;1;103449;1;1;29800.0000;1;65667.0000;None;709200.0000
3291;2023-03-09 21:11:41.297000;1;103471;1;1;34800.0000;1;65667.0000;None;709200.0000
3291;2023-03-09 21:11:41.297000;2;200135;1;1;111800.0000;1;65667.0000;None;709200.0000
3291;2023-03-09 21:11:41.297000;1;102222;1;1;3800.0000;1;65667.0000;None;709200.0000
3291;2023-03-09 21:11:41.297000;2;201187;1;1;10800.0000;1;65667.0000;None;709200.0000
3291;2023-03-09 21:11:41.297000;2;201187;1;1;10800.0000;1;65667.0000;None;709200.0000
3291;2023-03-09 21:11:41.297000;1;103421;1;1;42800.0000;1;65667.0000;None;709200.0000
3291;2023-03-09 21:11:41.297000;1;103421;1;1;42800.0000;1;65667.0000;None;709200.0000
3291;2023-03-09 21:11:41.297000;1;109216;1;1;15800.0000;1;65667.0000;None;709200.0000
3291;2023-03-09 21:11:41.297000;1;103961;1;1;16800.0000;1;65667.0000;None;709200.0000
3291;2023-03-09 21:11:41.297000;1;103961;1;1;16800.0000;1;65667.0000;None;709200.0000
3291;2023-03-09 21:11:41.297000;1;103372;1;1;14800.0000;1;65667.0000;None;709200.0000
3291;2023-03-09 21:11:41.297000;3;100596;1;1;5800.0000;1;65667.0000;None;709200.0000
3291;2023-03-09 21:11:41.297000;7;1207;1;1;0.0000;1;65667.0000;None;709200.0000
3291;2023-03-09 21:11:41.297000;7;1207;1;1;0.0000;1;65667.0000;None;709200.0000
3292;2023-03-09 21:43:41.857000;1;103111;1;1;0.0000;1;9444.0000;None;102000.0000
3292;2023-03-09 21:47:28.243000;3;104554;1;1;4800.0000;1;9444.0000;None;102000.0000
3292;2023-03-09 21:47:28.243000;3;200004;1;1;9800.0000;1;9444.0000;None;102000.0000
3292;2023-03-09 21:47:28.243000;1;101270;1;1;0.0000;1;9444.0000;None;102000.0000
3292;2023-03-09 21:59:24.040000;1;109199;1;1;37800.0000;1;9444.0000;None;102000.0000
3292;2023-03-09 21:59:24.040000;6;101624;1;1;0.0000;1;9444.0000;None;102000.0000
3292;2023-03-09 21:59:24.040000;1;101273;1;1;43800.0000;1;9444.0000;None;102000.0000
3292;2023-03-09 22:28:15.550000;3;100613;1;1;5800.0000;1;9444.0000;None;102000.0000
3292;2023-03-09 22:28:15.550000;7;1207;1;1;0.0000;1;9444.0000;None;102000.0000
3293;2023-03-09 21:48:20.857000;6;106272;1;4;0.0000;1;12222.0000;None;132000.0000
3293;2023-03-09 21:58:04.610000;3;102619;1;1;7800.0000;1;12222.0000;None;132000.0000
3293;2023-03-09 21:58:04.610000;3;102637;1;1;9800.0000;1;12222.0000;None;132000.0000
3293;2023-03-09 21:58:47.297000;1;109216;1;1;15800.0000;1;12222.0000;None;132000.0000
3293;2023-03-09 21:58:47.297000;7;1001;1;1;0.0000;1;12222.0000;None;132000.0000
3293;2023-03-09 21:58:47.297000;1;103514;1;1;59800.0000;1;12222.0000;None;132000.0000
3293;2023-03-09 21:58:47.297000;1;109203;1;1;38800.0000;1;12222.0000;None;132000.0000
3293;2023-03-09 21:58:47.297000;7;1045;1;1;0.0000;1;12222.0000;None;132000.0000
3293;2023-03-09 22:09:42.840000;7;1220;1;1;0.0000;1;12222.0000;None;132000.0000
3293;2023-03-09 22:54:27.943000;7;1303;1;1;0.0000;1;12222.0000;None;132000.0000
3294;2023-03-09 22:43:21.413000;6;106272;1;4;0.0000;1;36185.0000;None;390800.0000
3294;2023-03-09 22:52:10.990000;1;109216;1;1;15800.0000;1;36185.0000;None;390800.0000
3294;2023-03-09 22:52:10.990000;1;108453;1;1;16800.0000;1;36185.0000;None;390800.0000
3294;2023-03-09 22:52:10.990000;7;1001;1;1;0.0000;1;36185.0000;None;390800.0000
3294;2023-03-09 22:52:10.990000;1;109361;1;1;79800.0000;1;36185.0000;None;390800.0000
3294;2023-03-09 22:52:10.990000;1;102753;1;1;67800.0000;1;36185.0000;None;390800.0000
3294;2023-03-09 22:52:10.990000;6;101470;1;1;0.0000;1;36185.0000;None;390800.0000
3294;2023-03-09 22:52:10.990000;7;1045;1;1;0.0000;1;36185.0000;None;390800.0000
3294;2023-03-09 22:54:41.963000;2;108839;1;1;39800.0000;1;36185.0000;None;390800.0000
3294;2023-03-09 22:54:41.963000;2;108839;1;1;39800.0000;1;36185.0000;None;390800.0000
3294;2023-03-09 23:02:51.397000;2;202439;1;1;194800.0000;1;36185.0000;None;390800.0000
3294;2023-03-09 23:02:51.397000;7;1207;1;1;0.0000;1;36185.0000;None;390800.0000
3294;2023-03-09 23:03:14.913000;2;108839;1;-1;-39800.0000;1;36185.0000;None;390800.0000
3294;2023-03-09 23:03:14.913000;2;108839;1;-1;-39800.0000;1;36185.0000;None;390800.0000
3294;2023-03-09 23:33:48.817000;1;104004;1;1;15800.0000;1;36185.0000;None;390800.0000
3294;2023-03-09 23:33:48.817000;7;1135;1;1;0.0000;1;36185.0000;None;390800.0000
3294;2023-03-10 00:10:51.283000;7;1303;1;1;0.0000;1;36185.0000;None;390800.0000
13445;2023-03-09 12:21:55.320000;1;101247;1;1;29800.0000;1;None;None;32300.0000
13445;2023-03-09 12:21:55.320000;1;102177;1;1;2500.0000;1;None;None;32300.0000
13446;2023-03-09 12:41:45.600000;1;102961;1;1;22800.0000;1;9630.0000;None;104000.0000
13446;2023-03-09 12:42:19.130000;3;201269;1;1;6800.0000;1;9630.0000;None;104000.0000
13446;2023-03-09 12:42:19.130000;1;101270;1;1;0.0000;1;9630.0000;None;104000.0000
13446;2023-03-09 12:51:46.660000;1;101203;1;1;51800.0000;1;9630.0000;None;104000.0000
13446;2023-03-09 13:22:41.810000;3;100614;1;1;5800.0000;1;9630.0000;None;104000.0000
13446;2023-03-09 13:30:04.703000;1;108280;1;1;16800.0000;1;9630.0000;None;104000.0000
13447;2023-03-09 12:42:19.130000;3;200004;1;1;9800.0000;1;8833.0000;None;95400.0000
13447;2023-03-09 12:42:19.130000;1;101270;1;1;0.0000;1;8833.0000;None;95400.0000
13447;2023-03-09 12:51:46.660000;1;106353;1;1;79800.0000;1;8833.0000;None;95400.0000
13447;2023-03-09 12:51:46.660000;7;1002;1;1;0.0000;1;8833.0000;None;95400.0000
13447;2023-03-09 12:51:46.660000;7;1306;1;1;0.0000;1;8833.0000;None;95400.0000
13447;2023-03-09 12:51:46.660000;1;104837;1;1;0.0000;1;8833.0000;None;95400.0000
13447;2023-03-09 13:22:52.303000;3;100614;1;1;5800.0000;1;8833.0000;None;95400.0000
13448;2023-03-09 13:05:40.987000;1;103788;1;1;39800.0000;1;None;None;39800.0000
13448;2023-03-09 13:05:40.987000;6;101624;1;1;0.0000;1;None;None;39800.0000
13449;2023-03-09 12:40:19.927000;3;100999;1;1;5800.0000;1;None;None;5300.0000
13449;2023-03-09 12:40:19.927000;3;104554;1;1;4800.0000;1;None;None;5300.0000
13449;2023-03-09 16:27:36.253000;None;3;None;1;-5300.0000;2;None;None;5300.0000
13450;2023-03-09 13:09:48.913000;1;103111;1;1;0.0000;1;55908.0000;None;603800.0000
13450;2023-03-09 13:09:48.913000;1;103111;1;1;0.0000;1;55908.0000;None;603800.0000
13450;2023-03-09 13:16:11.933000;3;102635;1;2;17600.0000;1;55908.0000;None;603800.0000
13450;2023-03-09 13:16:11.933000;7;2050;1;2;0.0000;1;55908.0000;None;603800.0000
13450;2023-03-09 13:16:11.933000;2;201615;1;1;14800.0000;1;55908.0000;None;603800.0000
13450;2023-03-09 13:16:11.933000;2;201615;1;1;14800.0000;1;55908.0000;None;603800.0000
13450;2023-03-09 13:27:32.713000;1;103750;1;1;37800.0000;1;55908.0000;None;603800.0000
13450;2023-03-09 13:27:32.713000;1;101254;1;1;29800.0000;1;55908.0000;None;603800.0000
13450;2023-03-09 13:27:32.713000;1;103381;1;1;58800.0000;1;55908.0000;None;603800.0000
13450;2023-03-09 13:27:32.713000;1;109196;1;1;69800.0000;1;55908.0000;None;603800.0000
13450;2023-03-09 13:27:32.713000;7;1135;1;1;0.0000;1;55908.0000;None;603800.0000
13450;2023-03-09 13:32:39.790000;1;103191;1;1;79800.0000;1;55908.0000;None;603800.0000
13450;2023-03-09 13:32:39.790000;1;101433;1;1;0.0000;1;55908.0000;None;603800.0000
13450;2023-03-09 13:32:39.790000;7;1007;1;1;0.0000;1;55908.0000;None;603800.0000
13450;2023-03-09 13:32:39.790000;1;103599;1;1;69800.0000;1;55908.0000;None;603800.0000
13450;2023-03-09 13:32:39.790000;7;1306;1;1;0.0000;1;55908.0000;None;603800.0000
13450;2023-03-09 13:32:39.790000;1;104837;1;1;0.0000;1;55908.0000;None;603800.0000
13450;2023-03-09 13:32:39.790000;1;102325;1;1;55800.0000;1;55908.0000;None;603800.0000
13450;2023-03-09 13:32:39.790000;6;101438;1;1;0.0000;1;55908.0000;None;603800.0000
13450;2023-03-09 13:32:39.790000;1;106353;1;1;79800.0000;1;55908.0000;None;603800.0000
13450;2023-03-09 13:32:39.790000;7;1002;1;1;0.0000;1;55908.0000;None;603800.0000
13450;2023-03-09 13:32:39.790000;6;101599;1;1;0.0000;1;55908.0000;None;603800.0000
13450;2023-03-09 13:32:39.790000;1;101433;1;1;0.0000;1;55908.0000;None;603800.0000
13450;2023-03-09 13:32:39.790000;7;1045;1;1;0.0000;1;55908.0000;None;603800.0000
13450;2023-03-09 13:58:20.077000;7;1220;1;1;0.0000;1;55908.0000;None;603800.0000
13450;2023-03-09 13:58:20.077000;7;1220;1;1;0.0000;1;55908.0000;None;603800.0000
13450;2023-03-09 14:05:25.640000;2;101728;1;1;33800.0000;1;55908.0000;None;603800.0000
13450;2023-03-09 14:07:14.530000;2;201615;1;1;14800.0000;1;55908.0000;None;603800.0000
13450;2023-03-09 14:31:36.510000;1;103961;1;1;16800.0000;1;55908.0000;None;603800.0000
13450;2023-03-09 14:31:36.510000;3;102102;1;1;9800.0000;1;55908.0000;None;603800.0000
13450;2023-03-09 14:45:42.827000;7;1303;1;1;0.0000;1;55908.0000;None;603800.0000
13451;2023-03-09 13:17:28.297000;1;102056;1;4;239200.0000;1;None;None;239200.0000
13452;2023-03-09 16:36:11.937000;1;102227;1;2;13600.0000;1;None;None;13600.0000
13452;2023-03-09 16:36:11.937000;7;1135;1;1;0.0000;1;None;None;13600.0000
13453;2023-03-09 18:24:56.787000;3;201146;1;1;6800.0000;1;None;None;6800.0000
13457;2023-03-09 21:24:02.557000;2;200136;1;-1;-109800.0000;1;-65667.0000;None;-709200.0000
13457;2023-03-09 21:24:02.557000;3;201206;1;-1;-6800.0000;1;-65667.0000;None;-709200.0000
13457;2023-03-09 21:24:02.557000;3;200004;1;-1;-9800.0000;1;-65667.0000;None;-709200.0000
13457;2023-03-09 21:24:02.557000;3;201237;1;-1;-6800.0000;1;-65667.0000;None;-709200.0000
13457;2023-03-09 21:24:02.557000;1;101270;1;-1;0.0000;1;-65667.0000;None;-709200.0000
13457;2023-03-09 21:24:02.557000;3;102619;1;-1;-7800.0000;1;-65667.0000;None;-709200.0000
13457;2023-03-09 21:24:02.557000;1;101244;1;-2;-59600.0000;1;-65667.0000;None;-709200.0000
13457;2023-03-09 21:24:02.557000;1;102025;1;-1;-31800.0000;1;-65667.0000;None;-709200.0000
13457;2023-03-09 21:24:02.557000;1;101178;1;-2;-89600.0000;1;-65667.0000;None;-709200.0000
13457;2023-03-09 21:24:02.557000;1;103449;1;-2;-59600.0000;1;-65667.0000;None;-709200.0000
13457;2023-03-09 21:24:02.557000;1;103471;1;-1;-34800.0000;1;-65667.0000;None;-709200.0000
13457;2023-03-09 21:24:02.557000;2;200135;1;-1;-111800.0000;1;-65667.0000;None;-709200.0000
13457;2023-03-09 21:24:02.557000;1;102222;1;-1;-3800.0000;1;-65667.0000;None;-709200.0000
13457;2023-03-09 21:24:02.557000;2;201187;1;-2;-21600.0000;1;-65667.0000;None;-709200.0000
13457;2023-03-09 21:24:02.557000;1;103421;1;-2;-85600.0000;1;-65667.0000;None;-709200.0000
13457;2023-03-09 21:24:02.557000;1;109216;1;-1;-15800.0000;1;-65667.0000;None;-709200.0000
13457;2023-03-09 21:24:02.557000;1;103961;1;-2;-33600.0000;1;-65667.0000;None;-709200.0000
13457;2023-03-09 21:24:02.557000;1;103372;1;-1;-14800.0000;1;-65667.0000;None;-709200.0000
13457;2023-03-09 21:24:02.557000;3;100596;1;-1;-5800.0000;1;-65667.0000;None;-709200.0000
13458;2023-03-09 18:25:53.220000;1;103111;1;1;0.0000;1;81315.0000;None;878200.0000
13458;2023-03-09 18:36:36.463000;2;202482;1;1;104800.0000;1;81315.0000;None;878200.0000
13458;2023-03-09 18:44:41.007000;1;109216;1;1;15800.0000;1;81315.0000;None;878200.0000
13458;2023-03-09 18:44:41.007000;1;101284;1;1;29800.0000;1;81315.0000;None;878200.0000
13458;2023-03-09 18:44:41.007000;3;201269;1;3;20400.0000;1;81315.0000;None;878200.0000
13458;2023-03-09 18:44:41.007000;7;2016;1;1;0.0000;1;81315.0000;None;878200.0000
13458;2023-03-09 19:09:16.367000;1;103564;1;1;67800.0000;1;81315.0000;None;878200.0000
13458;2023-03-09 19:09:16.367000;1;101269;1;1;42800.0000;1;81315.0000;None;878200.0000
13458;2023-03-09 19:09:16.367000;1;101365;1;1;69800.0000;1;81315.0000;None;878200.0000
13458;2023-03-09 19:09:16.367000;7;1135;1;1;0.0000;1;81315.0000;None;878200.0000
13458;2023-03-09 19:11:57.277000;1;108550;1;1;45800.0000;1;81315.0000;None;878200.0000
13458;2023-03-09 19:11:57.277000;7;1135;1;1;0.0000;1;81315.0000;None;878200.0000
13458;2023-03-09 19:16:57.350000;2;106012;1;1;49800.0000;1;81315.0000;None;878200.0000
13458;2023-03-09 19:41:35.067000;2;202599;1;1;143800.0000;1;81315.0000;None;878200.0000
13458;2023-03-09 20:13:33.930000;2;202599;1;1;143800.0000;1;81315.0000;None;878200.0000
13458;2023-03-09 21:01:17.290000;2;202599;1;1;143800.0000;1;81315.0000;None;878200.0000
20828;2023-03-09 13:28:25.707000;1;103111;1;1;0.0000;1;61185.0000;None;660800.0000
20828;2023-03-09 13:28:25.707000;1;103111;1;1;0.0000;1;61185.0000;None;660800.0000
20828;2023-03-09 13:28:25.707000;1;103111;1;1;0.0000;1;61185.0000;None;660800.0000
20828;2023-03-09 13:41:23.220000;3;200004;1;1;9800.0000;1;61185.0000;None;660800.0000
20828;2023-03-09 13:41:23.220000;7;1207;1;1;0.0000;1;61185.0000;None;660800.0000
20828;2023-03-09 13:41:23.220000;3;102619;1;1;7800.0000;1;61185.0000;None;660800.0000
20828;2023-03-09 13:41:23.220000;3;201211;1;1;6800.0000;1;61185.0000;None;660800.0000
20828;2023-03-09 13:41:23.220000;3;201211;1;1;6800.0000;1;61185.0000;None;660800.0000
20828;2023-03-09 13:41:23.220000;3;201146;1;1;6800.0000;1;61185.0000;None;660800.0000
20828;2023-03-09 13:41:23.220000;7;1207;1;1;0.0000;1;61185.0000;None;660800.0000
20828;2023-03-09 13:41:23.220000;2;201187;1;1;10800.0000;1;61185.0000;None;660800.0000
20828;2023-03-09 13:41:23.220000;3;201206;1;1;6800.0000;1;61185.0000;None;660800.0000
20828;2023-03-09 13:41:23.220000;7;1207;1;1;0.0000;1;61185.0000;None;660800.0000
20828;2023-03-09 13:50:27.723000;1;103449;1;1;29800.0000;1;61185.0000;None;660800.0000
20828;2023-03-09 13:50:27.723000;7;1135;1;1;0.0000;1;61185.0000;None;660800.0000
20828;2023-03-09 13:50:27.723000;1;102272;1;1;5000.0000;1;61185.0000;None;660800.0000
20828;2023-03-09 13:50:27.723000;7;1135;1;1;0.0000;1;61185.0000;None;660800.0000
20828;2023-03-09 13:50:27.723000;1;103782;1;1;27800.0000;1;61185.0000;None;660800.0000
20828;2023-03-09 13:50:27.723000;6;101535;1;1;0.0000;1;61185.0000;None;660800.0000
20828;2023-03-09 13:53:45.363000;2;108118;1;1;39800.0000;1;61185.0000;None;660800.0000
20828;2023-03-09 13:53:45.363000;6;105419;1;1;0.0000;1;61185.0000;None;660800.0000
20828;2023-03-09 13:53:45.363000;2;108118;1;1;39800.0000;1;61185.0000;None;660800.0000
20828;2023-03-09 13:53:45.363000;6;105419;1;1;0.0000;1;61185.0000;None;660800.0000
20828;2023-03-09 14:18:28.553000;1;103791;1;1;39800.0000;1;61185.0000;None;660800.0000
20828;2023-03-09 14:18:28.553000;6;101438;1;1;0.0000;1;61185.0000;None;660800.0000
20828;2023-03-09 14:18:28.553000;1;102437;1;1;37800.0000;1;61185.0000;None;660800.0000
20828;2023-03-09 14:18:28.553000;1;103449;1;1;29800.0000;1;61185.0000;None;660800.0000
20828;2023-03-09 14:18:28.553000;1;103788;1;1;39800.0000;1;61185.0000;None;660800.0000
20828;2023-03-09 14:18:28.553000;6;101535;1;1;0.0000;1;61185.0000;None;660800.0000
20828;2023-03-09 14:18:28.553000;1;103458;1;1;35800.0000;1;61185.0000;None;660800.0000
20828;2023-03-09 14:18:28.553000;7;1135;1;1;0.0000;1;61185.0000;None;660800.0000
20828;2023-03-09 14:18:28.553000;1;101244;1;1;29800.0000;1;61185.0000;None;660800.0000
20828;2023-03-09 14:18:28.553000;1;102025;1;1;31800.0000;1;61185.0000;None;660800.0000
20828;2023-03-09 14:18:28.553000;1;103104;1;1;32800.0000;1;61185.0000;None;660800.0000
20828;2023-03-09 14:18:28.553000;7;1306;1;1;0.0000;1;61185.0000;None;660800.0000
20828;2023-03-09 14:18:28.553000;7;1059;2;1;0.0000;1;61185.0000;None;660800.0000
20828;2023-03-09 14:25:42.860000;2;201406;1;1;126800.0000;1;61185.0000;None;660800.0000
20828;2023-03-09 14:25:42.860000;7;1207;1;4;0.0000;1;61185.0000;None;660800.0000
20828;2023-03-09 14:44:10.603000;7;2045;1;1;0.0000;1;61185.0000;None;660800.0000
20828;2023-03-09 14:44:10.603000;7;2094;1;1;0.0000;1;61185.0000;None;660800.0000
20828;2023-03-09 14:57:09.703000;1;101647;1;1;10800.0000;1;61185.0000;None;660800.0000
20828;2023-03-09 14:57:09.703000;7;1216;1;1;0.0000;1;61185.0000;None;660800.0000
20828;2023-03-09 14:57:09.703000;7;1219;1;1;0.0000;1;61185.0000;None;660800.0000
20828;2023-03-09 14:57:09.703000;1;101647;1;1;10800.0000;1;61185.0000;None;660800.0000
20828;2023-03-09 14:57:09.703000;7;1216;1;1;0.0000;1;61185.0000;None;660800.0000
20828;2023-03-09 14:57:09.703000;7;1219;1;1;0.0000;1;61185.0000;None;660800.0000
20828;2023-03-09 15:15:25.087000;3;100596;1;1;5800.0000;1;61185.0000;None;660800.0000
20828;2023-03-09 15:15:25.087000;1;101043;1;1;21800.0000;1;61185.0000;None;660800.0000
20828;2023-03-09 15:15:25.087000;1;101088;1;1;3800.0000;1;61185.0000;None;660800.0000
20828;2023-03-09 15:15:25.087000;7;1219;1;1;0.0000;1;61185.0000;None;660800.0000
20828;2023-03-09 15:15:25.087000;3;100596;1;1;5800.0000;1;61185.0000;None;660800.0000
20828;2023-03-09 15:15:25.087000;7;1207;1;1;0.0000;1;61185.0000;None;660800.0000
20828;2023-03-09 15:23:38.107000;7;1303;1;1;0.0000;1;61185.0000;None;660800.0000
20829;2023-03-09 13:32:06.807000;1;103111;1;1;0.0000;1;23889.0000;None;258000.0000
20829;2023-03-09 13:33:06.797000;1;103818;1;1;109800.0000;1;23889.0000;None;258000.0000
20829;2023-03-09 13:33:06.797000;7;1002;1;1;0.0000;1;23889.0000;None;258000.0000
20829;2023-03-09 13:33:06.797000;7;1308;2;1;0.0000;1;23889.0000;None;258000.0000
20829;2023-03-09 13:33:06.797000;1;108235;1;1;0.0000;1;23889.0000;None;258000.0000
20829;2023-03-09 13:33:06.797000;1;103193;1;1;89800.0000;1;23889.0000;None;258000.0000
20829;2023-03-09 13:33:06.797000;7;1302;1;1;0.0000;1;23889.0000;None;258000.0000
20829;2023-03-09 13:33:06.797000;1;108235;1;1;0.0000;1;23889.0000;None;258000.0000
20829;2023-03-09 13:35:42.930000;2;101672;1;1;24800.0000;1;23889.0000;None;258000.0000
20829;2023-03-09 13:35:42.930000;6;102629;1;1;8800.0000;1;23889.0000;None;258000.0000
20829;2023-03-09 13:35:42.930000;2;101672;1;1;24800.0000;1;23889.0000;None;258000.0000
20829;2023-03-09 13:35:42.930000;7;1207;1;1;0.0000;1;23889.0000;None;258000.0000
20829;2023-03-09 13:35:42.930000;7;1207;1;1;0.0000;1;23889.0000;None;258000.0000
20831;2023-03-09 14:11:07.260000;1;103111;1;1;0.0000;1;27611.0000;None;298200.0000
20831;2023-03-09 14:11:34.527000;1;103458;1;1;35800.0000;1;27611.0000;None;298200.0000
20831;2023-03-09 14:11:34.527000;7;1135;1;1;0.0000;1;27611.0000;None;298200.0000
20831;2023-03-09 14:12:07.577000;2;101709;1;1;28800.0000;1;27611.0000;None;298200.0000
20831;2023-03-09 14:12:07.577000;2;101709;1;1;28800.0000;1;27611.0000;None;298200.0000
20831;2023-03-09 14:12:07.577000;7;1207;1;1;0.0000;1;27611.0000;None;298200.0000
20831;2023-03-09 14:22:02.523000;1;103564;1;1;67800.0000;1;27611.0000;None;298200.0000
20831;2023-03-09 14:22:02.523000;1;103600;1;1;69800.0000;1;27611.0000;None;298200.0000
20831;2023-03-09 14:22:02.523000;7;1302;1;1;0.0000;1;27611.0000;None;298200.0000
20831;2023-03-09 14:22:02.523000;1;101433;1;1;0.0000;1;27611.0000;None;298200.0000
20831;2023-03-09 14:22:02.523000;7;1135;1;1;0.0000;1;27611.0000;None;298200.0000
20831;2023-03-09 14:22:02.523000;7;1045;1;1;0.0000;1;27611.0000;None;298200.0000
20831;2023-03-09 14:44:32.417000;7;1220;1;1;0.0000;1;27611.0000;None;298200.0000
20831;2023-03-09 14:48:21.653000;2;101709;1;1;28800.0000;1;27611.0000;None;298200.0000
20831;2023-03-09 14:48:21.653000;7;1207;1;1;0.0000;1;27611.0000;None;298200.0000
20831;2023-03-09 14:51:40.313000;2;101709;1;1;28800.0000;1;27611.0000;None;298200.0000
20831;2023-03-09 14:51:40.313000;7;1207;1;1;0.0000;1;27611.0000;None;298200.0000
20831;2023-03-09 15:22:47.957000;3;104554;1;1;4800.0000;1;27611.0000;None;298200.0000
20831;2023-03-09 15:22:47.957000;3;104554;1;1;4800.0000;1;27611.0000;None;298200.0000
20831;2023-03-09 15:24:10.180000;7;1303;1;1;0.0000;1;27611.0000;None;298200.0000
20832;2023-03-09 14:22:23.210000;1;103111;1;1;0.0000;1;47704.0000;None;515200.0000
20832;2023-03-09 14:22:23.210000;1;103111;1;1;0.0000;1;47704.0000;None;515200.0000
20832;2023-03-09 14:26:28.730000;3;201146;1;1;6800.0000;1;47704.0000;None;515200.0000
20832;2023-03-09 14:26:28.730000;3;201146;1;1;6800.0000;1;47704.0000;None;515200.0000
20832;2023-03-09 14:26:28.730000;2;109585;1;1;30800.0000;1;47704.0000;None;515200.0000
20832;2023-03-09 14:26:28.730000;2;109585;1;1;30800.0000;1;47704.0000;None;515200.0000
20832;2023-03-09 14:26:28.730000;2;201187;1;1;10800.0000;1;47704.0000;None;515200.0000
20832;2023-03-09 14:26:28.730000;2;201187;1;1;10800.0000;1;47704.0000;None;515200.0000
20832;2023-03-09 14:26:28.730000;3;201146;1;1;6800.0000;1;47704.0000;None;515200.0000
20832;2023-03-09 14:34:52.027000;1;101119;1;1;8800.0000;1;47704.0000;None;515200.0000
20832;2023-03-09 14:34:52.027000;1;109216;1;1;15800.0000;1;47704.0000;None;515200.0000
20832;2023-03-09 14:34:52.027000;1;103107;1;1;26800.0000;1;47704.0000;None;515200.0000
20832;2023-03-09 14:44:25.083000;3;200004;1;1;9800.0000;1;47704.0000;None;515200.0000
20832;2023-03-09 14:44:25.083000;1;101270;1;1;0.0000;1;47704.0000;None;515200.0000
20832;2023-03-09 14:46:55.263000;1;109361;1;1;79800.0000;1;47704.0000;None;515200.0000
20832;2023-03-09 14:46:55.263000;1;103771;1;1;29800.0000;1;47704.0000;None;515200.0000
20832;2023-03-09 14:46:55.263000;1;103771;1;1;29800.0000;1;47704.0000;None;515200.0000
20832;2023-03-09 14:46:55.263000;1;102025;1;1;31800.0000;1;47704.0000;None;515200.0000
20832;2023-03-09 14:46:55.263000;1;108454;1;1;28800.0000;1;47704.0000;None;515200.0000
20832;2023-03-09 14:46:55.263000;1;101092;1;1;55800.0000;1;47704.0000;None;515200.0000
20832;2023-03-09 14:46:55.263000;7;1045;1;1;0.0000;1;47704.0000;None;515200.0000
20832;2023-03-09 14:46:55.263000;7;1302;1;1;0.0000;1;47704.0000;None;515200.0000
20832;2023-03-09 14:46:55.263000;1;101552;1;1;0.0000;1;47704.0000;None;515200.0000
20832;2023-03-09 14:46:55.263000;7;1045;1;1;0.0000;1;47704.0000;None;515200.0000
20832;2023-03-09 14:48:15.297000;3;201146;1;-1;-6800.0000;1;47704.0000;None;515200.0000
20832;2023-03-09 14:56:35.900000;7;1220;1;1;0.0000;1;47704.0000;None;515200.0000
20832;2023-03-09 14:58:40.167000;2;201187;1;1;10800.0000;1;47704.0000;None;515200.0000
20832;2023-03-09 15:04:16.720000;2;109585;1;1;30800.0000;1;47704.0000;None;515200.0000
20832;2023-03-09 15:04:16.720000;2;109585;1;1;30800.0000;1;47704.0000;None;515200.0000
20832;2023-03-09 15:26:30.600000;3;100596;1;5;29000.0000;1;47704.0000;None;515200.0000
20832;2023-03-09 15:37:24.987000;7;1303;1;1;0.0000;1;47704.0000;None;515200.0000
20833;2023-03-09 14:39:41.390000;3;100614;1;1;5800.0000;1;2630.0000;None;28400.0000
20833;2023-03-09 14:39:41.390000;3;100614;1;1;5800.0000;1;2630.0000;None;28400.0000
20833;2023-03-09 14:39:41.390000;1;109422;1;1;16800.0000;1;2630.0000;None;28400.0000
20833;2023-03-09 14:53:10.067000;7;1303;1;1;0.0000;1;2630.0000;None;28400.0000
20834;2023-03-09 18:19:50.930000;1;103111;1;2;0.0000;1;81260.0000;None;877600.0000
20834;2023-03-09 18:36:36.463000;3;200008;1;1;15800.0000;1;81260.0000;None;877600.0000
20834;2023-03-09 18:36:36.463000;7;2008;1;4;0.0000;1;81260.0000;None;877600.0000
20834;2023-03-09 18:36:36.463000;2;106012;1;1;49800.0000;1;81260.0000;None;877600.0000
20834;2023-03-09 18:36:36.463000;2;202482;1;1;104800.0000;1;81260.0000;None;877600.0000
20834;2023-03-09 18:44:41.007000;1;101244;1;1;29800.0000;1;81260.0000;None;877600.0000
20834;2023-03-09 18:44:41.007000;1;109216;1;1;15800.0000;1;81260.0000;None;877600.0000
20834;2023-03-09 18:44:41.007000;7;1135;1;1;0.0000;1;81260.0000;None;877600.0000
20834;2023-03-09 18:44:41.007000;1;101284;1;1;29800.0000;1;81260.0000;None;877600.0000
20834;2023-03-09 18:44:41.007000;3;201146;1;1;6800.0000;1;81260.0000;None;877600.0000
20834;2023-03-09 18:44:41.007000;3;201211;1;1;6800.0000;1;81260.0000;None;877600.0000
20834;2023-03-09 18:44:41.007000;3;102635;1;3;26400.0000;1;81260.0000;None;877600.0000
20834;2023-03-09 18:44:41.007000;7;2050;1;1;0.0000;1;81260.0000;None;877600.0000
20834;2023-03-09 19:09:16.367000;1;103564;1;1;67800.0000;1;81260.0000;None;877600.0000
20834;2023-03-09 19:09:16.367000;1;103552;1;2;77600.0000;1;81260.0000;None;877600.0000
20834;2023-03-09 19:09:16.367000;1;102056;1;1;59800.0000;1;81260.0000;None;877600.0000
20834;2023-03-09 19:09:16.367000;1;103600;1;1;69800.0000;1;81260.0000;None;877600.0000
20834;2023-03-09 19:09:16.367000;1;101552;1;1;0.0000;1;81260.0000;None;877600.0000
20834;2023-03-09 19:09:16.367000;7;1007;1;1;0.0000;1;81260.0000;None;877600.0000
20834;2023-03-09 19:09:16.367000;1;101284;1;1;29800.0000;1;81260.0000;None;877600.0000
20834;2023-03-09 19:09:16.367000;1;103452;1;1;34800.0000;1;81260.0000;None;877600.0000
20834;2023-03-09 19:09:16.367000;1;101284;1;1;29800.0000;1;81260.0000;None;877600.0000
20834;2023-03-09 19:09:16.367000;1;103191;1;1;79800.0000;1;81260.0000;None;877600.0000
20834;2023-03-09 19:09:16.367000;1;101552;1;1;0.0000;1;81260.0000;None;877600.0000
20834;2023-03-09 19:09:16.367000;7;1007;1;1;0.0000;1;81260.0000;None;877600.0000
20834;2023-03-09 19:09:16.367000;1;103562;1;1;49800.0000;1;81260.0000;None;877600.0000
20834;2023-03-09 19:49:26.187000;1;103552;1;-2;-77600.0000;1;81260.0000;None;877600.0000
20834;2023-03-09 19:50:13.967000;3;200008;1;1;15800.0000;1;81260.0000;None;877600.0000
20834;2023-03-09 19:50:13.967000;7;1207;1;1;0.0000;1;81260.0000;None;877600.0000
20834;2023-03-09 20:13:33.930000;2;106012;1;1;49800.0000;1;81260.0000;None;877600.0000
20834;2023-03-09 21:07:53.867000;1;104004;1;1;15800.0000;1;81260.0000;None;877600.0000
20834;2023-03-09 21:07:53.867000;1;103377;1;1;16800.0000;1;81260.0000;None;877600.0000
20834;2023-03-09 21:07:53.867000;1;105421;1;1;19800.0000;1;81260.0000;None;877600.0000
20834;2023-03-09 21:20:22.117000;1;104004;1;1;15800.0000;1;81260.0000;None;877600.0000
20834;2023-03-09 21:23:05.053000;1;105421;1;1;19800.0000;1;81260.0000;None;877600.0000
20834;2023-03-09 21:23:05.053000;1;103377;1;1;16800.0000;1;81260.0000;None;877600.0000
