3295;2023-03-10 11:49:58.813000;1;103515;1;1;44800.0000;1;None;None;44800.0000
3297;2023-03-10 12:08:48.217000;1;109361;1;1;79800.0000;1;9111.0000;None;98400.0000
3297;2023-03-10 12:08:48.217000;7;1135;1;1;0.0000;1;9111.0000;None;98400.0000
3297;2023-03-10 12:08:48.217000;1;102311;1;1;1800.0000;1;9111.0000;None;98400.0000
3297;2023-03-10 12:08:48.217000;1;102300;1;1;16800.0000;1;9111.0000;None;98400.0000
3297;2023-03-10 12:08:48.217000;7;1135;1;1;0.0000;1;9111.0000;None;98400.0000
3300;2023-03-10 12:31:34.343000;2;101672;1;1;24800.0000;1;14500.0000;None;156600.0000
3300;2023-03-10 12:31:34.343000;6;101475;1;1;0.0000;1;14500.0000;None;156600.0000
3300;2023-03-10 12:31:34.343000;7;1207;1;1;0.0000;1;14500.0000;None;156600.0000
3300;2023-03-10 12:31:34.343000;3;201269;1;1;6800.0000;1;14500.0000;None;156600.0000
3300;2023-03-10 13:04:34.103000;1;103515;1;1;44800.0000;1;14500.0000;None;156600.0000
3300;2023-03-10 13:04:34.103000;1;103788;1;1;39800.0000;1;14500.0000;None;156600.0000
3300;2023-03-10 13:04:34.103000;6;101624;1;1;0.0000;1;14500.0000;None;156600.0000
3300;2023-03-10 13:04:34.103000;2;101672;1;1;24800.0000;1;14500.0000;None;156600.0000
3300;2023-03-10 13:04:34.103000;6;102629;1;1;8800.0000;1;14500.0000;None;156600.0000
3300;2023-03-10 13:08:03.563000;3;201269;1;1;6800.0000;1;14500.0000;None;156600.0000
3300;2023-03-10 13:08:03.563000;1;101270;1;1;0.0000;1;14500.0000;None;156600.0000
3300;2023-03-10 13:15:48.867000;1;104602;1;1;0.0000;1;14500.0000;None;156600.0000
3301;2023-03-10 12:31:51.900000;1;103111;1;1;0.0000;1;9889.0000;None;106800.0000
3301;2023-03-10 12:31:51.900000;3;201146;1;1;6800.0000;1;9889.0000;None;106800.0000
3301;2023-03-10 12:32:43.067000;1;109195;1;1;19800.0000;1;9889.0000;None;106800.0000
3301;2023-03-10 12:32:43.067000;1;103567;1;1;31800.0000;1;9889.0000;None;106800.0000
3301;2023-03-10 12:32:43.067000;1;102227;1;1;6800.0000;1;9889.0000;None;106800.0000
3301;2023-03-10 12:32:43.067000;1;103134;1;1;31800.0000;1;9889.0000;None;106800.0000
3301;2023-03-10 12:32:43.067000;6;101525;1;1;0.0000;1;9889.0000;None;106800.0000
3301;2023-03-10 12:34:31.223000;3;202133;1;1;9800.0000;1;9889.0000;None;106800.0000
3301;2023-03-10 14:01:49.197000;7;1303;1;1;0.0000;1;9889.0000;None;106800.0000
3302;2023-03-10 12:37:46.947000;1;103111;1;1;0.0000;1;15945.0000;None;172200.0000
3302;2023-03-10 12:41:09.460000;3;102748;1;1;15800.0000;1;15945.0000;None;172200.0000
3302;2023-03-10 12:41:09.460000;3;201269;1;1;6800.0000;1;15945.0000;None;172200.0000
3302;2023-03-10 12:41:09.460000;1;101270;1;1;0.0000;1;15945.0000;None;172200.0000
3302;2023-03-10 12:41:54.290000;1;107002;1;1;69800.0000;1;15945.0000;None;172200.0000
3302;2023-03-10 12:41:54.290000;7;1006;1;1;0.0000;1;15945.0000;None;172200.0000
3302;2023-03-10 12:41:54.290000;7;1306;1;1;0.0000;1;15945.0000;None;172200.0000
3302;2023-03-10 12:41:54.290000;1;104837;1;1;0.0000;1;15945.0000;None;172200.0000
3302;2023-03-10 12:41:54.290000;1;106353;1;1;79800.0000;1;15945.0000;None;172200.0000
3302;2023-03-10 12:41:54.290000;7;1006;1;1;0.0000;1;15945.0000;None;172200.0000
3302;2023-03-10 12:41:54.290000;6;101599;1;1;0.0000;1;15945.0000;None;172200.0000
3302;2023-03-10 12:41:54.290000;1;104837;1;1;0.0000;1;15945.0000;None;172200.0000
3302;2023-03-10 13:19:58.850000;7;1303;1;1;0.0000;1;15945.0000;None;172200.0000
3303;2023-03-10 12:37:53.460000;1;103111;1;1;0.0000;1;23537.0000;None;254200.0000
3303;2023-03-10 12:38:40.227000;1;103600;1;1;69800.0000;1;23537.0000;None;254200.0000
3303;2023-03-10 12:38:40.227000;1;104837;1;1;0.0000;1;23537.0000;None;254200.0000
3303;2023-03-10 12:38:40.227000;7;1007;1;1;0.0000;1;23537.0000;None;254200.0000
3303;2023-03-10 12:38:40.227000;1;106353;1;1;79800.0000;1;23537.0000;None;254200.0000
3303;2023-03-10 12:38:40.227000;7;1006;1;1;0.0000;1;23537.0000;None;254200.0000
3303;2023-03-10 12:38:40.227000;7;105108;1;1;0.0000;1;23537.0000;None;254200.0000
3303;2023-03-10 12:38:40.227000;1;100963;1;1;0.0000;1;23537.0000;None;254200.0000
3303;2023-03-10 12:39:15.997000;3;102633;1;1;12800.0000;1;23537.0000;None;254200.0000
3303;2023-03-10 12:39:15.997000;2;201187;1;1;10800.0000;1;23537.0000;None;254200.0000
3303;2023-03-10 12:39:15.997000;7;1207;1;1;0.0000;1;23537.0000;None;254200.0000
3303;2023-03-10 13:05:38.317000;2;109587;1;1;27800.0000;1;23537.0000;None;254200.0000
3303;2023-03-10 13:20:52.383000;1;102541;1;1;23800.0000;1;23537.0000;None;254200.0000
3303;2023-03-10 13:21:22.780000;1;104004;1;1;15800.0000;1;23537.0000;None;254200.0000
3303;2023-03-10 13:21:22.780000;3;100606;1;1;6800.0000;1;23537.0000;None;254200.0000
3303;2023-03-10 13:21:22.780000;7;2052;1;1;0.0000;1;23537.0000;None;254200.0000
3303;2023-03-10 13:21:22.780000;7;2052;1;1;0.0000;1;23537.0000;None;254200.0000
3303;2023-03-10 13:37:31.917000;3;100606;1;1;6800.0000;1;23537.0000;None;254200.0000
3304;2023-03-10 12:48:28.010000;3;200004;1;1;9800.0000;1;19982.0000;None;215800.0000
3304;2023-03-10 12:48:28.010000;3;102635;1;1;8800.0000;1;19982.0000;None;215800.0000
3304;2023-03-10 12:48:28.010000;2;105918;1;1;27800.0000;1;19982.0000;None;215800.0000
3304;2023-03-10 12:49:20.747000;1;106655;1;1;13800.0000;1;19982.0000;None;215800.0000
3304;2023-03-10 12:49:20.747000;6;101535;1;1;0.0000;1;19982.0000;None;215800.0000
3304;2023-03-10 12:49:20.747000;7;1114;1;1;0.0000;1;19982.0000;None;215800.0000
3304;2023-03-10 12:49:20.747000;7;1021;1;1;0.0000;1;19982.0000;None;215800.0000
3304;2023-03-10 12:49:20.747000;1;106579;1;1;39800.0000;1;19982.0000;None;215800.0000
3304;2023-03-10 12:49:20.747000;1;108550;1;1;45800.0000;1;19982.0000;None;215800.0000
3304;2023-03-10 13:06:03.307000;1;102222;1;1;3800.0000;1;19982.0000;None;215800.0000
3304;2023-03-10 13:12:53.973000;3;201146;1;1;6800.0000;1;19982.0000;None;215800.0000
3304;2023-03-10 13:13:56.673000;1;103773;1;1;14800.0000;1;19982.0000;None;215800.0000
3304;2023-03-10 13:39:57.547000;1;103961;1;1;16800.0000;1;19982.0000;None;215800.0000
3304;2023-03-10 13:56:10.207000;2;105918;1;1;27800.0000;1;19982.0000;None;215800.0000
3305;2023-03-10 12:49:28.073000;1;103111;1;1;0.0000;1;36482.0000;None;394000.0000
3305;2023-03-10 12:49:28.073000;1;103111;1;1;0.0000;1;36482.0000;None;394000.0000
3305;2023-03-10 12:52:38.093000;3;200004;1;1;9800.0000;1;36482.0000;None;394000.0000
3305;2023-03-10 12:52:38.093000;3;201211;1;1;6800.0000;1;36482.0000;None;394000.0000
3305;2023-03-10 12:52:38.093000;3;201237;1;1;6800.0000;1;36482.0000;None;394000.0000
3305;2023-03-10 12:52:38.093000;2;201615;1;1;14800.0000;1;36482.0000;None;394000.0000
3305;2023-03-10 12:52:38.093000;2;201187;1;1;10800.0000;1;36482.0000;None;394000.0000
3305;2023-03-10 12:52:38.093000;2;200480;1;1;12800.0000;1;36482.0000;None;394000.0000
3305;2023-03-10 12:52:38.093000;2;101818;1;1;28800.0000;1;36482.0000;None;394000.0000
3305;2023-03-10 13:17:31.900000;1;102877;1;1;49800.0000;1;36482.0000;None;394000.0000
3305;2023-03-10 13:17:31.900000;1;103406;1;1;44800.0000;1;36482.0000;None;394000.0000
3305;2023-03-10 13:17:31.900000;1;103419;1;1;51800.0000;1;36482.0000;None;394000.0000
3305;2023-03-10 13:17:31.900000;1;103445;1;1;33800.0000;1;36482.0000;None;394000.0000
3305;2023-03-10 13:17:31.900000;1;103421;1;1;42800.0000;1;36482.0000;None;394000.0000
3305;2023-03-10 13:22:34.177000;2;201615;1;1;14800.0000;1;36482.0000;None;394000.0000
3305;2023-03-10 13:25:00.623000;2;201187;1;1;10800.0000;1;36482.0000;None;394000.0000
3305;2023-03-10 13:32:11.950000;2;200480;1;1;12800.0000;1;36482.0000;None;394000.0000
3305;2023-03-10 13:32:11.950000;3;108191;1;1;0.0000;1;36482.0000;None;394000.0000
3305;2023-03-10 13:45:13.587000;2;201187;1;1;10800.0000;1;36482.0000;None;394000.0000
3305;2023-03-10 14:17:16.007000;1;104004;1;1;15800.0000;1;36482.0000;None;394000.0000
3305;2023-03-10 14:17:16.007000;1;101088;1;1;3800.0000;1;36482.0000;None;394000.0000
3305;2023-03-10 14:17:16.007000;7;1216;1;1;0.0000;1;36482.0000;None;394000.0000
3305;2023-03-10 14:17:16.007000;3;100614;1;1;5800.0000;1;36482.0000;None;394000.0000
3305;2023-03-10 14:23:36.273000;3;100614;1;1;5800.0000;1;36482.0000;None;394000.0000
3306;2023-03-10 12:55:47.257000;1;103111;1;1;0.0000;1;20759.0000;None;224200.0000
3306;2023-03-10 12:55:47.257000;3;201211;1;2;13600.0000;1;20759.0000;None;224200.0000
3306;2023-03-10 12:56:15.327000;1;102961;1;1;22800.0000;1;20759.0000;None;224200.0000
3306;2023-03-10 13:21:59.847000;3;201211;1;1;6800.0000;1;20759.0000;None;224200.0000
3306;2023-03-10 13:24:02.683000;3;200004;1;1;9800.0000;1;20759.0000;None;224200.0000
3306;2023-03-10 13:24:02.683000;1;101270;1;1;0.0000;1;20759.0000;None;224200.0000
3306;2023-03-10 13:38:45.403000;1;102222;1;1;3800.0000;1;20759.0000;None;224200.0000
3306;2023-03-10 13:39:46.707000;3;201211;1;1;6800.0000;1;20759.0000;None;224200.0000
3306;2023-03-10 13:47:21.140000;1;102877;1;1;49800.0000;1;20759.0000;None;224200.0000
3306;2023-03-10 13:47:21.140000;7;1306;1;1;0.0000;1;20759.0000;None;224200.0000
3306;2023-03-10 13:47:21.140000;1;101433;1;1;0.0000;1;20759.0000;None;224200.0000
3306;2023-03-10 13:47:21.140000;1;108207;1;1;37800.0000;1;20759.0000;None;224200.0000
3306;2023-03-10 13:47:21.140000;6;101438;1;1;0.0000;1;20759.0000;None;224200.0000
3306;2023-03-10 13:47:21.140000;1;103710;1;1;35800.0000;1;20759.0000;None;224200.0000
3306;2023-03-10 14:36:32.193000;3;201211;1;1;6800.0000;1;20759.0000;None;224200.0000
3306;2023-03-10 14:36:32.193000;3;200004;1;1;9800.0000;1;20759.0000;None;224200.0000
3306;2023-03-10 14:36:32.193000;1;101270;1;1;0.0000;1;20759.0000;None;224200.0000
3306;2023-03-10 14:36:32.193000;3;100596;1;1;5800.0000;1;20759.0000;None;224200.0000
3306;2023-03-10 14:36:32.193000;1;103372;1;1;14800.0000;1;20759.0000;None;224200.0000
3306;2023-03-10 14:54:48.473000;7;1303;1;1;0.0000;1;20759.0000;None;224200.0000
3308;2023-03-10 12:58:43.997000;1;103111;1;1;0.0000;1;22380.0000;None;241700.0000
3308;2023-03-10 12:58:43.997000;1;103111;1;1;0.0000;1;22380.0000;None;241700.0000
3308;2023-03-10 12:59:38.577000;3;201269;1;1;6800.0000;1;22380.0000;None;241700.0000
3308;2023-03-10 12:59:38.577000;3;102635;1;1;8800.0000;1;22380.0000;None;241700.0000
3308;2023-03-10 12:59:38.577000;7;2050;1;1;0.0000;1;22380.0000;None;241700.0000
3308;2023-03-10 12:59:38.577000;7;2046;1;1;0.0000;1;22380.0000;None;241700.0000
3308;2023-03-10 13:01:52.653000;3;102635;1;1;8800.0000;1;22380.0000;None;241700.0000
3308;2023-03-10 13:01:52.653000;7;2046;1;1;0.0000;1;22380.0000;None;241700.0000
3308;2023-03-10 13:01:52.653000;7;2042;1;1;0.0000;1;22380.0000;None;241700.0000
3308;2023-03-10 13:02:53.900000;1;104730;1;1;18800.0000;1;22380.0000;None;241700.0000
3308;2023-03-10 13:02:53.900000;None;101442;None;1;0.0000;1;22380.0000;None;241700.0000
3308;2023-03-10 13:02:53.900000;7;1135;1;1;0.0000;1;22380.0000;None;241700.0000
3308;2023-03-10 13:02:53.900000;1;104730;1;1;18800.0000;1;22380.0000;None;241700.0000
3308;2023-03-10 13:02:53.900000;None;101442;None;1;0.0000;1;22380.0000;None;241700.0000
3308;2023-03-10 13:02:53.900000;7;1135;1;1;0.0000;1;22380.0000;None;241700.0000
3308;2023-03-10 13:02:53.900000;1;104208;1;1;4800.0000;1;22380.0000;None;241700.0000
3308;2023-03-10 13:02:53.900000;1;104208;1;1;4800.0000;1;22380.0000;None;241700.0000
3308;2023-03-10 13:10:44.863000;1;108207;1;1;37800.0000;1;22380.0000;None;241700.0000
3308;2023-03-10 13:10:44.863000;6;101438;1;1;0.0000;1;22380.0000;None;241700.0000
3308;2023-03-10 13:10:44.863000;1;103600;1;1;69800.0000;1;22380.0000;None;241700.0000
3308;2023-03-10 13:10:44.863000;7;1302;1;1;0.0000;1;22380.0000;None;241700.0000
3308;2023-03-10 13:10:44.863000;1;108235;1;1;0.0000;1;22380.0000;None;241700.0000
3308;2023-03-10 13:10:44.863000;7;1135;1;1;0.0000;1;22380.0000;None;241700.0000
3308;2023-03-10 13:10:44.863000;1;101284;1;1;29800.0000;1;22380.0000;None;241700.0000
3308;2023-03-10 13:14:40.600000;3;200004;1;1;9800.0000;1;22380.0000;None;241700.0000
3308;2023-03-10 13:14:40.600000;1;101270;1;1;0.0000;1;22380.0000;None;241700.0000
3308;2023-03-10 13:14:40.600000;7;2094;1;1;0.0000;1;22380.0000;None;241700.0000
3308;2023-03-10 13:16:47.163000;3;200004;1;1;9800.0000;1;22380.0000;None;241700.0000
3308;2023-03-10 13:16:47.163000;1;101270;1;1;0.0000;1;22380.0000;None;241700.0000
3308;2023-03-10 13:16:47.163000;7;2094;1;1;0.0000;1;22380.0000;None;241700.0000
3308;2023-03-10 13:32:33.920000;1;102177;1;1;2500.0000;1;22380.0000;None;241700.0000
3308;2023-03-10 13:57:06.607000;3;100614;1;1;5800.0000;1;22380.0000;None;241700.0000
3308;2023-03-10 13:57:06.607000;3;104554;1;1;4800.0000;1;22380.0000;None;241700.0000
3308;2023-03-10 14:20:48.517000;7;1303;1;1;0.0000;1;22380.0000;None;241700.0000
3309;2023-03-10 13:15:56.540000;1;103111;1;1;0.0000;1;3389.0000;None;36600.0000
3309;2023-03-10 13:16:55.100000;3;201206;1;1;6800.0000;1;3389.0000;None;36600.0000
3309;2023-03-10 13:21:48.060000;1;103083;1;1;29800.0000;1;3389.0000;None;36600.0000
3309;2023-03-10 13:21:48.060000;1;101519;1;1;0.0000;1;3389.0000;None;36600.0000
3309;2023-03-10 13:21:48.060000;7;1306;1;1;0.0000;1;3389.0000;None;36600.0000
3310;2023-03-10 13:23:11.117000;1;103111;1;1;0.0000;1;19389.0000;None;209400.0000
3310;2023-03-10 13:32:04.113000;1;103898;1;1;26800.0000;1;19389.0000;None;209400.0000
3310;2023-03-10 13:32:04.113000;1;109418;1;1;18800.0000;1;19389.0000;None;209400.0000
3310;2023-03-10 13:32:04.113000;1;101365;1;1;69800.0000;1;19389.0000;None;209400.0000
3310;2023-03-10 13:32:04.113000;7;1135;1;1;0.0000;1;19389.0000;None;209400.0000
3310;2023-03-10 13:32:04.113000;1;101365;1;1;69800.0000;1;19389.0000;None;209400.0000
3310;2023-03-10 13:32:04.113000;7;1135;1;1;0.0000;1;19389.0000;None;209400.0000
3310;2023-03-10 13:32:04.113000;3;201146;1;1;6800.0000;1;19389.0000;None;209400.0000
3310;2023-03-10 13:32:04.113000;3;201146;1;1;6800.0000;1;19389.0000;None;209400.0000
3310;2023-03-10 14:49:42.523000;3;100596;1;1;5800.0000;1;19389.0000;None;209400.0000
3310;2023-03-10 14:49:42.523000;3;104554;1;1;4800.0000;1;19389.0000;None;209400.0000
3310;2023-03-10 14:56:53.147000;7;1303;1;1;0.0000;1;19389.0000;None;209400.0000
3311;2023-03-10 13:32:42.497000;1;103111;1;1;0.0000;1;19889.0000;None;214800.0000
3311;2023-03-10 13:40:30.427000;1;109361;1;1;79800.0000;1;19889.0000;None;214800.0000
3311;2023-03-10 13:40:30.427000;1;101203;1;1;51800.0000;1;19889.0000;None;214800.0000
3311;2023-03-10 13:40:30.427000;1;106352;1;1;74800.0000;1;19889.0000;None;214800.0000
3311;2023-03-10 13:40:30.427000;7;1007;1;1;0.0000;1;19889.0000;None;214800.0000
3311;2023-03-10 13:40:30.427000;7;1306;2;1;0.0000;1;19889.0000;None;214800.0000
3311;2023-03-10 13:40:30.427000;7;1306;1;1;0.0000;1;19889.0000;None;214800.0000
3311;2023-03-10 13:40:30.427000;7;1135;1;1;0.0000;1;19889.0000;None;214800.0000
3311;2023-03-10 13:40:30.427000;7;1135;1;1;0.0000;1;19889.0000;None;214800.0000
3311;2023-03-10 13:40:30.427000;1;102311;1;1;1800.0000;1;19889.0000;None;214800.0000
3311;2023-03-10 13:40:30.427000;1;102277;1;1;4800.0000;1;19889.0000;None;214800.0000
3311;2023-03-10 13:43:01.100000;1;102206;1;1;1800.0000;1;19889.0000;None;214800.0000
3311;2023-03-10 13:45:39.300000;7;1303;1;1;0.0000;1;19889.0000;None;214800.0000
3312;2023-03-10 13:51:44.977000;1;103111;1;1;0.0000;1;22908.0000;None;247400.0000
3312;2023-03-10 13:51:44.977000;1;103600;1;1;69800.0000;1;22908.0000;None;247400.0000
3312;2023-03-10 13:51:44.977000;1;104837;1;1;0.0000;1;22908.0000;None;247400.0000
3312;2023-03-10 13:51:44.977000;7;1302;1;1;0.0000;1;22908.0000;None;247400.0000
3312;2023-03-10 13:51:44.977000;1;106353;1;1;79800.0000;1;22908.0000;None;247400.0000
3312;2023-03-10 13:51:44.977000;1;100963;1;1;0.0000;1;22908.0000;None;247400.0000
3312;2023-03-10 13:51:44.977000;7;105108;1;1;0.0000;1;22908.0000;None;247400.0000
3312;2023-03-10 13:51:44.977000;7;1006;1;1;0.0000;1;22908.0000;None;247400.0000
3312;2023-03-10 13:51:44.977000;7;1131;1;1;0.0000;1;22908.0000;None;247400.0000
3312;2023-03-10 13:51:44.977000;7;1131;1;1;0.0000;1;22908.0000;None;247400.0000
3312;2023-03-10 13:51:44.977000;3;102633;1;1;12800.0000;1;22908.0000;None;247400.0000
3312;2023-03-10 13:51:44.977000;2;201187;1;1;10800.0000;1;22908.0000;None;247400.0000
3312;2023-03-10 13:51:44.977000;7;2049;1;1;0.0000;1;22908.0000;None;247400.0000
3312;2023-03-10 13:51:44.977000;7;2049;1;1;0.0000;1;22908.0000;None;247400.0000
3312;2023-03-10 13:51:44.977000;2;109587;1;1;27800.0000;1;22908.0000;None;247400.0000
3312;2023-03-10 13:51:44.977000;1;102541;1;1;23800.0000;1;22908.0000;None;247400.0000
3312;2023-03-10 13:51:44.977000;1;104004;1;1;15800.0000;1;22908.0000;None;247400.0000
3312;2023-03-10 13:51:44.977000;3;100606;1;1;6800.0000;1;22908.0000;None;247400.0000
3312;2023-03-10 13:51:44.977000;7;2049;1;1;0.0000;1;22908.0000;None;247400.0000
3312;2023-03-10 13:51:44.977000;7;2049;1;1;0.0000;1;22908.0000;None;247400.0000
3313;2023-03-10 14:07:25.247000;3;201206;1;1;6800.0000;1;1889.0000;None;20400.0000
3313;2023-03-10 14:07:25.247000;3;201269;1;1;6800.0000;1;1889.0000;None;20400.0000
3313;2023-03-10 14:07:25.247000;1;101270;1;1;0.0000;1;1889.0000;None;20400.0000
3313;2023-03-10 14:25:03.157000;3;201146;1;1;6800.0000;1;1889.0000;None;20400.0000
3314;2023-03-10 14:12:12;1;103111;1;1;0.0000;1;6333.0000;None;68400.0000
3314;2023-03-10 14:19:01.200000;3;102747;1;1;4800.0000;1;6333.0000;None;68400.0000
3314;2023-03-10 14:19:01.200000;7;2072;1;1;0.0000;1;6333.0000;None;68400.0000
3314;2023-03-10 14:19:12.667000;1;103134;1;1;31800.0000;1;6333.0000;None;68400.0000
3314;2023-03-10 14:19:12.667000;6;101525;1;1;0.0000;1;6333.0000;None;68400.0000
3314;2023-03-10 14:19:12.667000;1;103134;1;1;31800.0000;1;6333.0000;None;68400.0000
3314;2023-03-10 14:19:12.667000;6;101525;1;1;0.0000;1;6333.0000;None;68400.0000
3314;2023-03-10 15:33:49.630000;7;1303;1;1;0.0000;1;6333.0000;None;68400.0000
3315;2023-03-10 14:23:54.620000;1;101118;1;1;10800.0000;1;2556.0000;None;27600.0000
3315;2023-03-10 14:23:54.620000;1;109422;1;1;16800.0000;1;2556.0000;None;27600.0000
3316;2023-03-10 14:27:17.343000;1;103111;1;1;0.0000;1;17574.0000;None;189800.0000
3316;2023-03-10 14:27:56.900000;2;201615;1;1;14800.0000;1;17574.0000;None;189800.0000
3316;2023-03-10 14:28:03.613000;1;102150;1;1;3800.0000;1;17574.0000;None;189800.0000
3316;2023-03-10 14:37:44.210000;1;103818;1;1;109800.0000;1;17574.0000;None;189800.0000
3316;2023-03-10 14:37:44.210000;7;1006;1;1;0.0000;1;17574.0000;None;189800.0000
3316;2023-03-10 14:37:44.210000;1;101519;1;1;0.0000;1;17574.0000;None;189800.0000
3316;2023-03-10 14:37:44.210000;7;1308;2;1;0.0000;1;17574.0000;None;189800.0000
3316;2023-03-10 14:37:44.210000;1;103791;1;1;39800.0000;1;17574.0000;None;189800.0000
3316;2023-03-10 14:37:44.210000;6;101470;1;1;0.0000;1;17574.0000;None;189800.0000
3316;2023-03-10 14:40:08.533000;3;102747;1;1;4800.0000;1;17574.0000;None;189800.0000
3316;2023-03-10 14:40:08.533000;7;1207;1;1;0.0000;1;17574.0000;None;189800.0000
3316;2023-03-10 15:16:59.873000;1;109422;1;1;16800.0000;1;17574.0000;None;189800.0000
3316;2023-03-10 15:27:51.037000;7;1303;1;1;0.0000;1;17574.0000;None;189800.0000
3317;2023-03-10 14:35:05.717000;1;103111;1;1;0.0000;1;30982.0000;None;334600.0000
3317;2023-03-10 14:35:18.750000;3;200008;1;1;15800.0000;1;30982.0000;None;334600.0000
3317;2023-03-10 14:35:18.750000;7;2008;1;3;0.0000;1;30982.0000;None;334600.0000
3317;2023-03-10 14:35:18.750000;1;101270;1;1;0.0000;1;30982.0000;None;334600.0000
3317;2023-03-10 14:49:39.320000;2;101974;1;1;51800.0000;1;30982.0000;None;334600.0000
3317;2023-03-10 14:49:39.320000;2;101974;1;1;51800.0000;1;30982.0000;None;334600.0000
3317;2023-03-10 14:49:39.320000;2;201363;1;1;137800.0000;1;30982.0000;None;334600.0000
3317;2023-03-10 14:49:39.320000;7;2008;1;3;0.0000;1;30982.0000;None;334600.0000
3317;2023-03-10 15:01:57.407000;1;102959;1;1;39800.0000;1;30982.0000;None;334600.0000
3317;2023-03-10 15:02:08.860000;1;102222;1;1;3800.0000;1;30982.0000;None;334600.0000
3317;2023-03-10 16:08:29.823000;2;101728;1;1;33800.0000;1;30982.0000;None;334600.0000
3318;2023-03-10 14:45:15.463000;1;103111;1;1;0.0000;1;14861.0000;None;160500.0000
3318;2023-03-10 14:49:51.877000;3;201269;1;1;6800.0000;1;14861.0000;None;160500.0000
3318;2023-03-10 14:49:51.877000;1;101270;1;1;0.0000;1;14861.0000;None;160500.0000
3318;2023-03-10 14:49:51.877000;3;201237;1;1;6800.0000;1;14861.0000;None;160500.0000
3318;2023-03-10 14:49:51.877000;1;101270;1;1;0.0000;1;14861.0000;None;160500.0000
3318;2023-03-10 15:01:18.350000;1;103777;1;1;59800.0000;1;14861.0000;None;160500.0000
3318;2023-03-10 15:01:18.350000;1;102311;1;1;1800.0000;1;14861.0000;None;160500.0000
3318;2023-03-10 15:01:18.350000;1;101313;1;1;79800.0000;1;14861.0000;None;160500.0000
3318;2023-03-10 15:01:18.350000;7;1302;1;1;0.0000;1;14861.0000;None;160500.0000
3318;2023-03-10 15:01:18.350000;1;104837;1;1;0.0000;1;14861.0000;None;160500.0000
3318;2023-03-10 15:28:03.370000;1;102177;1;1;2500.0000;1;14861.0000;None;160500.0000
3318;2023-03-10 15:28:40.997000;1;102176;1;1;4800.0000;1;14861.0000;None;160500.0000
3318;2023-03-10 15:28:40.997000;7;1135;1;1;0.0000;1;14861.0000;None;160500.0000
3318;2023-03-10 15:36:21.427000;1;102311;1;-1;-1800.0000;1;14861.0000;None;160500.0000
3318;2023-03-10 15:36:21.427000;7;1135;1;-1;0.0000;1;14861.0000;None;160500.0000
3318;2023-03-10 15:46:43.197000;7;1303;1;1;0.0000;1;14861.0000;None;160500.0000
3319;2023-03-10 15:05:12.580000;1;103111;1;1;0.0000;1;20945.0000;None;226200.0000
3319;2023-03-10 15:10:39.443000;3;102635;1;1;8800.0000;1;20945.0000;None;226200.0000
3319;2023-03-10 15:10:39.443000;3;200008;1;1;15800.0000;1;20945.0000;None;226200.0000
3319;2023-03-10 15:10:39.443000;7;2008;1;1;0.0000;1;20945.0000;None;226200.0000
3319;2023-03-10 15:10:39.443000;7;2008;1;1;0.0000;1;20945.0000;None;226200.0000
3319;2023-03-10 15:10:39.443000;3;201146;1;1;6800.0000;1;20945.0000;None;226200.0000
3319;2023-03-10 15:10:39.443000;1;101270;1;1;0.0000;1;20945.0000;None;226200.0000
3319;2023-03-10 15:10:39.473000;1;101270;1;1;0.0000;1;20945.0000;None;226200.0000
3319;2023-03-10 15:20:45.087000;1;102726;1;1;45800.0000;1;20945.0000;None;226200.0000
3319;2023-03-10 15:20:45.087000;1;103564;1;1;67800.0000;1;20945.0000;None;226200.0000
3319;2023-03-10 15:20:45.087000;1;102058;1;1;52800.0000;1;20945.0000;None;226200.0000
3319;2023-03-10 15:53:04.453000;1;103961;1;1;16800.0000;1;20945.0000;None;226200.0000
3319;2023-03-10 15:53:04.453000;3;100614;1;1;5800.0000;1;20945.0000;None;226200.0000
3319;2023-03-10 15:53:04.453000;3;100614;1;1;5800.0000;1;20945.0000;None;226200.0000
3319;2023-03-10 16:17:08.230000;7;1303;1;1;0.0000;1;20945.0000;None;226200.0000
3320;2023-03-10 15:07:22.503000;1;103134;1;1;31800.0000;1;4556.0000;None;49200.0000
3320;2023-03-10 15:07:22.503000;6;101525;1;1;0.0000;1;4556.0000;None;49200.0000
3320;2023-03-10 15:07:22.503000;1;102172;1;1;4800.0000;1;4556.0000;None;49200.0000
3320;2023-03-10 15:07:48.527000;3;201211;1;1;6800.0000;1;4556.0000;None;49200.0000
3320;2023-03-10 15:34:00.563000;3;100614;1;1;5800.0000;1;4556.0000;None;49200.0000
3320;2023-03-10 15:34:32.567000;7;1303;1;1;0.0000;1;4556.0000;None;49200.0000
3321;2023-03-10 15:08:05.787000;1;103111;1;1;0.0000;1;47537.0000;None;513400.0000
3321;2023-03-10 15:08:05.787000;1;103111;1;1;0.0000;1;47537.0000;None;513400.0000
3321;2023-03-10 15:16:02.537000;3;102619;1;1;7800.0000;1;47537.0000;None;513400.0000
3321;2023-03-10 15:16:02.537000;7;2072;1;1;0.0000;1;47537.0000;None;513400.0000
3321;2023-03-10 15:16:02.537000;3;102637;1;1;9800.0000;1;47537.0000;None;513400.0000
3321;2023-03-10 15:16:02.537000;7;2072;1;1;0.0000;1;47537.0000;None;513400.0000
3321;2023-03-10 15:16:02.537000;3;102635;1;1;8800.0000;1;47537.0000;None;513400.0000
3321;2023-03-10 15:16:02.537000;3;102638;1;1;10800.0000;1;47537.0000;None;513400.0000
3321;2023-03-10 15:16:02.537000;7;2072;1;1;0.0000;1;47537.0000;None;513400.0000
3321;2023-03-10 15:16:02.537000;3;201269;1;1;6800.0000;1;47537.0000;None;513400.0000
3321;2023-03-10 15:16:02.537000;1;101270;1;1;0.0000;1;47537.0000;None;513400.0000
3321;2023-03-10 15:16:02.537000;2;101728;1;1;33800.0000;1;47537.0000;None;513400.0000
3321;2023-03-10 15:20:56.020000;None;103076;None;1;49800.0000;1;47537.0000;None;513400.0000
3321;2023-03-10 15:30:04.517000;1;103560;1;1;38800.0000;1;47537.0000;None;513400.0000
3321;2023-03-10 15:30:04.517000;1;104009;1;1;26800.0000;1;47537.0000;None;513400.0000
3321;2023-03-10 15:30:04.517000;1;103564;1;1;67800.0000;1;47537.0000;None;513400.0000
3321;2023-03-10 15:30:04.517000;1;103515;1;1;44800.0000;1;47537.0000;None;513400.0000
3321;2023-03-10 15:30:04.517000;1;102324;1;1;49800.0000;1;47537.0000;None;513400.0000
3321;2023-03-10 15:30:04.517000;1;106352;1;1;74800.0000;1;47537.0000;None;513400.0000
3321;2023-03-10 15:58:41.290000;2;101728;1;1;33800.0000;1;47537.0000;None;513400.0000
3321;2023-03-10 16:22:59.660000;1;103961;1;1;16800.0000;1;47537.0000;None;513400.0000
3321;2023-03-10 16:22:59.660000;1;101308;1;1;19800.0000;1;47537.0000;None;513400.0000
3321;2023-03-10 16:22:59.660000;3;100614;1;1;5800.0000;1;47537.0000;None;513400.0000
3321;2023-03-10 16:22:59.660000;3;100606;1;1;6800.0000;1;47537.0000;None;513400.0000
3321;2023-03-10 16:32:27.693000;7;1303;1;1;0.0000;1;47537.0000;None;513400.0000
3322;2023-03-10 15:16:34.697000;1;103111;1;1;0.0000;1;16815.0000;None;181600.0000
3322;2023-03-10 15:16:41.483000;3;200008;1;1;15800.0000;1;16815.0000;None;181600.0000
3322;2023-03-10 15:16:41.483000;7;2008;1;1;0.0000;1;16815.0000;None;181600.0000
3322;2023-03-10 15:16:41.483000;7;2008;1;1;0.0000;1;16815.0000;None;181600.0000
3322;2023-03-10 15:19:45.673000;1;107647;1;1;36800.0000;1;16815.0000;None;181600.0000
3322;2023-03-10 15:19:45.673000;1;101244;1;1;29800.0000;1;16815.0000;None;181600.0000
3322;2023-03-10 15:19:45.673000;1;103134;1;1;31800.0000;1;16815.0000;None;181600.0000
3322;2023-03-10 15:19:45.673000;6;101525;1;1;0.0000;1;16815.0000;None;181600.0000
3322;2023-03-10 15:19:55.650000;2;101746;1;1;30800.0000;1;16815.0000;None;181600.0000
3322;2023-03-10 15:44:43.360000;2;101746;1;1;30800.0000;1;16815.0000;None;181600.0000
3322;2023-03-10 15:52:22.473000;3;100596;1;1;5800.0000;1;16815.0000;None;181600.0000
3322;2023-03-10 15:55:58.180000;7;1303;1;1;0.0000;1;16815.0000;None;181600.0000
3323;2023-03-10 16:38:53.397000;1;103111;1;1;0.0000;1;14463.0000;None;156200.0000
3323;2023-03-10 16:40:07.297000;1;103763;1;1;14800.0000;1;14463.0000;None;156200.0000
3323;2023-03-10 16:40:07.297000;1;103763;1;1;14800.0000;1;14463.0000;None;156200.0000
3323;2023-03-10 16:44:41.653000;3;102637;1;1;9800.0000;1;14463.0000;None;156200.0000
3323;2023-03-10 16:44:41.653000;3;101889;1;1;9800.0000;1;14463.0000;None;156200.0000
3323;2023-03-10 16:57:48.693000;1;101203;1;1;51800.0000;1;14463.0000;None;156200.0000
3323;2023-03-10 16:57:48.693000;1;104009;1;1;26800.0000;1;14463.0000;None;156200.0000
3323;2023-03-10 17:25:18.783000;1;102708;1;1;16800.0000;1;14463.0000;None;156200.0000
3323;2023-03-10 17:25:30.890000;3;100614;1;2;11600.0000;1;14463.0000;None;156200.0000
3325;2023-03-10 17:31:55.723000;1;103426;1;1;22800.0000;1;None;None;34400.0000
3325;2023-03-10 17:31:55.723000;1;102239;1;1;5800.0000;1;None;None;34400.0000
3325;2023-03-10 17:31:55.723000;1;102314;1;1;5800.0000;1;None;None;34400.0000
3325;2023-03-10 17:31:55.723000;7;1135;1;1;0.0000;1;None;None;34400.0000
3325;2023-03-10 17:34:24.647000;7;1304;1;1;0.0000;1;None;None;34400.0000
3326;2023-03-10 17:54:39.353000;1;103111;1;1;0.0000;1;14574.0000;None;157400.0000
3326;2023-03-10 17:54:39.353000;3;201206;1;1;6800.0000;1;14574.0000;None;157400.0000
3326;2023-03-10 17:54:39.353000;2;105918;1;1;27800.0000;1;14574.0000;None;157400.0000
3326;2023-03-10 17:54:39.353000;1;101244;1;1;29800.0000;1;14574.0000;None;157400.0000
3326;2023-03-10 18:16:14.150000;1;104009;1;1;26800.0000;1;14574.0000;None;157400.0000
3326;2023-03-10 18:16:14.150000;1;102294;1;1;4800.0000;1;14574.0000;None;157400.0000
3326;2023-03-10 18:16:14.150000;7;1135;1;1;0.0000;1;14574.0000;None;157400.0000
3326;2023-03-10 18:16:14.150000;1;103782;1;1;27800.0000;1;14574.0000;None;157400.0000
3326;2023-03-10 18:16:14.150000;6;101624;1;1;0.0000;1;14574.0000;None;157400.0000
3326;2023-03-10 18:16:14.150000;1;102239;1;1;5800.0000;1;14574.0000;None;157400.0000
3326;2023-03-10 18:47:08.597000;2;105918;1;1;27800.0000;1;14574.0000;None;157400.0000
3326;2023-03-10 19:19:26.703000;7;1303;1;1;0.0000;1;14574.0000;None;157400.0000
3327;2023-03-10 18:46:44.413000;3;102637;1;2;19600.0000;1;8722.0000;None;94200.0000
3327;2023-03-10 18:46:44.413000;7;2072;1;2;0.0000;1;8722.0000;None;94200.0000
3327;2023-03-10 18:46:44.413000;7;2042;1;1;0.0000;1;8722.0000;None;94200.0000
3327;2023-03-10 18:46:44.413000;7;2036;1;1;0.0000;1;8722.0000;None;94200.0000
3327;2023-03-10 18:48:23.563000;1;102961;1;1;22800.0000;1;8722.0000;None;94200.0000
3327;2023-03-10 19:22:14.543000;1;101203;1;1;51800.0000;1;8722.0000;None;94200.0000
3328;2023-03-10 18:40:35.203000;1;103111;1;1;0.0000;1;13796.0000;None;149000.0000
3328;2023-03-10 18:41:23.070000;1;101269;1;1;42800.0000;1;13796.0000;None;149000.0000
3328;2023-03-10 18:41:23.070000;1;106579;1;1;39800.0000;1;13796.0000;None;149000.0000
3328;2023-03-10 18:41:23.070000;2;107767;1;1;50800.0000;1;13796.0000;None;149000.0000
3328;2023-03-10 18:41:23.070000;6;105419;1;1;0.0000;1;13796.0000;None;149000.0000
3328;2023-03-10 18:41:23.070000;3;100607;1;1;6800.0000;1;13796.0000;None;149000.0000
3328;2023-03-10 18:47:28.407000;1;103114;1;1;6800.0000;1;13796.0000;None;149000.0000
3328;2023-03-10 18:47:28.407000;7;1135;1;1;0.0000;1;13796.0000;None;149000.0000
3328;2023-03-10 18:58:58.447000;7;2045;1;1;0.0000;1;13796.0000;None;149000.0000
3328;2023-03-10 18:58:58.447000;3;100607;1;1;6800.0000;1;13796.0000;None;149000.0000
3328;2023-03-10 18:58:58.447000;6;105082;1;1;2000.0000;1;13796.0000;None;149000.0000
3328;2023-03-10 19:01:25.120000;3;100607;1;-1;-6800.0000;1;13796.0000;None;149000.0000
3328;2023-03-10 19:01:25.120000;7;1207;1;-1;0.0000;1;13796.0000;None;149000.0000
3328;2023-03-10 19:22:30.220000;7;1303;1;1;0.0000;1;13796.0000;None;149000.0000
3329;2023-03-10 18:47:14.173000;1;103111;1;1;0.0000;1;8370.0000;None;90400.0000
3329;2023-03-10 18:52:55.437000;2;201187;1;1;10800.0000;1;8370.0000;None;90400.0000
3329;2023-03-10 18:52:55.437000;2;101746;1;1;30800.0000;1;8370.0000;None;90400.0000
3329;2023-03-10 18:58:08.377000;2;106012;1;1;49800.0000;1;8370.0000;None;90400.0000
3329;2023-03-10 19:01:11.347000;2;101746;1;-1;-30800.0000;1;8370.0000;None;90400.0000
3329;2023-03-10 19:26:52.240000;1;103784;1;1;29800.0000;1;8370.0000;None;90400.0000
3329;2023-03-10 19:48:38.163000;7;1303;1;1;0.0000;1;8370.0000;None;90400.0000
3330;2023-03-10 18:56:44.573000;1;103111;1;1;0.0000;1;12500.0000;None;135000.0000
3330;2023-03-10 19:00:12.130000;3;200008;1;1;15800.0000;1;12500.0000;None;135000.0000
3330;2023-03-10 19:00:12.130000;7;2008;1;1;0.0000;1;12500.0000;None;135000.0000
3330;2023-03-10 19:00:12.130000;3;104446;1;1;5800.0000;1;12500.0000;None;135000.0000
3330;2023-03-10 19:00:12.130000;1;101178;1;1;44800.0000;1;12500.0000;None;135000.0000
3330;2023-03-10 19:04:24.503000;1;103552;1;1;38800.0000;1;12500.0000;None;135000.0000
3330;2023-03-10 19:04:24.503000;1;101244;1;1;29800.0000;1;12500.0000;None;135000.0000
3330;2023-03-10 19:57:00.210000;7;1303;1;1;0.0000;1;12500.0000;None;135000.0000
3331;2023-03-10 19:09:54.693000;1;103111;1;1;0.0000;1;38278.0000;None;413400.0000
3331;2023-03-10 19:18:52.903000;2;200123;1;1;150800.0000;1;38278.0000;None;413400.0000
3331;2023-03-10 19:29:28;1;101178;1;1;44800.0000;1;38278.0000;None;413400.0000
3331;2023-03-10 19:29:28;7;1001;1;1;0.0000;1;38278.0000;None;413400.0000
3331;2023-03-10 19:29:28;1;109564;1;1;45800.0000;1;38278.0000;None;413400.0000
3331;2023-03-10 19:29:28;1;103559;1;1;46800.0000;1;38278.0000;None;413400.0000
3331;2023-03-10 19:29:28;1;101203;1;1;51800.0000;1;38278.0000;None;413400.0000
3331;2023-03-10 19:29:28;1;101250;1;1;46800.0000;1;38278.0000;None;413400.0000
3331;2023-03-10 19:45:53.350000;7;1220;1;1;0.0000;1;38278.0000;None;413400.0000
3331;2023-03-10 19:53:19.420000;3;200004;1;1;9800.0000;1;38278.0000;None;413400.0000
3331;2023-03-10 19:53:19.420000;1;101270;1;1;0.0000;1;38278.0000;None;413400.0000
3331;2023-03-10 20:25:35.270000;1;103961;1;1;16800.0000;1;38278.0000;None;413400.0000
3331;2023-03-10 20:38:50.333000;7;1303;1;1;0.0000;1;38278.0000;None;413400.0000
3332;2023-03-10 19:15:00.813000;1;103111;1;1;0.0000;1;59797.0000;None;645800.0000
3332;2023-03-10 19:15:00.813000;1;103111;1;1;0.0000;1;59797.0000;None;645800.0000
3332;2023-03-10 19:30:12.083000;3;102749;1;1;5800.0000;1;59797.0000;None;645800.0000
3332;2023-03-10 19:30:12.083000;3;102637;1;1;9800.0000;1;59797.0000;None;645800.0000
3332;2023-03-10 19:30:12.083000;3;201146;1;1;6800.0000;1;59797.0000;None;645800.0000
3332;2023-03-10 19:30:12.083000;3;201206;1;1;6800.0000;1;59797.0000;None;645800.0000
3332;2023-03-10 19:30:12.083000;3;201206;1;1;6800.0000;1;59797.0000;None;645800.0000
3332;2023-03-10 19:30:12.083000;3;102633;1;1;12800.0000;1;59797.0000;None;645800.0000
3332;2023-03-10 19:30:12.083000;3;102633;1;1;12800.0000;1;59797.0000;None;645800.0000
3332;2023-03-10 19:30:12.083000;2;106012;1;1;49800.0000;1;59797.0000;None;645800.0000
3332;2023-03-10 19:35:10.407000;1;102222;1;1;3800.0000;1;59797.0000;None;645800.0000
3332;2023-03-10 19:35:10.407000;1;102222;1;1;3800.0000;1;59797.0000;None;645800.0000
3332;2023-03-10 19:48:05.480000;1;109199;1;1;37800.0000;1;59797.0000;None;645800.0000
3332;2023-03-10 19:48:05.480000;1;109360;1;1;22800.0000;1;59797.0000;None;645800.0000
3332;2023-03-10 19:48:05.480000;1;106352;1;1;74800.0000;1;59797.0000;None;645800.0000
3332;2023-03-10 19:48:05.480000;1;109216;1;1;15800.0000;1;59797.0000;None;645800.0000
3332;2023-03-10 19:48:05.480000;1;103846;1;1;48800.0000;1;59797.0000;None;645800.0000
3332;2023-03-10 19:48:05.480000;1;107002;1;1;69800.0000;1;59797.0000;None;645800.0000
3332;2023-03-10 19:48:05.480000;1;103552;1;1;38800.0000;1;59797.0000;None;645800.0000
3332;2023-03-10 19:48:05.480000;1;102314;1;1;5800.0000;1;59797.0000;None;645800.0000
3332;2023-03-10 19:48:05.480000;1;101203;1;1;51800.0000;1;59797.0000;None;645800.0000
3332;2023-03-10 20:12:45.780000;3;201206;1;1;6800.0000;1;59797.0000;None;645800.0000
3332;2023-03-10 20:12:45.780000;2;106012;1;1;49800.0000;1;59797.0000;None;645800.0000
3332;2023-03-10 20:19:35.783000;2;106012;1;1;49800.0000;1;59797.0000;None;645800.0000
3332;2023-03-10 20:43:52.447000;1;103899;1;1;16800.0000;1;59797.0000;None;645800.0000
3332;2023-03-10 20:43:52.447000;1;101891;1;1;16800.0000;1;59797.0000;None;645800.0000
3332;2023-03-10 20:43:52.447000;1;101891;1;1;16800.0000;1;59797.0000;None;645800.0000
3332;2023-03-10 20:43:52.447000;1;101088;1;1;3800.0000;1;59797.0000;None;645800.0000
3332;2023-03-10 20:43:52.447000;7;1216;1;1;0.0000;1;59797.0000;None;645800.0000
3332;2023-03-10 21:33:43.743000;7;1303;1;1;0.0000;1;59797.0000;None;645800.0000
3333;2023-03-10 19:22:05.757000;1;103111;1;1;0.0000;1;5037.0000;None;54400.0000
3333;2023-03-10 19:24:47.547000;3;200004;1;1;9800.0000;1;5037.0000;None;54400.0000
3333;2023-03-10 19:24:47.547000;1;101270;1;1;0.0000;1;5037.0000;None;54400.0000
3333;2023-03-10 19:24:56.130000;1;101244;1;1;29800.0000;1;5037.0000;None;54400.0000
3333;2023-03-10 19:24:56.130000;1;103776;1;1;14800.0000;1;5037.0000;None;54400.0000
3333;2023-03-10 19:48:30.960000;7;1303;1;1;0.0000;1;5037.0000;None;54400.0000
3334;2023-03-10 19:24:37.110000;1;103111;1;1;0.0000;1;9500.0000;None;102600.0000
3334;2023-03-10 19:31:03.527000;3;201146;1;1;6800.0000;1;9500.0000;None;102600.0000
3334;2023-03-10 19:31:03.527000;3;102747;1;1;4800.0000;1;9500.0000;None;102600.0000
3334;2023-03-10 19:31:03.527000;7;2072;1;1;0.0000;1;9500.0000;None;102600.0000
3334;2023-03-10 19:34:37.977000;1;103154;1;1;31800.0000;1;9500.0000;None;102600.0000
3334;2023-03-10 19:34:37.977000;None;101442;None;1;0.0000;1;9500.0000;None;102600.0000
3334;2023-03-10 19:34:37.977000;6;101624;1;1;0.0000;1;9500.0000;None;102600.0000
3334;2023-03-10 19:34:37.977000;6;101535;1;1;0.0000;1;9500.0000;None;102600.0000
3334;2023-03-10 19:34:37.977000;1;103789;1;1;35800.0000;1;9500.0000;None;102600.0000
3334;2023-03-10 19:34:37.977000;1;101623;1;1;0.0000;1;9500.0000;None;102600.0000
3334;2023-03-10 20:17:32.803000;1;101118;1;1;10800.0000;1;9500.0000;None;102600.0000
3334;2023-03-10 20:17:32.803000;1;101088;1;1;3800.0000;1;9500.0000;None;102600.0000
3334;2023-03-10 20:17:32.803000;3;101156;1;1;8800.0000;1;9500.0000;None;102600.0000
3334;2023-03-10 20:23:23.150000;7;1303;1;1;0.0000;1;9500.0000;None;102600.0000
3335;2023-03-10 19:35:16.380000;1;103111;1;1;0.0000;1;14611.0000;None;157800.0000
3335;2023-03-10 19:40:46.507000;3;201206;1;1;6800.0000;1;14611.0000;None;157800.0000
3335;2023-03-10 19:40:46.507000;3;102748;1;1;15800.0000;1;14611.0000;None;157800.0000
3335;2023-03-10 19:40:46.507000;1;102025;1;1;31800.0000;1;14611.0000;None;157800.0000
3335;2023-03-10 19:42:41.567000;1;103187;1;1;89800.0000;1;14611.0000;None;157800.0000
3335;2023-03-10 19:42:41.567000;7;1007;1;1;0.0000;1;14611.0000;None;157800.0000
3335;2023-03-10 19:42:41.567000;1;100963;1;1;0.0000;1;14611.0000;None;157800.0000
3335;2023-03-10 19:42:41.567000;1;102304;1;1;6800.0000;1;14611.0000;None;157800.0000
3335;2023-03-10 20:02:46.140000;3;201146;1;1;6800.0000;1;14611.0000;None;157800.0000
3335;2023-03-10 20:02:46.140000;7;2015;1;2;0.0000;1;14611.0000;None;157800.0000
3335;2023-03-10 20:10:12.410000;7;1303;1;1;0.0000;1;14611.0000;None;157800.0000
3336;2023-03-10 19:42:49.203000;1;103111;1;1;0.0000;1;17982.0000;None;194200.0000
3336;2023-03-10 19:44:25.933000;3;201237;1;1;6800.0000;1;17982.0000;None;194200.0000
3336;2023-03-10 19:44:25.933000;7;1207;1;1;0.0000;1;17982.0000;None;194200.0000
3336;2023-03-10 19:53:08.087000;3;201146;1;1;6800.0000;1;17982.0000;None;194200.0000
3336;2023-03-10 19:53:08.087000;3;200004;1;1;9800.0000;1;17982.0000;None;194200.0000
3336;2023-03-10 19:53:08.087000;1;101270;1;1;0.0000;1;17982.0000;None;194200.0000
3336;2023-03-10 20:11:23.153000;1;102407;1;1;34800.0000;1;17982.0000;None;194200.0000
3336;2023-03-10 20:11:23.153000;6;101438;1;1;0.0000;1;17982.0000;None;194200.0000
3336;2023-03-10 20:11:23.153000;1;103703;1;1;47800.0000;1;17982.0000;None;194200.0000
3336;2023-03-10 20:11:23.153000;1;101433;1;1;0.0000;1;17982.0000;None;194200.0000
3336;2023-03-10 20:11:23.153000;1;103083;1;1;29800.0000;1;17982.0000;None;194200.0000
3336;2023-03-10 20:11:23.153000;7;1306;1;1;0.0000;1;17982.0000;None;194200.0000
3336;2023-03-10 20:11:23.153000;1;108236;1;1;0.0000;1;17982.0000;None;194200.0000
3336;2023-03-10 20:11:23.153000;1;101250;1;1;46800.0000;1;17982.0000;None;194200.0000
3336;2023-03-10 20:37:08.447000;3;102747;1;1;4800.0000;1;17982.0000;None;194200.0000
3336;2023-03-10 20:37:08.447000;3;201237;1;1;6800.0000;1;17982.0000;None;194200.0000
3336;2023-03-10 20:57:30.070000;7;1303;1;1;0.0000;1;17982.0000;None;194200.0000
3337;2023-03-10 19:54:52.047000;1;103111;1;1;0.0000;1;6685.0000;None;72200.0000
3337;2023-03-10 20:02:02.030000;1;103111;1;1;0.0000;1;6685.0000;None;72200.0000
3337;2023-03-10 20:02:18.937000;3;102747;1;1;4800.0000;1;6685.0000;None;72200.0000
3337;2023-03-10 20:02:18.937000;3;102619;1;1;7800.0000;1;6685.0000;None;72200.0000
3337;2023-03-10 20:02:18.937000;7;2006;1;1;0.0000;1;6685.0000;None;72200.0000
3337;2023-03-10 20:02:18.937000;1;103771;1;1;29800.0000;1;6685.0000;None;72200.0000
3337;2023-03-10 20:02:18.937000;7;1001;1;1;0.0000;1;6685.0000;None;72200.0000
3337;2023-03-10 20:02:18.937000;7;1001;1;1;0.0000;1;6685.0000;None;72200.0000
3337;2023-03-10 20:02:18.937000;1;103449;1;1;29800.0000;1;6685.0000;None;72200.0000
3337;2023-03-10 20:43:10.613000;7;1303;1;1;0.0000;1;6685.0000;None;72200.0000
3339;2023-03-10 20:12:53.033000;1;103111;1;1;0.0000;1;8074.0000;None;87200.0000
3339;2023-03-10 20:13:16.080000;1;103423;1;1;38800.0000;1;8074.0000;None;87200.0000
3339;2023-03-10 20:13:33.937000;3;200004;1;1;9800.0000;1;8074.0000;None;87200.0000
3339;2023-03-10 20:13:33.937000;3;201211;1;1;6800.0000;1;8074.0000;None;87200.0000
3339;2023-03-10 20:13:33.937000;7;1207;1;1;0.0000;1;8074.0000;None;87200.0000
3339;2023-03-10 20:16:13.237000;1;102025;1;1;31800.0000;1;8074.0000;None;87200.0000
3339;2023-03-10 21:24:27.530000;7;1303;1;1;0.0000;1;8074.0000;None;87200.0000
3340;2023-03-10 20:31:40.957000;1;103111;1;1;0.0000;1;28130.0000;None;303800.0000
3340;2023-03-10 20:38:00.470000;1;101244;1;1;29800.0000;1;28130.0000;None;303800.0000
3340;2023-03-10 20:38:00.470000;7;1001;1;1;0.0000;1;28130.0000;None;303800.0000
3340;2023-03-10 20:38:00.470000;1;102753;1;1;67800.0000;1;28130.0000;None;303800.0000
3340;2023-03-10 20:38:00.470000;6;101470;1;1;0.0000;1;28130.0000;None;303800.0000
3340;2023-03-10 20:38:00.470000;1;109203;1;1;38800.0000;1;28130.0000;None;303800.0000
3340;2023-03-10 20:44:27.237000;3;200008;1;1;15800.0000;1;28130.0000;None;303800.0000
3340;2023-03-10 20:44:27.237000;7;2015;1;2;0.0000;1;28130.0000;None;303800.0000
3340;2023-03-10 20:44:27.237000;2;202614;1;1;145800.0000;1;28130.0000;None;303800.0000
3340;2023-03-10 20:44:27.237000;7;2015;1;2;0.0000;1;28130.0000;None;303800.0000
3340;2023-03-10 20:55:38.027000;7;1220;1;1;0.0000;1;28130.0000;None;303800.0000
3340;2023-03-10 20:55:38.027000;7;1220;1;1;0.0000;1;28130.0000;None;303800.0000
3340;2023-03-10 22:07:00.807000;3;100614;1;1;5800.0000;1;28130.0000;None;303800.0000
3340;2023-03-10 22:12:33.103000;7;1303;1;1;0.0000;1;28130.0000;None;303800.0000
3341;2023-03-10 20:53:26.413000;3;102749;1;1;5800.0000;1;33056.0000;None;357000.0000
3341;2023-03-10 20:53:26.413000;2;201615;1;1;14800.0000;1;33056.0000;None;357000.0000
3341;2023-03-10 20:53:26.413000;2;106012;1;1;49800.0000;1;33056.0000;None;357000.0000
3341;2023-03-10 20:53:26.413000;2;102933;1;1;25800.0000;1;33056.0000;None;357000.0000
3341;2023-03-10 20:53:44.197000;1;103381;1;1;58800.0000;1;33056.0000;None;357000.0000
3341;2023-03-10 20:53:44.197000;1;101178;1;1;44800.0000;1;33056.0000;None;357000.0000
3341;2023-03-10 20:53:44.197000;1;107647;1;1;36800.0000;1;33056.0000;None;357000.0000
3341;2023-03-10 20:53:44.197000;1;103419;1;1;51800.0000;1;33056.0000;None;357000.0000
3341;2023-03-10 21:15:45.877000;3;102749;1;1;5800.0000;1;33056.0000;None;357000.0000
3341;2023-03-10 21:31:04.287000;3;100614;1;1;5800.0000;1;33056.0000;None;357000.0000
3341;2023-03-10 21:35:15.067000;1;101891;1;1;16800.0000;1;33056.0000;None;357000.0000
3341;2023-03-10 21:35:15.067000;1;109356;1;1;18800.0000;1;33056.0000;None;357000.0000
3341;2023-03-10 21:35:15.067000;1;101118;1;1;10800.0000;1;33056.0000;None;357000.0000
3341;2023-03-10 21:35:15.067000;1;101088;1;1;3800.0000;1;33056.0000;None;357000.0000
3341;2023-03-10 21:35:15.067000;7;1216;1;1;0.0000;1;33056.0000;None;357000.0000
3341;2023-03-10 21:35:15.067000;3;100606;1;1;6800.0000;1;33056.0000;None;357000.0000
3341;2023-03-10 22:01:32.307000;7;1303;1;1;0.0000;1;33056.0000;None;357000.0000
3342;2023-03-10 20:45:24.280000;1;103449;1;1;29800.0000;1;12296.0000;None;132800.0000
3342;2023-03-10 20:45:24.280000;3;201704;1;1;15800.0000;1;12296.0000;None;132800.0000
3342;2023-03-10 20:45:24.280000;7;2015;1;2;0.0000;1;12296.0000;None;132800.0000
3342;2023-03-10 20:55:50.167000;1;102440;1;1;29800.0000;1;12296.0000;None;132800.0000
3342;2023-03-10 20:55:50.167000;1;103172;1;1;24800.0000;1;12296.0000;None;132800.0000
3342;2023-03-10 21:12:17.977000;3;201704;1;1;15800.0000;1;12296.0000;None;132800.0000
3342;2023-03-10 21:30:58.080000;1;102708;1;1;16800.0000;1;12296.0000;None;132800.0000
3342;2023-03-10 21:47:16.947000;7;1303;1;1;0.0000;1;12296.0000;None;132800.0000
3344;2023-03-10 20:49:14.447000;1;103111;1;1;0.0000;1;14611.0000;None;157800.0000
3344;2023-03-10 20:54:15.333000;2;101728;1;1;33800.0000;1;14611.0000;None;157800.0000
3344;2023-03-10 20:54:15.333000;3;102637;1;1;9800.0000;1;14611.0000;None;157800.0000
3344;2023-03-10 20:54:15.333000;3;102644;1;1;6800.0000;1;14611.0000;None;157800.0000
3344;2023-03-10 20:54:15.333000;1;103449;1;1;29800.0000;1;14611.0000;None;157800.0000
3344;2023-03-10 20:54:15.333000;1;101122;1;1;37800.0000;1;14611.0000;None;157800.0000
3344;2023-03-10 20:54:15.333000;1;103791;1;1;39800.0000;1;14611.0000;None;157800.0000
3344;2023-03-10 21:36:03.017000;7;1303;1;1;0.0000;1;14611.0000;None;157800.0000
3345;2023-03-10 20:52:27.290000;1;103111;1;1;0.0000;1;17185.0000;None;185600.0000
3345;2023-03-10 20:57:20.617000;3;102619;1;1;7800.0000;1;17185.0000;None;185600.0000
3345;2023-03-10 20:57:20.617000;2;108100;1;1;44800.0000;1;17185.0000;None;185600.0000
3345;2023-03-10 21:04:51.420000;3;201146;1;1;6800.0000;1;17185.0000;None;185600.0000
3345;2023-03-10 21:04:51.420000;7;2015;1;2;0.0000;1;17185.0000;None;185600.0000
3345;2023-03-10 21:04:51.420000;1;101270;1;2;0.0000;1;17185.0000;None;185600.0000
3345;2023-03-10 21:07:12.247000;1;102222;1;1;3800.0000;1;17185.0000;None;185600.0000
3345;2023-03-10 21:23:59.723000;1;102753;1;1;67800.0000;1;17185.0000;None;185600.0000
3345;2023-03-10 21:23:59.723000;6;101470;1;1;0.0000;1;17185.0000;None;185600.0000
3345;2023-03-10 21:23:59.723000;7;1017;1;1;0.0000;1;17185.0000;None;185600.0000
3345;2023-03-10 21:23:59.723000;1;102877;1;1;49800.0000;1;17185.0000;None;185600.0000
3345;2023-03-10 21:23:59.723000;1;101418;1;1;0.0000;1;17185.0000;None;185600.0000
3345;2023-03-10 21:23:59.723000;7;1083;1;1;0.0000;1;17185.0000;None;185600.0000
3345;2023-03-10 21:23:59.723000;1;100963;1;1;0.0000;1;17185.0000;None;185600.0000
3345;2023-03-10 21:23:59.723000;1;102277;1;1;4800.0000;1;17185.0000;None;185600.0000
3345;2023-03-10 21:23:59.723000;7;1135;1;1;0.0000;1;17185.0000;None;185600.0000
3345;2023-03-10 22:06:51.370000;7;1303;1;1;0.0000;1;17185.0000;None;185600.0000
3346;2023-03-10 20:54:26.857000;1;103111;1;1;0.0000;1;10556.0000;None;114000.0000
3346;2023-03-10 20:55:59.857000;3;201269;1;1;6800.0000;1;10556.0000;None;114000.0000
3346;2023-03-10 20:55:59.857000;3;108191;1;1;0.0000;1;10556.0000;None;114000.0000
3346;2023-03-10 20:55:59.857000;3;201206;1;1;6800.0000;1;10556.0000;None;114000.0000
3346;2023-03-10 21:02:10.017000;2;108101;1;1;36800.0000;1;10556.0000;None;114000.0000
3346;2023-03-10 21:02:18.940000;1;101267;1;1;28800.0000;1;10556.0000;None;114000.0000
3346;2023-03-10 21:02:18.940000;1;103471;1;1;34800.0000;1;10556.0000;None;114000.0000
3346;2023-03-10 21:53:03.817000;7;1303;1;1;0.0000;1;10556.0000;None;114000.0000
3347;2023-03-10 21:31:18.223000;1;103111;1;1;0.0000;1;15463.0000;None;167000.0000
3347;2023-03-10 21:42:34.157000;2;101746;1;1;30800.0000;1;15463.0000;None;167000.0000
3347;2023-03-10 21:42:34.157000;2;101746;1;1;30800.0000;1;15463.0000;None;167000.0000
3347;2023-03-10 21:42:34.157000;1;103554;1;1;43800.0000;1;15463.0000;None;167000.0000
3347;2023-03-10 22:20:31.123000;2;101746;1;1;30800.0000;1;15463.0000;None;167000.0000
3347;2023-03-10 22:20:31.123000;2;101746;1;1;30800.0000;1;15463.0000;None;167000.0000
3347;2023-03-10 22:47:07.207000;7;1303;1;1;0.0000;1;15463.0000;None;167000.0000
3348;2023-03-10 21:39:19.203000;1;103111;1;1;0.0000;1;12278.0000;None;132600.0000
3348;2023-03-10 21:47:02.937000;3;201206;1;1;6800.0000;1;12278.0000;None;132600.0000
3348;2023-03-10 21:47:02.937000;3;201269;1;1;6800.0000;1;12278.0000;None;132600.0000
3348;2023-03-10 21:47:02.937000;3;108191;1;1;0.0000;1;12278.0000;None;132600.0000
3348;2023-03-10 21:47:02.937000;3;102641;1;1;10800.0000;1;12278.0000;None;132600.0000
3348;2023-03-10 21:47:42.257000;1;103434;1;1;34800.0000;1;12278.0000;None;132600.0000
3348;2023-03-10 21:47:42.257000;1;103452;1;1;34800.0000;1;12278.0000;None;132600.0000
3348;2023-03-10 21:47:42.257000;1;103134;1;1;31800.0000;1;12278.0000;None;132600.0000
3348;2023-03-10 21:47:42.257000;6;101525;1;1;0.0000;1;12278.0000;None;132600.0000
3348;2023-03-10 22:13:25.143000;3;201146;1;1;6800.0000;1;12278.0000;None;132600.0000
3348;2023-03-10 22:13:25.143000;1;101270;1;1;0.0000;1;12278.0000;None;132600.0000
3348;2023-03-10 22:33:36.407000;7;1303;1;1;0.0000;1;12278.0000;None;132600.0000
3349;2023-03-10 21:40:46.800000;1;103111;1;1;0.0000;1;17870.0000;None;193000.0000
3349;2023-03-10 21:40:46.800000;1;103111;1;1;0.0000;1;17870.0000;None;193000.0000
3349;2023-03-10 21:49:43.047000;3;201206;1;1;6800.0000;1;17870.0000;None;193000.0000
3349;2023-03-10 21:49:43.047000;3;201206;1;1;6800.0000;1;17870.0000;None;193000.0000
3349;2023-03-10 21:51:07.090000;1;103783;1;1;19800.0000;1;17870.0000;None;193000.0000
3349;2023-03-10 21:51:07.090000;6;101624;1;1;0.0000;1;17870.0000;None;193000.0000
3349;2023-03-10 21:51:07.090000;1;103783;1;1;19800.0000;1;17870.0000;None;193000.0000
3349;2023-03-10 21:51:07.090000;6;101624;1;1;0.0000;1;17870.0000;None;193000.0000
3349;2023-03-10 21:51:07.090000;1;103083;1;1;29800.0000;1;17870.0000;None;193000.0000
3349;2023-03-10 21:51:07.090000;1;101552;1;1;0.0000;1;17870.0000;None;193000.0000
3349;2023-03-10 21:51:07.090000;7;1306;1;1;0.0000;1;17870.0000;None;193000.0000
3349;2023-03-10 21:51:07.090000;1;109407;1;1;39800.0000;1;17870.0000;None;193000.0000
3349;2023-03-10 21:51:07.090000;7;1135;1;1;0.0000;1;17870.0000;None;193000.0000
3349;2023-03-10 21:51:07.090000;1;109407;1;1;39800.0000;1;17870.0000;None;193000.0000
3349;2023-03-10 21:51:07.090000;7;1135;1;1;0.0000;1;17870.0000;None;193000.0000
3349;2023-03-10 22:08:21.110000;3;201146;1;1;6800.0000;1;17870.0000;None;193000.0000
3349;2023-03-10 22:18:32.007000;3;201206;1;1;6800.0000;1;17870.0000;None;193000.0000
3349;2023-03-10 22:24:38.257000;1;109422;1;1;16800.0000;1;17870.0000;None;193000.0000
3349;2023-03-10 22:24:38.257000;7;1135;1;1;0.0000;1;17870.0000;None;193000.0000
3349;2023-03-10 22:33:46.947000;7;1303;1;1;0.0000;1;17870.0000;None;193000.0000
13459;2023-03-10 11:57:54.517000;1;102352;1;1;19800.0000;1;None;None;39600.0000
13459;2023-03-10 11:57:54.517000;1;102352;1;1;19800.0000;1;None;None;39600.0000
13460;2023-03-10 12:35:25.447000;1;101309;1;1;148800.0000;1;None;None;148800.0000
13462;2023-03-10 13:25:48.810000;1;102449;1;1;14800.0000;1;None;None;29600.0000
13462;2023-03-10 13:25:48.810000;1;102449;1;1;14800.0000;1;None;None;29600.0000
13463;2023-03-10 13:47:49.550000;1;103114;1;2;13600.0000;1;None;None;13600.0000
13464;2023-03-10 12:56:37.220000;1;103111;1;1;0.0000;1;9593.0000;None;103600.0000
13464;2023-03-10 12:56:37.220000;3;201269;1;1;6800.0000;1;9593.0000;None;103600.0000
13464;2023-03-10 12:56:37.220000;1;101270;1;1;0.0000;1;9593.0000;None;103600.0000
13464;2023-03-10 12:56:37.220000;7;2042;1;1;0.0000;1;9593.0000;None;103600.0000
13464;2023-03-10 13:12:05.827000;3;201146;1;1;6800.0000;1;9593.0000;None;103600.0000
13464;2023-03-10 13:12:05.827000;7;2002;1;1;0.0000;1;9593.0000;None;103600.0000
13464;2023-03-10 13:12:05.827000;1;101270;1;1;0.0000;1;9593.0000;None;103600.0000
13464;2023-03-10 13:22:48.053000;1;105506;1;1;29800.0000;1;9593.0000;None;103600.0000
13464;2023-03-10 13:22:48.053000;7;1135;1;1;0.0000;1;9593.0000;None;103600.0000
13464;2023-03-10 13:22:48.053000;7;1001;1;1;0.0000;1;9593.0000;None;103600.0000
13464;2023-03-10 13:22:48.053000;1;103134;1;1;31800.0000;1;9593.0000;None;103600.0000
13464;2023-03-10 13:22:48.053000;None;101442;None;1;0.0000;1;9593.0000;None;103600.0000
13464;2023-03-10 13:22:48.053000;7;1135;1;1;0.0000;1;9593.0000;None;103600.0000
13464;2023-03-10 13:22:48.053000;7;1045;1;1;0.0000;1;9593.0000;None;103600.0000
13464;2023-03-10 13:49:43.473000;7;1220;1;1;0.0000;1;9593.0000;None;103600.0000
13464;2023-03-10 14:17:43.907000;1;101891;1;1;16800.0000;1;9593.0000;None;103600.0000
13464;2023-03-10 14:17:43.907000;3;100999;1;1;5800.0000;1;9593.0000;None;103600.0000
13464;2023-03-10 14:17:43.907000;3;100999;1;1;5800.0000;1;9593.0000;None;103600.0000
13467;2023-03-10 15:15:02.630000;1;103600;1;-1;-69800.0000;1;-23537.0000;None;-254200.0000
13467;2023-03-10 15:15:02.630000;1;101552;1;-1;0.0000;1;-23537.0000;None;-254200.0000
13467;2023-03-10 15:15:02.630000;7;1302;1;-1;0.0000;1;-23537.0000;None;-254200.0000
13467;2023-03-10 15:15:02.630000;1;106353;1;-1;-79800.0000;1;-23537.0000;None;-254200.0000
13467;2023-03-10 15:15:02.630000;1;108233;1;-1;0.0000;1;-23537.0000;None;-254200.0000
13467;2023-03-10 15:15:02.630000;7;1306;1;-1;0.0000;1;-23537.0000;None;-254200.0000
13467;2023-03-10 15:15:02.630000;7;1302;1;-1;0.0000;1;-23537.0000;None;-254200.0000
13467;2023-03-10 15:15:02.630000;3;102633;1;-1;-12800.0000;1;-23537.0000;None;-254200.0000
13467;2023-03-10 15:15:02.630000;2;201187;1;-1;-10800.0000;1;-23537.0000;None;-254200.0000
13467;2023-03-10 15:15:02.630000;2;109587;1;-1;-27800.0000;1;-23537.0000;None;-254200.0000
13467;2023-03-10 15:15:02.630000;1;102541;1;-1;-23800.0000;1;-23537.0000;None;-254200.0000
13467;2023-03-10 15:15:02.630000;1;104004;1;-1;-15800.0000;1;-23537.0000;None;-254200.0000
13467;2023-03-10 15:15:02.630000;3;100606;1;-2;-13600.0000;1;-23537.0000;None;-254200.0000
13468;2023-03-10 15:57:47.267000;3;201704;1;3;47400.0000;1;None;None;71200.0000
13468;2023-03-10 15:57:47.267000;3;200008;1;3;47400.0000;1;None;None;71200.0000
13468;2023-03-10 15:57:47.267000;7;1207;1;1;0.0000;1;None;None;71200.0000
13468;2023-03-10 17:38:29.690000;1;108452;1;2;47600.0000;1;None;None;71200.0000
13468;2023-03-10 19:18:45.620000;None;3;None;1;-71200.0000;2;None;None;71200.0000
13472;2023-03-10 17:40:36.230000;2;200627;1;1;70800.0000;1;None;None;70800.0000
20835;2023-03-10 13:25:22.517000;1;103111;1;1;0.0000;1;40222.0000;None;434400.0000
20835;2023-03-10 13:27:19.013000;1;102339;1;1;49800.0000;1;40222.0000;None;434400.0000
20835;2023-03-10 13:27:40.543000;3;200004;1;1;9800.0000;1;40222.0000;None;434400.0000
20835;2023-03-10 13:27:40.543000;1;101270;1;1;0.0000;1;40222.0000;None;434400.0000
20835;2023-03-10 13:27:40.560000;2;200123;1;1;150800.0000;1;40222.0000;None;434400.0000
20835;2023-03-10 13:27:40.560000;7;2008;1;3;0.0000;1;40222.0000;None;434400.0000
20835;2023-03-10 13:40:26.087000;1;103530;1;1;44800.0000;1;40222.0000;None;434400.0000
20835;2023-03-10 13:40:26.087000;1;101573;1;1;0.0000;1;40222.0000;None;434400.0000
20835;2023-03-10 13:40:26.087000;1;103530;1;1;44800.0000;1;40222.0000;None;434400.0000
20835;2023-03-10 13:40:26.087000;1;101573;1;1;0.0000;1;40222.0000;None;434400.0000
20835;2023-03-10 13:40:26.087000;1;103562;1;1;49800.0000;1;40222.0000;None;434400.0000
20835;2023-03-10 13:43:50.950000;1;103785;1;1;28800.0000;1;40222.0000;None;434400.0000
20835;2023-03-10 13:43:50.950000;6;101624;1;1;0.0000;1;40222.0000;None;434400.0000
20835;2023-03-10 13:43:50.950000;7;1135;1;1;0.0000;1;40222.0000;None;434400.0000
20835;2023-03-10 13:45:34.727000;3;201237;1;1;6800.0000;1;40222.0000;None;434400.0000
20835;2023-03-10 14:17:15.490000;3;100613;1;1;5800.0000;1;40222.0000;None;434400.0000
20835;2023-03-10 14:17:15.490000;3;100613;1;1;5800.0000;1;40222.0000;None;434400.0000
20835;2023-03-10 14:17:15.490000;3;100614;1;1;5800.0000;1;40222.0000;None;434400.0000
20835;2023-03-10 14:17:15.490000;1;103372;1;1;14800.0000;1;40222.0000;None;434400.0000
20835;2023-03-10 14:17:15.490000;1;109422;1;1;16800.0000;1;40222.0000;None;434400.0000
20835;2023-03-10 14:34:19.507000;7;1303;1;1;0.0000;1;40222.0000;None;434400.0000
20836;2023-03-10 13:44:59.060000;1;101258;1;1;49800.0000;1;74074.0000;None;800000.0000
20836;2023-03-10 13:45:24.247000;1;103381;1;1;58800.0000;1;74074.0000;None;800000.0000
20836;2023-03-10 13:48:23.010000;2;201615;1;1;14800.0000;1;74074.0000;None;800000.0000
20836;2023-03-10 13:48:23.010000;3;201146;1;1;6800.0000;1;74074.0000;None;800000.0000
20836;2023-03-10 13:48:23.010000;7;2002;1;1;0.0000;1;74074.0000;None;800000.0000
20836;2023-03-10 13:48:23.010000;1;101270;1;1;0.0000;1;74074.0000;None;800000.0000
20836;2023-03-10 14:15:36.823000;1;107002;1;1;69800.0000;1;74074.0000;None;800000.0000
20836;2023-03-10 14:15:36.823000;7;1306;1;1;0.0000;1;74074.0000;None;800000.0000
20836;2023-03-10 14:15:36.823000;7;1006;1;1;0.0000;1;74074.0000;None;800000.0000
20836;2023-03-10 14:15:36.823000;1;100963;1;1;0.0000;1;74074.0000;None;800000.0000
20836;2023-03-10 14:15:36.823000;1;103350;5;1;59800.0000;1;74074.0000;None;800000.0000
20836;2023-03-10 14:23:11.277000;3;201211;1;1;6800.0000;1;74074.0000;None;800000.0000
20836;2023-03-10 14:25:15.783000;2;201615;1;1;14800.0000;1;74074.0000;None;800000.0000
20836;2023-03-10 14:33:54.110000;1;102227;1;1;6800.0000;1;74074.0000;None;800000.0000
20836;2023-03-10 14:36:14.450000;1;102227;1;1;6800.0000;1;74074.0000;None;800000.0000
20836;2023-03-10 15:09:16.467000;2;108118;1;1;39800.0000;1;74074.0000;None;800000.0000
20836;2023-03-10 15:09:16.467000;6;105419;1;1;0.0000;1;74074.0000;None;800000.0000
20836;2023-03-10 15:09:16.467000;2;108118;1;1;39800.0000;1;74074.0000;None;800000.0000
20836;2023-03-10 15:09:16.467000;6;105419;1;1;0.0000;1;74074.0000;None;800000.0000
20836;2023-03-10 15:32:46.407000;2;108118;1;1;39800.0000;1;74074.0000;None;800000.0000
20836;2023-03-10 15:32:46.407000;6;105446;1;1;0.0000;1;74074.0000;None;800000.0000
20836;2023-03-10 16:09:22.783000;2;108118;1;1;39800.0000;1;74074.0000;None;800000.0000
20836;2023-03-10 16:09:22.783000;6;105419;1;1;0.0000;1;74074.0000;None;800000.0000
20836;2023-03-10 16:09:22.783000;2;108118;1;1;39800.0000;1;74074.0000;None;800000.0000
20836;2023-03-10 16:09:22.783000;6;105419;1;1;0.0000;1;74074.0000;None;800000.0000
20836;2023-03-10 16:59:46.177000;2;101978;1;1;49800.0000;1;74074.0000;None;800000.0000
20836;2023-03-10 18:21:22.147000;2;101978;1;1;49800.0000;1;74074.0000;None;800000.0000
20836;2023-03-10 18:21:22.147000;2;108118;1;1;39800.0000;1;74074.0000;None;800000.0000
20836;2023-03-10 18:21:22.147000;3;105735;1;1;0.0000;1;74074.0000;None;800000.0000
20836;2023-03-10 19:11:53.827000;2;101978;1;1;49800.0000;1;74074.0000;None;800000.0000
20836;2023-03-10 20:04:11.723000;2;101978;1;1;49800.0000;1;74074.0000;None;800000.0000
20836;2023-03-10 20:04:11.723000;2;108118;1;1;39800.0000;1;74074.0000;None;800000.0000
20836;2023-03-10 20:04:11.723000;6;105419;1;1;0.0000;1;74074.0000;None;800000.0000
20836;2023-03-10 20:35:49.467000;3;201269;1;3;20400.0000;1;74074.0000;None;800000.0000
20836;2023-03-10 20:35:49.467000;1;101270;1;3;0.0000;1;74074.0000;None;800000.0000
20836;2023-03-10 20:35:49.467000;7;2016;1;3;0.0000;1;74074.0000;None;800000.0000
20836;2023-03-10 20:35:49.467000;3;201211;1;1;6800.0000;1;74074.0000;None;800000.0000
20837;2023-03-10 19:12:50.143000;3;102747;1;1;4800.0000;1;39074.0000;None;422000.0000
20837;2023-03-10 19:12:50.143000;7;2072;1;1;0.0000;1;39074.0000;None;422000.0000
20837;2023-03-10 20:07:30.407000;1;103441;1;1;31800.0000;1;39074.0000;None;422000.0000
20837;2023-03-10 20:07:30.407000;1;103421;1;1;42800.0000;1;39074.0000;None;422000.0000
20837;2023-03-10 20:07:30.407000;1;103789;1;1;35800.0000;1;39074.0000;None;422000.0000
20837;2023-03-10 20:07:30.407000;6;101624;1;1;0.0000;1;39074.0000;None;422000.0000
20837;2023-03-10 20:07:30.407000;1;102877;1;1;49800.0000;1;39074.0000;None;422000.0000
20837;2023-03-10 20:07:30.407000;7;1306;1;1;0.0000;1;39074.0000;None;422000.0000
20837;2023-03-10 20:07:30.407000;1;101433;1;1;0.0000;1;39074.0000;None;422000.0000
20837;2023-03-10 20:07:30.407000;1;102877;1;1;49800.0000;1;39074.0000;None;422000.0000
20837;2023-03-10 20:07:30.407000;7;1306;1;1;0.0000;1;39074.0000;None;422000.0000
20837;2023-03-10 20:07:30.407000;1;101552;1;1;0.0000;1;39074.0000;None;422000.0000
20837;2023-03-10 20:07:30.407000;1;101092;1;1;55800.0000;1;39074.0000;None;422000.0000
20837;2023-03-10 20:07:30.407000;7;1006;1;1;0.0000;1;39074.0000;None;422000.0000
20837;2023-03-10 20:07:30.407000;7;1306;2;1;0.0000;1;39074.0000;None;422000.0000
20837;2023-03-10 20:07:30.407000;1;103845;1;1;58800.0000;1;39074.0000;None;422000.0000
20837;2023-03-10 20:07:30.407000;7;1306;1;1;0.0000;1;39074.0000;None;422000.0000
20837;2023-03-10 20:07:30.407000;7;1006;1;1;0.0000;1;39074.0000;None;422000.0000
20837;2023-03-10 20:07:30.407000;1;101519;1;1;0.0000;1;39074.0000;None;422000.0000
20837;2023-03-10 20:09:38.120000;3;102747;1;1;4800.0000;1;39074.0000;None;422000.0000
20837;2023-03-10 20:09:38.120000;3;102747;1;1;4800.0000;1;39074.0000;None;422000.0000
20837;2023-03-10 20:09:38.120000;7;2077;1;1;0.0000;1;39074.0000;None;422000.0000
20837;2023-03-10 20:09:38.120000;3;102748;1;1;15800.0000;1;39074.0000;None;422000.0000
20837;2023-03-10 20:09:38.120000;3;104446;1;1;5800.0000;1;39074.0000;None;422000.0000
20837;2023-03-10 20:09:38.120000;2;200480;1;1;12800.0000;1;39074.0000;None;422000.0000
20837;2023-03-10 20:09:38.120000;2;201615;1;1;14800.0000;1;39074.0000;None;422000.0000
20837;2023-03-10 20:10:42.450000;6;106272;1;7;0.0000;1;39074.0000;None;422000.0000
20837;2023-03-10 21:24:13.477000;3;100614;1;5;29000.0000;1;39074.0000;None;422000.0000
20837;2023-03-10 21:24:13.477000;3;104554;1;1;4800.0000;1;39074.0000;None;422000.0000
20837;2023-03-10 21:59:47.707000;7;1303;1;1;0.0000;1;39074.0000;None;422000.0000
20839;2023-03-10 19:19:45.173000;1;103111;1;1;0.0000;1;56815.0000;None;613600.0000
20839;2023-03-10 19:10:10.260000;1;103111;1;1;0.0000;1;56815.0000;None;613600.0000
20839;2023-03-10 19:10:56.603000;2;106012;1;1;49800.0000;1;56815.0000;None;613600.0000
20839;2023-03-10 19:10:56.603000;2;106012;1;1;49800.0000;1;56815.0000;None;613600.0000
20839;2023-03-10 19:10:56.603000;3;201146;1;1;6800.0000;1;56815.0000;None;613600.0000
20839;2023-03-10 19:28:17.250000;2;106012;1;1;49800.0000;1;56815.0000;None;613600.0000
20839;2023-03-10 19:28:17.250000;2;108100;1;1;44800.0000;1;56815.0000;None;613600.0000
20839;2023-03-10 19:42:24.683000;1;103557;1;1;29800.0000;1;56815.0000;None;613600.0000
20839;2023-03-10 19:42:24.683000;1;103557;1;1;29800.0000;1;56815.0000;None;613600.0000
20839;2023-03-10 19:42:24.683000;1;101258;1;1;49800.0000;1;56815.0000;None;613600.0000
20839;2023-03-10 19:42:24.683000;1;103410;1;1;37800.0000;1;56815.0000;None;613600.0000
20839;2023-03-10 19:42:24.683000;1;103421;1;1;42800.0000;1;56815.0000;None;613600.0000
20839;2023-03-10 20:00:40.017000;2;108100;1;1;44800.0000;1;56815.0000;None;613600.0000
20839;2023-03-10 20:03:00.953000;2;106012;1;1;49800.0000;1;56815.0000;None;613600.0000
20839;2023-03-10 20:03:00.953000;2;106012;1;1;49800.0000;1;56815.0000;None;613600.0000
20839;2023-03-10 20:12:51.920000;3;201211;1;1;6800.0000;1;56815.0000;None;613600.0000
20839;2023-03-10 20:30:04.317000;2;106012;1;1;49800.0000;1;56815.0000;None;613600.0000
20839;2023-03-10 20:32:16.640000;2;201615;1;1;14800.0000;1;56815.0000;None;613600.0000
20839;2023-03-10 20:34:45.260000;3;201211;1;1;6800.0000;1;56815.0000;None;613600.0000
20839;2023-03-10 20:43:21.447000;7;1303;1;1;0.0000;1;56815.0000;None;613600.0000
20840;2023-03-10 19:37:15.697000;1;103111;1;1;0.0000;1;16389.0000;None;177000.0000
20840;2023-03-10 19:43:44.980000;3;201269;1;1;6800.0000;1;16389.0000;None;177000.0000
20840;2023-03-10 19:43:44.980000;1;101270;1;1;0.0000;1;16389.0000;None;177000.0000
20840;2023-03-10 19:43:44.980000;3;201269;1;1;6800.0000;1;16389.0000;None;177000.0000
20840;2023-03-10 19:43:44.980000;1;101270;1;1;0.0000;1;16389.0000;None;177000.0000
20840;2023-03-10 19:43:44.980000;3;201237;1;1;6800.0000;1;16389.0000;None;177000.0000
20840;2023-03-10 19:43:44.980000;3;102749;1;1;5800.0000;1;16389.0000;None;177000.0000
20840;2023-03-10 19:53:08.593000;1;103771;1;1;29800.0000;1;16389.0000;None;177000.0000
20840;2023-03-10 19:53:08.593000;1;109199;1;1;37800.0000;1;16389.0000;None;177000.0000
20840;2023-03-10 19:53:08.593000;6;101624;1;1;0.0000;1;16389.0000;None;177000.0000
20840;2023-03-10 19:53:08.593000;1;109203;1;1;38800.0000;1;16389.0000;None;177000.0000
20840;2023-03-10 19:53:08.593000;1;103471;1;1;34800.0000;1;16389.0000;None;177000.0000
20840;2023-03-10 20:27:09.680000;3;104554;1;1;4800.0000;1;16389.0000;None;177000.0000
20840;2023-03-10 20:27:09.680000;3;104554;1;1;4800.0000;1;16389.0000;None;177000.0000
20841;2023-03-10 19:48:53.123000;1;103111;1;1;0.0000;1;16537.0000;None;178600.0000
20841;2023-03-10 19:59:53.223000;3;102747;1;1;4800.0000;1;16537.0000;None;178600.0000
20841;2023-03-10 19:59:53.223000;3;102748;1;1;15800.0000;1;16537.0000;None;178600.0000
20841;2023-03-10 19:59:53.223000;3;200004;1;1;9800.0000;1;16537.0000;None;178600.0000
20841;2023-03-10 19:59:53.223000;3;102635;1;1;8800.0000;1;16537.0000;None;178600.0000
20841;2023-03-10 20:00:11.403000;1;103417;1;1;59800.0000;1;16537.0000;None;178600.0000
20841;2023-03-10 20:00:11.403000;1;103452;1;1;34800.0000;1;16537.0000;None;178600.0000
20841;2023-03-10 20:01:28.557000;1;101178;1;1;44800.0000;1;16537.0000;None;178600.0000
20841;2023-03-10 20:39:09.383000;7;1303;1;1;0.0000;1;16537.0000;None;178600.0000
30550;2023-03-10 12:32:26.477000;1;103111;1;1;0.0000;1;16000.0000;None;172800.0000
30550;2023-03-10 12:36:21.720000;1;102170;5;1;4800.0000;1;16000.0000;None;172800.0000
30550;2023-03-10 12:36:47.687000;2;101746;1;1;30800.0000;1;16000.0000;None;172800.0000
30550;2023-03-10 12:36:47.687000;2;101746;1;1;30800.0000;1;16000.0000;None;172800.0000
30550;2023-03-10 12:37:02.337000;None;103076;None;1;49800.0000;1;16000.0000;None;172800.0000
30550;2023-03-10 12:37:02.337000;None;103076;None;1;49800.0000;1;16000.0000;None;172800.0000
30550;2023-03-10 12:41:09.687000;3;200004;1;1;9800.0000;1;16000.0000;None;172800.0000
30550;2023-03-10 12:43:16.450000;3;201211;1;1;6800.0000;1;16000.0000;None;172800.0000
30550;2023-03-10 12:53:46.667000;3;200004;1;-1;-9800.0000;1;16000.0000;None;172800.0000
30550;2023-03-10 12:53:46.667000;7;2008;1;-1;0.0000;1;16000.0000;None;172800.0000
30550;2023-03-10 12:53:46.667000;7;2008;1;-1;0.0000;1;16000.0000;None;172800.0000
30550;2023-03-10 13:13:25.920000;7;1303;1;1;0.0000;1;16000.0000;None;172800.0000
