3351;2023-03-11 12:02:59.247000;1;103111;1;1;0.0000;1;7815.0000;None;84400.0000
3351;2023-03-11 12:06:00.490000;3;102635;1;1;8800.0000;1;7815.0000;None;84400.0000
3351;2023-03-11 12:06:00.490000;7;2065;1;1;0.0000;1;7815.0000;None;84400.0000
3351;2023-03-11 12:06:54.233000;1;103597;1;1;69800.0000;1;7815.0000;None;84400.0000
3351;2023-03-11 12:48:28.777000;3;100613;1;1;5800.0000;1;7815.0000;None;84400.0000
3351;2023-03-11 13:16:51.587000;7;1303;1;1;0.0000;1;7815.0000;None;84400.0000
3352;2023-03-11 12:43:08.267000;1;103111;1;1;0.0000;1;11019.0000;None;119000.0000
3352;2023-03-11 12:47:01.177000;3;104554;1;1;4800.0000;1;11019.0000;None;119000.0000
3352;2023-03-11 12:47:01.177000;3;102637;1;1;9800.0000;1;11019.0000;None;119000.0000
3352;2023-03-11 12:47:01.177000;7;1207;1;1;0.0000;1;11019.0000;None;119000.0000
3352;2023-03-11 12:47:01.177000;7;2065;1;1;0.0000;1;11019.0000;None;119000.0000
3352;2023-03-11 12:47:18.937000;1;101178;1;1;44800.0000;1;11019.0000;None;119000.0000
3352;2023-03-11 12:47:18.937000;1;103421;1;1;42800.0000;1;11019.0000;None;119000.0000
3352;2023-03-11 13:16:02.490000;7;1220;1;1;0.0000;1;11019.0000;None;119000.0000
3352;2023-03-11 13:28:05.443000;1;108453;1;1;16800.0000;1;11019.0000;None;119000.0000
3352;2023-03-11 13:28:05.443000;7;1135;1;1;0.0000;1;11019.0000;None;119000.0000
3352;2023-03-11 13:53:58.117000;7;1303;1;1;0.0000;1;11019.0000;None;119000.0000
3353;2023-03-11 12:58:20.080000;1;103111;1;1;0.0000;1;28685.0000;None;309800.0000
3353;2023-03-11 13:03:47.763000;3;102651;1;1;9800.0000;1;28685.0000;None;309800.0000
3353;2023-03-11 13:03:47.763000;3;102635;1;1;8800.0000;1;28685.0000;None;309800.0000
3353;2023-03-11 13:03:47.763000;7;2046;1;1;0.0000;1;28685.0000;None;309800.0000
3353;2023-03-11 13:03:47.763000;1;102346;1;1;33800.0000;1;28685.0000;None;309800.0000
3353;2023-03-11 13:13:47.757000;1;103600;1;1;69800.0000;1;28685.0000;None;309800.0000
3353;2023-03-11 13:13:47.757000;7;1006;1;1;0.0000;1;28685.0000;None;309800.0000
3353;2023-03-11 13:13:47.757000;7;1135;1;1;0.0000;1;28685.0000;None;309800.0000
3353;2023-03-11 13:13:47.757000;1;108236;1;1;0.0000;1;28685.0000;None;309800.0000
3353;2023-03-11 13:13:47.757000;7;1135;1;1;0.0000;1;28685.0000;None;309800.0000
3353;2023-03-11 13:20:33.233000;3;200004;1;1;9800.0000;1;28685.0000;None;309800.0000
3353;2023-03-11 13:20:33.233000;1;101270;1;1;0.0000;1;28685.0000;None;309800.0000
3353;2023-03-11 13:20:33.233000;1;102086;1;1;10800.0000;1;28685.0000;None;309800.0000
3353;2023-03-11 13:26:14.537000;1;103187;1;1;89800.0000;1;28685.0000;None;309800.0000
3353;2023-03-11 13:26:14.537000;7;1006;1;1;0.0000;1;28685.0000;None;309800.0000
3353;2023-03-11 13:26:14.537000;1;104837;1;1;0.0000;1;28685.0000;None;309800.0000
3353;2023-03-11 13:26:14.537000;1;103356;1;1;41800.0000;1;28685.0000;None;309800.0000
3353;2023-03-11 13:26:14.537000;1;101519;1;1;0.0000;1;28685.0000;None;309800.0000
3353;2023-03-11 14:11:46.833000;3;101219;1;1;10800.0000;1;28685.0000;None;309800.0000
3353;2023-03-11 14:11:46.833000;3;102635;1;1;8800.0000;1;28685.0000;None;309800.0000
3353;2023-03-11 14:19:48.763000;1;104004;1;1;15800.0000;1;28685.0000;None;309800.0000
3353;2023-03-11 14:34:35.447000;7;1303;1;1;0.0000;1;28685.0000;None;309800.0000
3353;2023-03-11 14:34:35.447000;7;2045;1;1;0.0000;1;28685.0000;None;309800.0000
3354;2023-03-11 13:00:42.013000;1;103111;1;1;0.0000;1;17074.0000;None;184400.0000
3354;2023-03-11 13:08:27.260000;1;101178;1;1;44800.0000;1;17074.0000;None;184400.0000
3354;2023-03-11 13:08:55.647000;3;201206;1;1;6800.0000;1;17074.0000;None;184400.0000
3354;2023-03-11 13:08:55.647000;1;101270;1;1;0.0000;1;17074.0000;None;184400.0000
3354;2023-03-11 13:08:55.647000;3;104446;1;1;5800.0000;1;17074.0000;None;184400.0000
3354;2023-03-11 13:08:55.647000;7;1207;1;1;0.0000;1;17074.0000;None;184400.0000
3354;2023-03-11 13:28:27.707000;1;103600;1;1;69800.0000;1;17074.0000;None;184400.0000
3354;2023-03-11 13:28:27.707000;7;1302;1;1;0.0000;1;17074.0000;None;184400.0000
3354;2023-03-11 13:28:27.707000;1;101433;1;1;0.0000;1;17074.0000;None;184400.0000
3354;2023-03-11 13:28:27.707000;1;103784;1;1;29800.0000;1;17074.0000;None;184400.0000
3354;2023-03-11 13:28:27.707000;6;101624;1;1;0.0000;1;17074.0000;None;184400.0000
3354;2023-03-11 14:13:20.990000;3;100606;1;1;6800.0000;1;17074.0000;None;184400.0000
3354;2023-03-11 14:13:20.990000;3;104554;1;1;4800.0000;1;17074.0000;None;184400.0000
3354;2023-03-11 14:13:20.990000;1;104004;1;1;15800.0000;1;17074.0000;None;184400.0000
3354;2023-03-11 14:42:19.077000;7;1303;1;1;0.0000;1;17074.0000;None;184400.0000
3355;2023-03-11 13:01:50.153000;1;103111;1;1;0.0000;1;23537.0000;None;254200.0000
3355;2023-03-11 13:05:40.457000;3;200004;1;1;9800.0000;1;23537.0000;None;254200.0000
3355;2023-03-11 13:10:16.520000;3;201206;1;1;6800.0000;1;23537.0000;None;254200.0000
3355;2023-03-11 13:10:16.520000;7;1207;1;1;0.0000;1;23537.0000;None;254200.0000
3355;2023-03-11 14:24:41.040000;3;201206;1;1;6800.0000;1;23537.0000;None;254200.0000
3355;2023-03-11 14:24:41.040000;3;200004;1;1;9800.0000;1;23537.0000;None;254200.0000
3355;2023-03-11 14:24:41.040000;1;101270;1;1;0.0000;1;23537.0000;None;254200.0000
3355;2023-03-11 14:25:25.723000;1;101119;1;1;8800.0000;1;23537.0000;None;254200.0000
3355;2023-03-11 14:25:25.723000;7;1001;1;1;0.0000;1;23537.0000;None;254200.0000
3355;2023-03-11 14:25:25.723000;1;103846;1;1;48800.0000;1;23537.0000;None;254200.0000
3355;2023-03-11 14:25:25.723000;6;101438;1;1;0.0000;1;23537.0000;None;254200.0000
3355;2023-03-11 14:25:25.723000;1;103706;1;1;32800.0000;1;23537.0000;None;254200.0000
3355;2023-03-11 14:25:25.723000;1;103515;1;1;44800.0000;1;23537.0000;None;254200.0000
3355;2023-03-11 14:25:25.723000;1;103134;1;1;31800.0000;1;23537.0000;None;254200.0000
3355;2023-03-11 14:25:25.723000;6;101525;1;1;0.0000;1;23537.0000;None;254200.0000
3355;2023-03-11 14:25:25.723000;7;1045;1;1;0.0000;1;23537.0000;None;254200.0000
3355;2023-03-11 14:31:54.477000;3;201146;1;1;6800.0000;1;23537.0000;None;254200.0000
3355;2023-03-11 14:35:22.350000;7;1220;1;1;0.0000;1;23537.0000;None;254200.0000
3355;2023-03-11 14:37:44.683000;1;102222;1;1;3800.0000;1;23537.0000;None;254200.0000
3355;2023-03-11 15:21:54.927000;1;101308;1;1;19800.0000;1;23537.0000;None;254200.0000
3355;2023-03-11 15:21:54.927000;1;102885;1;1;16800.0000;1;23537.0000;None;254200.0000
3355;2023-03-11 15:36:30.270000;3;100607;1;1;6800.0000;1;23537.0000;None;254200.0000
3355;2023-03-11 15:54:16.997000;7;1303;1;1;0.0000;1;23537.0000;None;254200.0000
3356;2023-03-11 13:04:00.260000;1;103111;1;1;0.0000;1;121797.0000;None;1315400.0000
3356;2023-03-11 13:04:00.260000;1;103111;1;1;0.0000;1;121797.0000;None;1315400.0000
3356;2023-03-11 13:08:08.097000;2;101772;1;2;31600.0000;1;121797.0000;None;1315400.0000
3356;2023-03-11 13:08:08.097000;7;2036;1;2;0.0000;1;121797.0000;None;1315400.0000
3356;2023-03-11 13:08:08.097000;2;102979;1;1;33800.0000;1;121797.0000;None;1315400.0000
3356;2023-03-11 13:15:13.700000;2;102979;1;1;33800.0000;1;121797.0000;None;1315400.0000
3356;2023-03-11 13:15:50.547000;3;102747;1;1;4800.0000;1;121797.0000;None;1315400.0000
3356;2023-03-11 13:15:50.547000;3;102619;1;2;15600.0000;1;121797.0000;None;1315400.0000
3356;2023-03-11 13:15:50.547000;3;102651;1;1;9800.0000;1;121797.0000;None;1315400.0000
3356;2023-03-11 13:22:21.107000;1;102222;1;1;3800.0000;1;121797.0000;None;1315400.0000
3356;2023-03-11 13:29:18.640000;1;109363;1;1;28800.0000;1;121797.0000;None;1315400.0000
3356;2023-03-11 13:29:18.640000;1;101178;1;1;44800.0000;1;121797.0000;None;1315400.0000
3356;2023-03-11 13:29:18.640000;1;102961;1;1;22800.0000;1;121797.0000;None;1315400.0000
3356;2023-03-11 13:29:18.640000;None;109614;None;1;45800.0000;1;121797.0000;None;1315400.0000
3356;2023-03-11 13:29:18.640000;1;103750;1;1;37800.0000;1;121797.0000;None;1315400.0000
3356;2023-03-11 13:47:10.883000;2;101772;1;1;15800.0000;1;121797.0000;None;1315400.0000
3356;2023-03-11 13:58:24.387000;1;102753;1;1;67800.0000;1;121797.0000;None;1315400.0000
3356;2023-03-11 13:58:24.387000;6;101470;1;1;0.0000;1;121797.0000;None;1315400.0000
3356;2023-03-11 13:58:24.387000;1;103786;1;1;41800.0000;1;121797.0000;None;1315400.0000
3356;2023-03-11 13:58:24.387000;6;101470;1;1;0.0000;1;121797.0000;None;1315400.0000
3356;2023-03-11 13:58:24.387000;1;109420;1;1;52800.0000;1;121797.0000;None;1315400.0000
3356;2023-03-11 13:58:24.387000;1;102437;1;1;37800.0000;1;121797.0000;None;1315400.0000
3356;2023-03-11 13:58:24.387000;1;102440;1;1;29800.0000;1;121797.0000;None;1315400.0000
3356;2023-03-11 13:58:24.387000;1;108207;1;1;37800.0000;1;121797.0000;None;1315400.0000
3356;2023-03-11 13:58:24.387000;6;101438;1;1;0.0000;1;121797.0000;None;1315400.0000
3356;2023-03-11 13:58:24.387000;1;103191;1;1;79800.0000;1;121797.0000;None;1315400.0000
3356;2023-03-11 13:58:24.387000;7;1006;1;1;0.0000;1;121797.0000;None;1315400.0000
3356;2023-03-11 13:58:24.387000;1;104837;1;1;0.0000;1;121797.0000;None;1315400.0000
3356;2023-03-11 13:58:24.387000;1;104742;1;1;26800.0000;1;121797.0000;None;1315400.0000
3356;2023-03-11 13:58:24.387000;6;101624;1;1;0.0000;1;121797.0000;None;1315400.0000
3356;2023-03-11 13:58:24.387000;1;104742;1;1;26800.0000;1;121797.0000;None;1315400.0000
3356;2023-03-11 13:58:24.387000;6;101624;1;1;0.0000;1;121797.0000;None;1315400.0000
3356;2023-03-11 14:05:02.710000;3;102747;1;1;4800.0000;1;121797.0000;None;1315400.0000
3356;2023-03-11 14:05:02.710000;3;102747;1;1;4800.0000;1;121797.0000;None;1315400.0000
3356;2023-03-11 14:06:48.963000;2;200148;1;1;419800.0000;1;121797.0000;None;1315400.0000
3356;2023-03-11 14:06:48.963000;7;2008;1;5;0.0000;1;121797.0000;None;1315400.0000
3356;2023-03-11 14:29:37.480000;3;201146;1;1;6800.0000;1;121797.0000;None;1315400.0000
3356;2023-03-11 14:29:37.480000;1;102177;1;2;5000.0000;1;121797.0000;None;1315400.0000
3356;2023-03-11 15:13:02.563000;1;101308;1;1;19800.0000;1;121797.0000;None;1315400.0000
3356;2023-03-11 15:13:02.563000;1;108280;1;1;16800.0000;1;121797.0000;None;1315400.0000
3356;2023-03-11 15:13:02.563000;1;103961;1;1;16800.0000;1;121797.0000;None;1315400.0000
3356;2023-03-11 15:13:02.563000;1;102708;1;1;16800.0000;1;121797.0000;None;1315400.0000
3356;2023-03-11 15:13:02.563000;1;109356;1;1;18800.0000;1;121797.0000;None;1315400.0000
3356;2023-03-11 15:13:02.563000;1;103377;1;1;16800.0000;1;121797.0000;None;1315400.0000
3356;2023-03-11 15:13:02.563000;1;103377;1;1;16800.0000;1;121797.0000;None;1315400.0000
3356;2023-03-11 15:13:02.563000;3;100606;1;1;6800.0000;1;121797.0000;None;1315400.0000
3356;2023-03-11 15:13:02.563000;3;100606;1;1;6800.0000;1;121797.0000;None;1315400.0000
3356;2023-03-11 15:13:02.563000;3;108531;1;1;7800.0000;1;121797.0000;None;1315400.0000
3356;2023-03-11 15:52:46.257000;7;1303;1;1;0.0000;1;121797.0000;None;1315400.0000
3357;2023-03-11 13:08:20.353000;1;103111;1;1;0.0000;1;19759.0000;None;213400.0000
3357;2023-03-11 13:20:11.097000;3;201206;1;1;6800.0000;1;19759.0000;None;213400.0000
3357;2023-03-11 13:20:11.097000;7;1207;1;1;0.0000;1;19759.0000;None;213400.0000
3357;2023-03-11 13:20:11.097000;3;201211;1;1;6800.0000;1;19759.0000;None;213400.0000
3357;2023-03-11 13:20:11.097000;3;201146;1;1;6800.0000;1;19759.0000;None;213400.0000
3357;2023-03-11 13:20:11.097000;7;2050;1;1;0.0000;1;19759.0000;None;213400.0000
3357;2023-03-11 13:27:47.467000;1;109421;1;1;57800.0000;1;19759.0000;None;213400.0000
3357;2023-03-11 13:27:47.467000;1;103788;1;1;39800.0000;1;19759.0000;None;213400.0000
3357;2023-03-11 13:27:47.467000;6;101438;1;1;0.0000;1;19759.0000;None;213400.0000
3357;2023-03-11 13:27:47.467000;1;103845;1;1;58800.0000;1;19759.0000;None;213400.0000
3357;2023-03-11 13:27:47.467000;7;1006;1;1;0.0000;1;19759.0000;None;213400.0000
3357;2023-03-11 13:27:47.467000;7;1306;1;1;0.0000;1;19759.0000;None;213400.0000
3357;2023-03-11 13:27:47.467000;1;108236;1;1;0.0000;1;19759.0000;None;213400.0000
3357;2023-03-11 13:27:47.467000;1;102227;1;1;6800.0000;1;19759.0000;None;213400.0000
3357;2023-03-11 13:38:22.290000;1;101244;1;1;29800.0000;1;19759.0000;None;213400.0000
3357;2023-03-11 14:05:50.050000;7;1303;1;1;0.0000;1;19759.0000;None;213400.0000
3358;2023-03-11 13:11:09.643000;1;103111;1;1;0.0000;1;21037.0000;None;227200.0000
3358;2023-03-11 13:18:30.943000;3;201237;1;1;6800.0000;1;21037.0000;None;227200.0000
3358;2023-03-11 13:18:30.943000;3;201237;1;1;6800.0000;1;21037.0000;None;227200.0000
3358;2023-03-11 13:18:30.943000;3;201269;1;1;6800.0000;1;21037.0000;None;227200.0000
3358;2023-03-11 13:18:30.943000;1;101270;1;1;0.0000;1;21037.0000;None;227200.0000
3358;2023-03-11 13:18:30.943000;3;100607;1;1;6800.0000;1;21037.0000;None;227200.0000
3358;2023-03-11 13:26:32.333000;1;103706;1;1;32800.0000;1;21037.0000;None;227200.0000
3358;2023-03-11 13:29:52.190000;1;103449;1;1;29800.0000;1;21037.0000;None;227200.0000
3358;2023-03-11 13:29:52.190000;1;103449;1;1;29800.0000;1;21037.0000;None;227200.0000
3358;2023-03-11 13:29:52.190000;1;101203;1;1;51800.0000;1;21037.0000;None;227200.0000
3358;2023-03-11 13:29:52.190000;1;102325;1;1;55800.0000;1;21037.0000;None;227200.0000
3358;2023-03-11 13:29:52.190000;6;101438;1;1;0.0000;1;21037.0000;None;227200.0000
3358;2023-03-11 13:29:52.190000;7;1045;1;1;0.0000;1;21037.0000;None;227200.0000
3358;2023-03-11 14:17:06.417000;7;1303;1;1;0.0000;1;21037.0000;None;227200.0000
3359;2023-03-11 13:21:03.963000;3;104554;1;1;4800.0000;1;19500.0000;None;210600.0000
3359;2023-03-11 13:45:45.827000;1;104928;1;1;27800.0000;1;19500.0000;None;210600.0000
3359;2023-03-11 13:45:45.827000;3;201146;1;1;6800.0000;1;19500.0000;None;210600.0000
3359;2023-03-11 13:45:45.827000;7;2050;1;1;0.0000;1;19500.0000;None;210600.0000
3359;2023-03-11 13:45:45.827000;7;2008;1;2;0.0000;1;19500.0000;None;210600.0000
3359;2023-03-11 13:54:22.570000;3;102635;1;1;8800.0000;1;19500.0000;None;210600.0000
3359;2023-03-11 13:54:22.570000;3;200004;1;1;9800.0000;1;19500.0000;None;210600.0000
3359;2023-03-11 13:55:07.823000;1;103786;1;1;41800.0000;1;19500.0000;None;210600.0000
3359;2023-03-11 13:55:07.823000;6;107346;1;1;0.0000;1;19500.0000;None;210600.0000
3359;2023-03-11 13:55:07.823000;7;1135;1;1;0.0000;1;19500.0000;None;210600.0000
3359;2023-03-11 14:02:08.900000;1;103423;1;1;38800.0000;1;19500.0000;None;210600.0000
3359;2023-03-11 14:02:08.900000;1;103789;1;1;35800.0000;1;19500.0000;None;210600.0000
3359;2023-03-11 14:02:08.900000;6;101624;1;1;0.0000;1;19500.0000;None;210600.0000
3359;2023-03-11 14:02:08.900000;7;1135;1;1;0.0000;1;19500.0000;None;210600.0000
3359;2023-03-11 14:40:15;1;102885;1;1;16800.0000;1;19500.0000;None;210600.0000
3359;2023-03-11 14:46:15.147000;3;108531;1;1;7800.0000;1;19500.0000;None;210600.0000
3359;2023-03-11 14:46:15.147000;7;2057;1;1;0.0000;1;19500.0000;None;210600.0000
3359;2023-03-11 14:46:15.147000;3;100614;1;1;5800.0000;1;19500.0000;None;210600.0000
3359;2023-03-11 14:48:13.593000;3;100614;1;1;5800.0000;1;19500.0000;None;210600.0000
3360;2023-03-11 13:38:40.177000;1;103111;1;1;0.0000;1;11667.0000;None;126000.0000
3360;2023-03-11 13:38:57.873000;1;101244;1;1;29800.0000;1;11667.0000;None;126000.0000
3360;2023-03-11 13:39:15.060000;3;102747;1;1;4800.0000;1;11667.0000;None;126000.0000
3360;2023-03-11 13:39:15.060000;3;201211;1;1;6800.0000;1;11667.0000;None;126000.0000
3360;2023-03-11 13:39:15.060000;7;1207;1;1;0.0000;1;11667.0000;None;126000.0000
3360;2023-03-11 13:59:07.263000;1;103559;1;1;46800.0000;1;11667.0000;None;126000.0000
3360;2023-03-11 13:59:07.263000;1;103208;1;1;37800.0000;1;11667.0000;None;126000.0000
3360;2023-03-11 13:59:07.263000;1;101433;1;1;0.0000;1;11667.0000;None;126000.0000
3360;2023-03-11 13:59:07.263000;7;1302;1;1;0.0000;1;11667.0000;None;126000.0000
3360;2023-03-11 14:36:11.820000;7;1303;1;1;0.0000;1;11667.0000;None;126000.0000
3361;2023-03-11 13:49:25.680000;1;103111;1;1;0.0000;1;17926.0000;None;193600.0000
3361;2023-03-11 13:52:23.360000;3;102747;1;2;9600.0000;1;17926.0000;None;193600.0000
3361;2023-03-11 13:52:23.360000;3;201237;1;1;6800.0000;1;17926.0000;None;193600.0000
3361;2023-03-11 14:00:34.363000;1;102206;1;1;1800.0000;1;17926.0000;None;193600.0000
3361;2023-03-11 14:01:29.343000;1;102222;1;1;3800.0000;1;17926.0000;None;193600.0000
3361;2023-03-11 14:06:15.297000;1;103776;1;1;14800.0000;1;17926.0000;None;193600.0000
3361;2023-03-11 14:23:56.267000;1;109203;1;1;38800.0000;1;17926.0000;None;193600.0000
3361;2023-03-11 14:23:56.267000;1;103788;1;1;39800.0000;1;17926.0000;None;193600.0000
3361;2023-03-11 14:23:56.267000;6;101438;1;1;0.0000;1;17926.0000;None;193600.0000
3361;2023-03-11 14:23:56.267000;1;103514;1;1;59800.0000;1;17926.0000;None;193600.0000
3361;2023-03-11 14:39:48.687000;3;201206;1;1;6800.0000;1;17926.0000;None;193600.0000
3361;2023-03-11 14:39:48.687000;3;201237;1;1;6800.0000;1;17926.0000;None;193600.0000
3361;2023-03-11 14:39:48.687000;3;102747;1;1;4800.0000;1;17926.0000;None;193600.0000
3361;2023-03-11 14:53:14.443000;7;1303;1;1;0.0000;1;17926.0000;None;193600.0000
3362;2023-03-11 14:06:58.990000;1;103111;1;1;0.0000;1;14296.0000;None;154400.0000
3362;2023-03-11 14:09:59.460000;3;200004;1;1;9800.0000;1;14296.0000;None;154400.0000
3362;2023-03-11 14:09:59.460000;7;2008;1;1;0.0000;1;14296.0000;None;154400.0000
3362;2023-03-11 14:09:59.460000;3;201206;1;1;6800.0000;1;14296.0000;None;154400.0000
3362;2023-03-11 14:09:59.460000;2;107957;1;1;22800.0000;1;14296.0000;None;154400.0000
3362;2023-03-11 14:12:34.127000;1;103449;1;1;29800.0000;1;14296.0000;None;154400.0000
3362;2023-03-11 14:12:34.127000;7;1135;1;1;0.0000;1;14296.0000;None;154400.0000
3362;2023-03-11 14:12:34.127000;1;103434;1;1;34800.0000;1;14296.0000;None;154400.0000
3362;2023-03-11 14:41:54.223000;2;107957;1;1;22800.0000;1;14296.0000;None;154400.0000
3362;2023-03-11 15:01:38.897000;1;101043;1;1;21800.0000;1;14296.0000;None;154400.0000
3362;2023-03-11 15:01:38.897000;3;100614;1;1;5800.0000;1;14296.0000;None;154400.0000
3363;2023-03-11 14:17:25.420000;1;103111;1;1;0.0000;1;11389.0000;None;123000.0000
3363;2023-03-11 14:24:25.797000;3;102635;1;1;8800.0000;1;11389.0000;None;123000.0000
3363;2023-03-11 14:24:25.797000;3;102644;1;1;6800.0000;1;11389.0000;None;123000.0000
3363;2023-03-11 14:24:25.797000;7;1207;1;1;0.0000;1;11389.0000;None;123000.0000
3363;2023-03-11 14:26:09.900000;1;101244;1;1;29800.0000;1;11389.0000;None;123000.0000
3363;2023-03-11 14:26:09.900000;1;108267;1;1;38800.0000;1;11389.0000;None;123000.0000
3363;2023-03-11 14:26:09.900000;1;103560;1;1;38800.0000;1;11389.0000;None;123000.0000
3363;2023-03-11 14:26:09.900000;7;1135;1;1;0.0000;1;11389.0000;None;123000.0000
3363;2023-03-11 14:51:38.827000;7;1303;1;1;0.0000;1;11389.0000;None;123000.0000
3364;2023-03-11 14:28:19.620000;1;103111;1;1;0.0000;1;None;13398.0000;289400.0000
3364;2023-03-11 14:35:06.903000;1;102222;1;1;3800.0000;1;None;13398.0000;289400.0000
3364;2023-03-11 14:36:01.800000;2;201615;1;1;14800.0000;1;None;13398.0000;289400.0000
3364;2023-03-11 14:36:01.800000;3;201146;1;1;6800.0000;1;None;13398.0000;289400.0000
3364;2023-03-11 14:36:01.800000;3;200004;1;1;9800.0000;1;None;13398.0000;289400.0000
3364;2023-03-11 14:36:01.800000;1;101270;1;1;0.0000;1;None;13398.0000;289400.0000
3364;2023-03-11 14:37:29.703000;1;103187;1;1;89800.0000;1;None;13398.0000;289400.0000
3364;2023-03-11 14:37:29.703000;7;1302;1;1;0.0000;1;None;13398.0000;289400.0000
3364;2023-03-11 14:37:29.703000;1;108235;1;1;0.0000;1;None;13398.0000;289400.0000
3364;2023-03-11 14:37:29.703000;1;103785;1;1;28800.0000;1;None;13398.0000;289400.0000
3364;2023-03-11 14:37:29.703000;6;101438;1;1;0.0000;1;None;13398.0000;289400.0000
3364;2023-03-11 14:37:29.703000;1;106352;1;1;74800.0000;1;None;13398.0000;289400.0000
3364;2023-03-11 14:37:29.703000;7;1002;1;1;0.0000;1;None;13398.0000;289400.0000
3364;2023-03-11 14:37:29.703000;7;1307;1;1;0.0000;1;None;13398.0000;289400.0000
3364;2023-03-11 14:37:29.703000;1;101519;1;1;0.0000;1;None;13398.0000;289400.0000
3364;2023-03-11 14:37:29.703000;7;1135;1;1;0.0000;1;None;13398.0000;289400.0000
3364;2023-03-11 14:56:10.350000;2;201615;1;1;14800.0000;1;None;13398.0000;289400.0000
3364;2023-03-11 15:13:44.737000;1;101118;1;1;10800.0000;1;None;13398.0000;289400.0000
3364;2023-03-11 15:13:44.737000;1;101088;1;1;3800.0000;1;None;13398.0000;289400.0000
3364;2023-03-11 15:13:44.737000;7;1216;1;1;0.0000;1;None;13398.0000;289400.0000
3364;2023-03-11 15:13:44.737000;1;105421;1;1;19800.0000;1;None;13398.0000;289400.0000
3364;2023-03-11 15:13:44.737000;3;100999;1;1;5800.0000;1;None;13398.0000;289400.0000
3364;2023-03-11 15:23:51.630000;3;100614;1;1;5800.0000;1;None;13398.0000;289400.0000
3365;2023-03-11 14:30:06.097000;1;103111;1;1;0.0000;1;8241.0000;None;89000.0000
3365;2023-03-11 14:30:06.097000;3;102747;1;2;9600.0000;1;8241.0000;None;89000.0000
3365;2023-03-11 14:30:06.097000;7;2006;1;2;0.0000;1;8241.0000;None;89000.0000
3365;2023-03-11 14:30:06.097000;7;2073;1;2;0.0000;1;8241.0000;None;89000.0000
3365;2023-03-11 14:39:30.470000;1;102222;1;1;3800.0000;1;8241.0000;None;89000.0000
3365;2023-03-11 14:40:34.237000;1;108207;1;1;37800.0000;1;8241.0000;None;89000.0000
3365;2023-03-11 14:40:34.237000;6;101438;1;1;0.0000;1;8241.0000;None;89000.0000
3365;2023-03-11 14:40:34.237000;1;109359;1;1;37800.0000;1;8241.0000;None;89000.0000
3365;2023-03-11 15:07:56.957000;7;1303;1;1;0.0000;1;8241.0000;None;89000.0000
3366;2023-03-11 14:53:42.937000;1;103111;1;1;0.0000;1;8444.0000;None;91200.0000
3366;2023-03-11 14:56:04.097000;3;200004;1;1;9800.0000;1;8444.0000;None;91200.0000
3366;2023-03-11 14:56:04.097000;7;2015;1;2;0.0000;1;8444.0000;None;91200.0000
3366;2023-03-11 14:56:04.097000;1;101270;1;1;0.0000;1;8444.0000;None;91200.0000
3366;2023-03-11 14:56:04.097000;2;108132;1;1;23800.0000;1;8444.0000;None;91200.0000
3366;2023-03-11 14:56:04.097000;2;108132;1;1;23800.0000;1;8444.0000;None;91200.0000
3366;2023-03-11 14:56:33.047000;1;103445;1;1;33800.0000;1;8444.0000;None;91200.0000
3366;2023-03-11 15:30:55.477000;7;1303;1;1;0.0000;1;8444.0000;None;91200.0000
3367;2023-03-11 15:05:16.647000;1;103111;1;1;0.0000;1;7815.0000;None;84400.0000
3367;2023-03-11 15:10:57.547000;3;200004;1;1;9800.0000;1;7815.0000;None;84400.0000
3367;2023-03-11 15:10:57.547000;1;101270;1;1;0.0000;1;7815.0000;None;84400.0000
3367;2023-03-11 15:11:14.097000;1;103788;1;1;39800.0000;1;7815.0000;None;84400.0000
3367;2023-03-11 15:11:14.097000;6;101438;1;1;0.0000;1;7815.0000;None;84400.0000
3367;2023-03-11 15:11:35.680000;1;103434;1;1;34800.0000;1;7815.0000;None;84400.0000
3367;2023-03-11 15:11:35.680000;7;1135;1;1;0.0000;1;7815.0000;None;84400.0000
3367;2023-03-11 15:31:04.400000;7;1303;1;1;0.0000;1;7815.0000;None;84400.0000
3368;2023-03-11 15:17:54.140000;1;103111;1;1;0.0000;1;3667.0000;None;39600.0000
3368;2023-03-11 15:21:21.973000;1;103784;1;1;29800.0000;1;3667.0000;None;39600.0000
3368;2023-03-11 15:21:21.973000;6;101624;1;1;0.0000;1;3667.0000;None;39600.0000
3368;2023-03-11 15:40:34.143000;3;200004;1;1;9800.0000;1;3667.0000;None;39600.0000
3368;2023-03-11 15:40:34.143000;1;101270;1;1;0.0000;1;3667.0000;None;39600.0000
3368;2023-03-11 15:56:25.837000;7;1303;1;1;0.0000;1;3667.0000;None;39600.0000
3369;2023-03-11 15:31:54.627000;1;103111;1;1;0.0000;1;26204.0000;None;283000.0000
3369;2023-03-11 15:31:54.627000;2;200480;1;1;12800.0000;1;26204.0000;None;283000.0000
3369;2023-03-11 15:31:54.627000;2;200480;1;1;12800.0000;1;26204.0000;None;283000.0000
3369;2023-03-11 15:31:54.627000;3;201146;1;1;6800.0000;1;26204.0000;None;283000.0000
3369;2023-03-11 15:31:54.627000;3;201146;1;1;6800.0000;1;26204.0000;None;283000.0000
3369;2023-03-11 15:31:54.627000;7;2050;1;1;0.0000;1;26204.0000;None;283000.0000
3369;2023-03-11 15:38:08.757000;1;101665;1;1;39800.0000;1;26204.0000;None;283000.0000
3369;2023-03-11 15:38:08.757000;1;101433;1;1;0.0000;1;26204.0000;None;283000.0000
3369;2023-03-11 15:38:08.757000;1;101092;1;1;55800.0000;1;26204.0000;None;283000.0000
3369;2023-03-11 15:38:08.757000;7;1006;1;1;0.0000;1;26204.0000;None;283000.0000
3369;2023-03-11 15:38:08.757000;7;1306;2;1;0.0000;1;26204.0000;None;283000.0000
3369;2023-03-11 15:38:08.757000;1;103788;1;1;39800.0000;1;26204.0000;None;283000.0000
3369;2023-03-11 15:38:08.757000;6;101624;1;1;0.0000;1;26204.0000;None;283000.0000
3369;2023-03-11 15:38:08.757000;1;102873;1;1;42800.0000;1;26204.0000;None;283000.0000
3369;2023-03-11 15:38:08.757000;6;101535;1;1;0.0000;1;26204.0000;None;283000.0000
3369;2023-03-11 15:52:34.470000;3;201211;1;1;6800.0000;1;26204.0000;None;283000.0000
3369;2023-03-11 16:19:25.227000;3;100614;1;3;17400.0000;1;26204.0000;None;283000.0000
3369;2023-03-11 16:19:25.227000;3;104554;1;1;4800.0000;1;26204.0000;None;283000.0000
3369;2023-03-11 16:19:25.227000;1;109422;1;1;16800.0000;1;26204.0000;None;283000.0000
3369;2023-03-11 16:23:20.967000;1;105421;1;1;19800.0000;1;26204.0000;None;283000.0000
3369;2023-03-11 16:42:29.467000;7;1303;1;1;0.0000;1;26204.0000;None;283000.0000
3371;2023-03-11 15:59:06.473000;1;103111;1;1;0.0000;1;2741.0000;None;29600.0000
3371;2023-03-11 15:59:48.703000;1;103372;1;1;14800.0000;1;2741.0000;None;29600.0000
3371;2023-03-11 15:59:48.703000;1;103372;1;1;14800.0000;1;2741.0000;None;29600.0000
3371;2023-03-11 16:20:01.747000;7;1303;1;1;0.0000;1;2741.0000;None;29600.0000
3372;2023-03-11 16:03:44.923000;1;103111;1;1;0.0000;1;16315.0000;None;176200.0000
3372;2023-03-11 16:12:42.600000;1;103187;1;1;89800.0000;1;16315.0000;None;176200.0000
3372;2023-03-11 16:12:42.600000;7;1006;1;1;0.0000;1;16315.0000;None;176200.0000
3372;2023-03-11 16:12:42.600000;1;108234;1;1;0.0000;1;16315.0000;None;176200.0000
3372;2023-03-11 16:12:42.600000;1;103703;1;1;47800.0000;1;16315.0000;None;176200.0000
3372;2023-03-11 16:12:42.600000;1;108236;1;1;0.0000;1;16315.0000;None;176200.0000
3372;2023-03-11 16:12:42.600000;2;108132;1;1;23800.0000;1;16315.0000;None;176200.0000
3372;2023-03-11 16:12:42.600000;2;201615;1;1;14800.0000;1;16315.0000;None;176200.0000
3372;2023-03-11 16:50:23.687000;7;1303;1;1;0.0000;1;16315.0000;None;176200.0000
3373;2023-03-11 16:16:04.253000;1;103111;1;1;0.0000;1;25574.0000;None;276200.0000
3373;2023-03-11 16:16:21.120000;3;102635;1;1;8800.0000;1;25574.0000;None;276200.0000
3373;2023-03-11 16:16:21.120000;3;201237;1;1;6800.0000;1;25574.0000;None;276200.0000
3373;2023-03-11 16:25:00.270000;1;108669;1;1;79800.0000;1;25574.0000;None;276200.0000
3373;2023-03-11 16:25:00.270000;7;1001;1;1;0.0000;1;25574.0000;None;276200.0000
3373;2023-03-11 16:25:00.270000;1;103187;1;1;89800.0000;1;25574.0000;None;276200.0000
3373;2023-03-11 16:25:00.270000;7;1302;1;1;0.0000;1;25574.0000;None;276200.0000
3373;2023-03-11 16:25:00.270000;1;101552;1;1;0.0000;1;25574.0000;None;276200.0000
3373;2023-03-11 16:25:00.270000;1;103515;1;1;44800.0000;1;25574.0000;None;276200.0000
3373;2023-03-11 16:25:00.270000;7;1135;1;1;0.0000;1;25574.0000;None;276200.0000
3373;2023-03-11 16:25:00.270000;7;1045;1;1;0.0000;1;25574.0000;None;276200.0000
3373;2023-03-11 16:41:37.663000;7;1220;1;1;0.0000;1;25574.0000;None;276200.0000
3373;2023-03-11 16:56:21.503000;3;102635;1;1;8800.0000;1;25574.0000;None;276200.0000
3373;2023-03-11 16:56:21.503000;3;100614;1;1;5800.0000;1;25574.0000;None;276200.0000
3373;2023-03-11 16:56:21.503000;7;1207;1;1;0.0000;1;25574.0000;None;276200.0000
3373;2023-03-11 16:56:21.503000;1;101891;1;1;16800.0000;1;25574.0000;None;276200.0000
3373;2023-03-11 16:56:21.503000;1;103372;1;1;14800.0000;1;25574.0000;None;276200.0000
3374;2023-03-11 16:20:19.090000;1;103111;1;1;0.0000;1;4000.0000;None;43200.0000
3374;2023-03-11 16:23:46.317000;1;101891;1;1;16800.0000;1;4000.0000;None;43200.0000
3374;2023-03-11 16:23:46.317000;1;102708;1;1;16800.0000;1;4000.0000;None;43200.0000
3374;2023-03-11 16:23:46.317000;3;104554;1;2;9600.0000;1;4000.0000;None;43200.0000
3375;2023-03-11 16:40:17.463000;1;103111;1;1;0.0000;1;16185.0000;None;174800.0000
3375;2023-03-11 16:42:08.147000;2;201615;1;1;14800.0000;1;16185.0000;None;174800.0000
3375;2023-03-11 16:42:08.147000;2;201187;1;1;10800.0000;1;16185.0000;None;174800.0000
3375;2023-03-11 16:42:08.147000;2;200480;1;1;12800.0000;1;16185.0000;None;174800.0000
3375;2023-03-11 16:42:08.147000;3;108191;1;1;0.0000;1;16185.0000;None;174800.0000
3375;2023-03-11 16:42:08.147000;3;102747;1;1;4800.0000;1;16185.0000;None;174800.0000
3375;2023-03-11 16:45:46.403000;1;103434;1;1;34800.0000;1;16185.0000;None;174800.0000
3375;2023-03-11 16:45:46.403000;1;106579;1;1;39800.0000;1;16185.0000;None;174800.0000
3375;2023-03-11 17:02:23.547000;2;200480;1;1;12800.0000;1;16185.0000;None;174800.0000
3375;2023-03-11 17:24:10.463000;1;104004;1;1;15800.0000;1;16185.0000;None;174800.0000
3375;2023-03-11 17:24:10.463000;1;101891;1;1;16800.0000;1;16185.0000;None;174800.0000
3375;2023-03-11 17:24:10.463000;3;201146;1;1;6800.0000;1;16185.0000;None;174800.0000
3375;2023-03-11 17:44:32.937000;3;104554;1;1;4800.0000;1;16185.0000;None;174800.0000
3375;2023-03-11 17:45:23.873000;7;1000;1;1;0.0000;1;16185.0000;None;174800.0000
3375;2023-03-11 17:47:09.167000;7;1000;1;1;0.0000;1;16185.0000;None;174800.0000
3375;2023-03-11 17:55:54.510000;7;1303;1;1;0.0000;1;16185.0000;None;174800.0000
3376;2023-03-11 16:54:02.387000;1;101891;1;1;16800.0000;1;2093.0000;None;22600.0000
3376;2023-03-11 16:54:02.387000;3;100596;1;1;5800.0000;1;2093.0000;None;22600.0000
3377;2023-03-11 17:23:40.977000;3;100606;1;1;6800.0000;1;4019.0000;None;43400.0000
3377;2023-03-11 17:35:39.727000;1;103449;1;1;29800.0000;1;4019.0000;None;43400.0000
3377;2023-03-11 17:35:39.727000;3;201146;1;1;6800.0000;1;4019.0000;None;43400.0000
3377;2023-03-11 17:41:01.213000;1;103111;1;-8;0.0000;1;4019.0000;None;43400.0000
3377;2023-03-11 17:41:01.213000;1;103111;1;1;0.0000;1;4019.0000;None;43400.0000
3377;2023-03-11 18:13:52.967000;7;1303;1;1;0.0000;1;4019.0000;None;43400.0000
3378;2023-03-11 17:39:31.103000;1;103599;1;1;69800.0000;1;8833.0000;None;95400.0000
3378;2023-03-11 17:39:31.103000;7;1307;1;1;0.0000;1;8833.0000;None;95400.0000
3378;2023-03-11 17:39:31.103000;1;101433;1;1;0.0000;1;8833.0000;None;95400.0000
3378;2023-03-11 17:39:31.103000;7;1135;1;1;0.0000;1;8833.0000;None;95400.0000
3378;2023-03-11 17:45:55.243000;7;1000;1;1;0.0000;1;8833.0000;None;95400.0000
3378;2023-03-11 18:09:31.017000;3;200006;1;1;9800.0000;1;8833.0000;None;95400.0000
3378;2023-03-11 18:15:57.153000;1;104004;1;1;15800.0000;1;8833.0000;None;95400.0000
3379;2023-03-11 17:51:40.393000;1;103111;1;1;0.0000;1;14148.0000;None;152800.0000
3379;2023-03-11 17:51:40.393000;3;102635;1;1;8800.0000;1;14148.0000;None;152800.0000
3379;2023-03-11 17:51:40.393000;7;2094;1;1;0.0000;1;14148.0000;None;152800.0000
3379;2023-03-11 17:51:40.393000;3;201146;1;1;6800.0000;1;14148.0000;None;152800.0000
3379;2023-03-11 17:51:40.393000;1;101270;1;1;0.0000;1;14148.0000;None;152800.0000
3379;2023-03-11 17:51:40.393000;2;101878;1;1;29800.0000;1;14148.0000;None;152800.0000
3379;2023-03-11 17:51:40.393000;2;101878;1;1;29800.0000;1;14148.0000;None;152800.0000
3379;2023-03-11 17:51:52.543000;1;103421;1;1;42800.0000;1;14148.0000;None;152800.0000
3379;2023-03-11 18:07:53.910000;1;103452;1;1;34800.0000;1;14148.0000;None;152800.0000
3380;2023-03-11 17:52:48.263000;1;103111;1;1;0.0000;1;12000.0000;None;129600.0000
3380;2023-03-11 18:00:22.823000;3;201211;1;3;20400.0000;1;12000.0000;None;129600.0000
3380;2023-03-11 18:00:22.823000;1;101122;1;1;37800.0000;1;12000.0000;None;129600.0000
3380;2023-03-11 18:00:22.823000;1;101122;1;1;37800.0000;1;12000.0000;None;129600.0000
3380;2023-03-11 18:00:22.823000;1;103784;1;1;29800.0000;1;12000.0000;None;129600.0000
3380;2023-03-11 18:12:20.357000;1;102222;1;1;3800.0000;1;12000.0000;None;129600.0000
3380;2023-03-11 18:27:52.737000;7;1303;1;1;0.0000;1;12000.0000;None;129600.0000
3381;2023-03-11 18:14:37.680000;1;103111;1;1;0.0000;1;7519.0000;None;81200.0000
3381;2023-03-11 18:24:12.250000;3;102644;1;1;6800.0000;1;7519.0000;None;81200.0000
3381;2023-03-11 18:24:12.250000;3;102748;1;1;15800.0000;1;7519.0000;None;81200.0000
3381;2023-03-11 18:24:12.250000;1;105018;1;1;41800.0000;1;7519.0000;None;81200.0000
3381;2023-03-11 18:56:06.670000;1;102708;1;1;16800.0000;1;7519.0000;None;81200.0000
3381;2023-03-11 19:20:39.697000;7;1303;1;1;0.0000;1;7519.0000;None;81200.0000
3382;2023-03-11 18:17:04.303000;1;103111;1;1;0.0000;1;8907.0000;None;96200.0000
3382;2023-03-11 18:30:05.547000;2;107957;1;1;22800.0000;1;8907.0000;None;96200.0000
3382;2023-03-11 18:30:05.547000;2;107957;1;1;22800.0000;1;8907.0000;None;96200.0000
3382;2023-03-11 18:37:29.790000;1;108451;1;1;17800.0000;1;8907.0000;None;96200.0000
3382;2023-03-11 18:37:29.790000;7;1135;1;1;0.0000;1;8907.0000;None;96200.0000
3382;2023-03-11 18:37:29.790000;1;103104;1;1;32800.0000;1;8907.0000;None;96200.0000
3382;2023-03-11 18:37:29.790000;1;101519;1;1;0.0000;1;8907.0000;None;96200.0000
3382;2023-03-11 18:37:29.790000;7;1306;1;1;0.0000;1;8907.0000;None;96200.0000
3382;2023-03-11 19:33:44.197000;7;1303;1;1;0.0000;1;8907.0000;None;96200.0000
3383;2023-03-11 18:41:31.350000;1;103763;1;1;14800.0000;1;11620.0000;None;125500.0000
3383;2023-03-11 18:41:50.733000;2;109585;1;1;30800.0000;1;11620.0000;None;125500.0000
3383;2023-03-11 18:41:50.733000;2;101728;1;1;33800.0000;1;11620.0000;None;125500.0000
3383;2023-03-11 18:47:21.980000;1;105251;1;1;15900.0000;1;11620.0000;None;125500.0000
3383;2023-03-11 18:47:21.980000;1;104818;1;1;21400.0000;1;11620.0000;None;125500.0000
3383;2023-03-11 18:47:21.980000;7;1045;1;1;0.0000;1;11620.0000;None;125500.0000
3383;2023-03-11 18:57:41.313000;7;1220;1;1;0.0000;1;11620.0000;None;125500.0000
3383;2023-03-11 19:27:35.097000;3;102635;1;1;8800.0000;1;11620.0000;None;125500.0000
3383;2023-03-11 19:58:57.023000;7;1303;1;1;0.0000;1;11620.0000;None;125500.0000
3384;2023-03-11 18:38:08.183000;1;103111;1;1;0.0000;1;16333.0000;None;176400.0000
3384;2023-03-11 18:51:24.267000;2;201615;1;1;14800.0000;1;16333.0000;None;176400.0000
3384;2023-03-11 18:51:24.267000;2;201615;1;1;14800.0000;1;16333.0000;None;176400.0000
3384;2023-03-11 18:51:24.267000;3;201211;1;1;6800.0000;1;16333.0000;None;176400.0000
3384;2023-03-11 18:52:17.140000;1;103563;1;1;28800.0000;1;16333.0000;None;176400.0000
3384;2023-03-11 18:52:17.140000;1;103134;1;1;31800.0000;1;16333.0000;None;176400.0000
3384;2023-03-11 18:52:17.140000;6;101525;1;1;0.0000;1;16333.0000;None;176400.0000
3384;2023-03-11 18:52:17.140000;1;103515;1;1;44800.0000;1;16333.0000;None;176400.0000
3384;2023-03-11 18:52:17.140000;7;1135;1;1;0.0000;1;16333.0000;None;176400.0000
3384;2023-03-11 18:52:17.140000;1;103449;1;1;29800.0000;1;16333.0000;None;176400.0000
3384;2023-03-11 18:52:47.440000;3;201211;1;-1;-6800.0000;1;16333.0000;None;176400.0000
3384;2023-03-11 18:53:15.213000;3;102749;1;1;5800.0000;1;16333.0000;None;176400.0000
3384;2023-03-11 18:53:15.213000;3;102749;1;1;5800.0000;1;16333.0000;None;176400.0000
3384;2023-03-11 19:29:02.390000;7;1303;1;1;0.0000;1;16333.0000;None;176400.0000
3385;2023-03-11 18:55:02.853000;1;103111;1;1;0.0000;1;15167.0000;None;163800.0000
3385;2023-03-11 19:02:12.240000;1;103107;1;1;26800.0000;1;15167.0000;None;163800.0000
3385;2023-03-11 19:06:20.003000;3;201146;1;1;6800.0000;1;15167.0000;None;163800.0000
3385;2023-03-11 19:06:20.003000;3;104554;1;1;4800.0000;1;15167.0000;None;163800.0000
3385;2023-03-11 19:06:55.540000;1;103567;1;1;31800.0000;1;15167.0000;None;163800.0000
3385;2023-03-11 19:06:55.540000;1;103187;1;1;89800.0000;1;15167.0000;None;163800.0000
3385;2023-03-11 19:06:55.540000;7;1302;1;1;0.0000;1;15167.0000;None;163800.0000
3385;2023-03-11 19:06:55.540000;1;104837;1;1;0.0000;1;15167.0000;None;163800.0000
3385;2023-03-11 19:06:55.540000;7;1135;1;1;0.0000;1;15167.0000;None;163800.0000
3385;2023-03-11 19:12:47.610000;1;102222;1;1;3800.0000;1;15167.0000;None;163800.0000
3385;2023-03-11 19:46:04.947000;7;1303;1;1;0.0000;1;15167.0000;None;163800.0000
3386;2023-03-11 18:56:45.230000;1;103111;1;1;0.0000;1;5019.0000;None;54200.0000
3386;2023-03-11 18:59:04.887000;1;103471;1;1;34800.0000;1;5019.0000;None;54200.0000
3386;2023-03-11 18:59:04.887000;1;102239;1;1;5800.0000;1;5019.0000;None;54200.0000
3386;2023-03-11 18:59:04.887000;3;201206;1;1;6800.0000;1;5019.0000;None;54200.0000
3386;2023-03-11 18:59:04.887000;3;201211;1;1;6800.0000;1;5019.0000;None;54200.0000
3386;2023-03-11 19:44:17.263000;7;1303;1;1;0.0000;1;5019.0000;None;54200.0000
3387;2023-03-11 18:56:59.113000;1;103111;1;1;0.0000;1;6037.0000;None;65200.0000
3387;2023-03-11 19:01:41.130000;3;201211;1;1;6800.0000;1;6037.0000;None;65200.0000
3387;2023-03-11 19:01:41.130000;3;201211;1;1;6800.0000;1;6037.0000;None;65200.0000
3387;2023-03-11 19:01:41.130000;1;103434;1;1;34800.0000;1;6037.0000;None;65200.0000
3387;2023-03-11 19:33:18.723000;1;102885;1;1;16800.0000;1;6037.0000;None;65200.0000
3387;2023-03-11 20:10:00.367000;7;1303;1;1;0.0000;1;6037.0000;None;65200.0000
3388;2023-03-11 18:57:47.737000;1;103111;1;1;0.0000;1;14500.0000;None;156600.0000
3388;2023-03-11 18:58:28.903000;3;200004;1;1;9800.0000;1;14500.0000;None;156600.0000
3388;2023-03-11 18:58:28.903000;1;101270;1;1;0.0000;1;14500.0000;None;156600.0000
3388;2023-03-11 18:58:28.903000;3;201269;1;1;6800.0000;1;14500.0000;None;156600.0000
3388;2023-03-11 18:58:28.903000;3;108191;1;1;0.0000;1;14500.0000;None;156600.0000
3388;2023-03-11 18:58:28.903000;2;200480;1;1;12800.0000;1;14500.0000;None;156600.0000
3388;2023-03-11 18:58:28.903000;7;1207;1;1;0.0000;1;14500.0000;None;156600.0000
3388;2023-03-11 18:58:35.793000;1;101269;1;1;42800.0000;1;14500.0000;None;156600.0000
3388;2023-03-11 19:09:22.820000;1;104009;1;1;26800.0000;1;14500.0000;None;156600.0000
3388;2023-03-11 19:09:22.820000;1;103786;1;1;41800.0000;1;14500.0000;None;156600.0000
3388;2023-03-11 19:09:22.820000;6;107346;1;1;0.0000;1;14500.0000;None;156600.0000
3388;2023-03-11 19:09:22.820000;7;1045;1;1;0.0000;1;14500.0000;None;156600.0000
3388;2023-03-11 19:18:31.447000;7;1220;1;1;0.0000;1;14500.0000;None;156600.0000
3388;2023-03-11 19:58:28.310000;1;104004;1;1;15800.0000;1;14500.0000;None;156600.0000
3388;2023-03-11 19:58:28.310000;7;1135;1;1;0.0000;1;14500.0000;None;156600.0000
3389;2023-03-11 19:04:27.487000;1;103111;1;1;0.0000;1;30926.0000;None;334000.0000
3389;2023-03-11 19:11:23.250000;3;102748;1;1;15800.0000;1;30926.0000;None;334000.0000
3389;2023-03-11 19:11:23.250000;3;102635;1;1;8800.0000;1;30926.0000;None;334000.0000
3389;2023-03-11 19:11:23.250000;7;2065;1;1;0.0000;1;30926.0000;None;334000.0000
3389;2023-03-11 19:11:23.250000;3;201269;1;1;6800.0000;1;30926.0000;None;334000.0000
3389;2023-03-11 19:11:23.250000;1;101270;1;1;0.0000;1;30926.0000;None;334000.0000
3389;2023-03-11 19:11:23.250000;1;108669;1;1;79800.0000;1;30926.0000;None;334000.0000
3389;2023-03-11 19:11:42.700000;1;103381;1;1;58800.0000;1;30926.0000;None;334000.0000
3389;2023-03-11 19:28:32.783000;1;102753;1;1;67800.0000;1;30926.0000;None;334000.0000
3389;2023-03-11 19:28:32.783000;6;101470;1;1;0.0000;1;30926.0000;None;334000.0000
3389;2023-03-11 19:28:32.783000;1;103791;1;1;39800.0000;1;30926.0000;None;334000.0000
3389;2023-03-11 19:28:32.783000;6;101470;1;1;0.0000;1;30926.0000;None;334000.0000
3389;2023-03-11 19:28:32.783000;1;103467;1;1;31800.0000;1;30926.0000;None;334000.0000
3389;2023-03-11 19:48:30.203000;3;102635;1;1;8800.0000;1;30926.0000;None;334000.0000
3389;2023-03-11 19:48:30.203000;3;102748;1;1;15800.0000;1;30926.0000;None;334000.0000
3390;2023-03-11 19:07:07.097000;1;103111;1;1;0.0000;1;10222.0000;None;110400.0000
3390;2023-03-11 19:17:13.787000;2;201187;1;1;10800.0000;1;10222.0000;None;110400.0000
3390;2023-03-11 19:17:59.493000;1;103434;1;1;34800.0000;1;10222.0000;None;110400.0000
3390;2023-03-11 19:17:59.493000;1;103555;1;1;64800.0000;1;10222.0000;None;110400.0000
3390;2023-03-11 20:06:53.630000;7;1303;1;1;0.0000;1;10222.0000;None;110400.0000
3391;2023-03-11 19:25:06.803000;1;103111;1;1;0.0000;1;59556.0000;None;643200.0000
3391;2023-03-11 19:25:06.803000;1;103111;1;1;0.0000;1;59556.0000;None;643200.0000
3391;2023-03-11 19:33:28.533000;1;102222;1;1;3800.0000;1;59556.0000;None;643200.0000
3391;2023-03-11 19:40:17.720000;1;103902;1;1;89800.0000;1;59556.0000;None;643200.0000
3391;2023-03-11 19:40:17.720000;7;1006;1;1;0.0000;1;59556.0000;None;643200.0000
3391;2023-03-11 19:40:17.720000;1;101552;1;1;0.0000;1;59556.0000;None;643200.0000
3391;2023-03-11 19:40:17.720000;1;103902;1;1;89800.0000;1;59556.0000;None;643200.0000
3391;2023-03-11 19:40:17.720000;7;1006;1;1;0.0000;1;59556.0000;None;643200.0000
3391;2023-03-11 19:40:17.720000;1;101519;1;1;0.0000;1;59556.0000;None;643200.0000
3391;2023-03-11 19:40:17.720000;1;106353;1;1;79800.0000;1;59556.0000;None;643200.0000
3391;2023-03-11 19:40:17.720000;7;1306;1;1;0.0000;1;59556.0000;None;643200.0000
3391;2023-03-11 19:40:17.720000;7;1006;1;1;0.0000;1;59556.0000;None;643200.0000
3391;2023-03-11 19:40:17.720000;1;101552;1;1;0.0000;1;59556.0000;None;643200.0000
3391;2023-03-11 19:40:17.720000;1;103600;1;1;69800.0000;1;59556.0000;None;643200.0000
3391;2023-03-11 19:40:17.720000;7;1006;1;1;0.0000;1;59556.0000;None;643200.0000
3391;2023-03-11 19:40:17.720000;1;101552;1;1;0.0000;1;59556.0000;None;643200.0000
3391;2023-03-11 19:40:17.720000;1;103560;1;1;38800.0000;1;59556.0000;None;643200.0000
3391;2023-03-11 19:40:17.720000;1;103559;1;1;46800.0000;1;59556.0000;None;643200.0000
3391;2023-03-11 19:40:17.720000;1;108454;1;1;28800.0000;1;59556.0000;None;643200.0000
3391;2023-03-11 19:40:17.720000;1;103423;1;1;38800.0000;1;59556.0000;None;643200.0000
3391;2023-03-11 19:42:33.080000;3;201146;1;1;6800.0000;1;59556.0000;None;643200.0000
3391;2023-03-11 19:42:33.080000;3;200004;1;1;9800.0000;1;59556.0000;None;643200.0000
3391;2023-03-11 19:42:33.080000;1;101270;1;1;0.0000;1;59556.0000;None;643200.0000
3391;2023-03-11 19:42:33.080000;3;104446;1;1;5800.0000;1;59556.0000;None;643200.0000
3391;2023-03-11 19:42:33.080000;2;201187;1;5;54000.0000;1;59556.0000;None;643200.0000
3391;2023-03-11 20:05:48.480000;2;201187;1;1;10800.0000;1;59556.0000;None;643200.0000
3391;2023-03-11 20:14:46;3;104446;1;3;17400.0000;1;59556.0000;None;643200.0000
3391;2023-03-11 20:20:55.530000;2;201187;1;3;32400.0000;1;59556.0000;None;643200.0000
3391;2023-03-11 20:21:17.613000;3;104446;1;-3;-17400.0000;1;59556.0000;None;643200.0000
3391;2023-03-11 20:21:17.613000;3;104446;1;1;5800.0000;1;59556.0000;None;643200.0000
3391;2023-03-11 20:29:57.483000;1;102708;1;1;16800.0000;1;59556.0000;None;643200.0000
3391;2023-03-11 20:45:50.800000;1;103120;1;1;14800.0000;1;59556.0000;None;643200.0000
3391;2023-03-11 20:56:45.733000;7;1303;1;1;0.0000;1;59556.0000;None;643200.0000
3392;2023-03-11 19:44:07.127000;1;103111;1;1;0.0000;1;9759.0000;None;105400.0000
3392;2023-03-11 19:45:43.973000;2;101746;1;1;30800.0000;1;9759.0000;None;105400.0000
3392;2023-03-11 19:45:43.973000;1;103773;1;1;14800.0000;1;9759.0000;None;105400.0000
3392;2023-03-11 19:54:30.483000;1;102056;1;1;59800.0000;1;9759.0000;None;105400.0000
3392;2023-03-11 20:26:40.280000;7;1303;1;1;0.0000;1;9759.0000;None;105400.0000
3393;2023-03-11 19:49:47.110000;1;103111;1;1;0.0000;1;18833.0000;None;203400.0000
3393;2023-03-11 19:57:16;2;108839;1;1;39800.0000;1;18833.0000;None;203400.0000
3393;2023-03-11 19:57:16;3;200004;1;1;9800.0000;1;18833.0000;None;203400.0000
3393;2023-03-11 19:57:16;1;101270;1;1;0.0000;1;18833.0000;None;203400.0000
3393;2023-03-11 19:57:44.800000;None;109614;None;1;45800.0000;1;18833.0000;None;203400.0000
3393;2023-03-11 19:57:44.800000;1;102961;1;1;22800.0000;1;18833.0000;None;203400.0000
3393;2023-03-11 19:57:44.800000;1;101284;1;1;29800.0000;1;18833.0000;None;203400.0000
3393;2023-03-11 20:46:09.933000;1;102069;1;1;35800.0000;1;18833.0000;None;203400.0000
3393;2023-03-11 20:48:01.770000;1;103372;1;1;14800.0000;1;18833.0000;None;203400.0000
3393;2023-03-11 20:48:01.770000;7;1135;1;1;0.0000;1;18833.0000;None;203400.0000
3393;2023-03-11 20:48:01.770000;7;1045;1;1;0.0000;1;18833.0000;None;203400.0000
3393;2023-03-11 20:49:24.813000;3;104554;1;1;4800.0000;1;18833.0000;None;203400.0000
3393;2023-03-11 21:32:58.427000;7;1303;1;1;0.0000;1;18833.0000;None;203400.0000
3394;2023-03-11 19:51:09.010000;1;103111;1;1;0.0000;1;5204.0000;None;56200.0000
3394;2023-03-11 19:52:08.623000;3;201269;1;2;13600.0000;1;5204.0000;None;56200.0000
3394;2023-03-11 19:52:08.623000;7;1207;1;1;0.0000;1;5204.0000;None;56200.0000
3394;2023-03-11 19:56:55.120000;1;104804;1;1;21900.0000;1;5204.0000;None;56200.0000
3394;2023-03-11 19:56:55.120000;1;104814;1;1;14900.0000;1;5204.0000;None;56200.0000
3394;2023-03-11 20:30:46.667000;3;100596;1;1;5800.0000;1;5204.0000;None;56200.0000
3395;2023-03-11 20:01:13.713000;1;103111;1;1;0.0000;1;13537.0000;None;146200.0000
3395;2023-03-11 20:11:26.833000;2;101746;1;1;30800.0000;1;13537.0000;None;146200.0000
3395;2023-03-11 20:11:26.833000;2;101746;1;1;30800.0000;1;13537.0000;None;146200.0000
3395;2023-03-11 20:11:26.833000;1;103567;1;1;31800.0000;1;13537.0000;None;146200.0000
3395;2023-03-11 20:11:26.833000;1;108266;1;1;52800.0000;1;13537.0000;None;146200.0000
3395;2023-03-11 20:11:26.833000;6;101535;1;1;0.0000;1;13537.0000;None;146200.0000
3395;2023-03-11 21:26:04.563000;7;1303;1;1;0.0000;1;13537.0000;None;146200.0000
3396;2023-03-11 20:06:01.890000;1;103111;1;1;0.0000;1;12556.0000;None;135600.0000
3396;2023-03-11 20:17:37.913000;3;201211;1;3;20400.0000;1;12556.0000;None;135600.0000
3396;2023-03-11 20:17:37.913000;1;108550;1;1;45800.0000;1;12556.0000;None;135600.0000
3396;2023-03-11 20:17:37.913000;1;103452;1;1;34800.0000;1;12556.0000;None;135600.0000
3396;2023-03-11 20:17:37.913000;1;109363;1;1;28800.0000;1;12556.0000;None;135600.0000
3396;2023-03-11 20:31:42.070000;3;104446;1;1;5800.0000;1;12556.0000;None;135600.0000
3396;2023-03-11 21:15:33.263000;7;1303;1;1;0.0000;1;12556.0000;None;135600.0000
3397;2023-03-11 20:15:10.417000;1;103111;1;1;0.0000;1;26667.0000;None;288000.0000
3397;2023-03-11 20:20:20.347000;2;101712;1;1;55800.0000;1;26667.0000;None;288000.0000
3397;2023-03-11 20:20:20.347000;2;101712;1;1;55800.0000;1;26667.0000;None;288000.0000
3397;2023-03-11 20:23:02.990000;1;102222;1;1;3800.0000;1;26667.0000;None;288000.0000
3397;2023-03-11 20:24:55.007000;3;200004;1;1;9800.0000;1;26667.0000;None;288000.0000
3397;2023-03-11 20:24:55.007000;1;101270;1;1;0.0000;1;26667.0000;None;288000.0000
3397;2023-03-11 20:39:56.033000;1;109196;1;1;69800.0000;1;26667.0000;None;288000.0000
3397;2023-03-11 20:39:56.033000;1;109203;1;1;38800.0000;1;26667.0000;None;288000.0000
3397;2023-03-11 20:39:56.033000;1;102069;1;1;35800.0000;1;26667.0000;None;288000.0000
3397;2023-03-11 20:39:56.033000;1;101630;1;1;1800.0000;1;26667.0000;None;288000.0000
3397;2023-03-11 20:39:56.033000;7;1135;1;1;0.0000;1;26667.0000;None;288000.0000
3397;2023-03-11 20:54:20.383000;6;105095;1;1;0.0000;1;26667.0000;None;288000.0000
3397;2023-03-11 20:57:09.057000;3;200004;1;1;9800.0000;1;26667.0000;None;288000.0000
3397;2023-03-11 20:57:09.057000;1;101270;1;1;0.0000;1;26667.0000;None;288000.0000
3397;2023-03-11 20:58:40.270000;3;201206;1;1;6800.0000;1;26667.0000;None;288000.0000
3398;2023-03-11 20:21:06.390000;1;103111;1;1;0.0000;1;16556.0000;None;178800.0000
3398;2023-03-11 20:32:32.920000;1;103419;1;1;51800.0000;1;16556.0000;None;178800.0000
3398;2023-03-11 20:32:54.347000;2;105805;1;1;32800.0000;1;16556.0000;None;178800.0000
3398;2023-03-11 20:32:54.347000;3;200004;1;1;9800.0000;1;16556.0000;None;178800.0000
3398;2023-03-11 20:32:54.393000;1;101270;1;1;0.0000;1;16556.0000;None;178800.0000
3398;2023-03-11 21:09:43.407000;1;103791;1;1;39800.0000;1;16556.0000;None;178800.0000
3398;2023-03-11 21:09:43.407000;6;101470;1;1;0.0000;1;16556.0000;None;178800.0000
3398;2023-03-11 21:09:43.407000;1;109359;1;1;37800.0000;1;16556.0000;None;178800.0000
3398;2023-03-11 21:10:15.637000;3;201211;1;1;6800.0000;1;16556.0000;None;178800.0000
3398;2023-03-11 21:40:05.597000;7;1303;1;1;0.0000;1;16556.0000;None;178800.0000
3399;2023-03-11 20:22:50.493000;1;103111;1;1;0.0000;1;19870.0000;None;214600.0000
3399;2023-03-11 20:24:41.663000;3;201146;1;2;13600.0000;1;19870.0000;None;214600.0000
3399;2023-03-11 20:29:43.750000;2;101746;1;1;30800.0000;1;19870.0000;None;214600.0000
3399;2023-03-11 20:29:43.750000;2;101746;1;1;30800.0000;1;19870.0000;None;214600.0000
3399;2023-03-11 20:29:43.750000;1;102753;1;1;67800.0000;1;19870.0000;None;214600.0000
3399;2023-03-11 20:29:43.750000;6;101470;1;1;0.0000;1;19870.0000;None;214600.0000
3399;2023-03-11 20:29:43.750000;1;101203;1;1;51800.0000;1;19870.0000;None;214600.0000
3399;2023-03-11 21:05:13.097000;1;101308;1;1;19800.0000;1;19870.0000;None;214600.0000
3399;2023-03-11 21:16:10.987000;7;1303;1;1;0.0000;1;19870.0000;None;214600.0000
3400;2023-03-11 21:05:01.853000;1;103111;1;1;0.0000;1;6241.0000;None;67400.0000
3400;2023-03-11 21:23:26.520000;1;102346;1;1;33800.0000;1;6241.0000;None;67400.0000
3400;2023-03-11 21:23:26.520000;1;103898;1;1;26800.0000;1;6241.0000;None;67400.0000
3400;2023-03-11 21:23:43.877000;3;201146;1;1;6800.0000;1;6241.0000;None;67400.0000
3400;2023-03-11 21:23:43.877000;7;2002;1;1;0.0000;1;6241.0000;None;67400.0000
3400;2023-03-11 21:23:43.877000;1;101270;1;1;0.0000;1;6241.0000;None;67400.0000
3400;2023-03-11 22:00:02.483000;7;1303;1;1;0.0000;1;6241.0000;None;67400.0000
3401;2023-03-11 21:09:06.970000;1;103111;1;1;0.0000;1;14611.0000;None;157800.0000
3401;2023-03-11 21:14:32.847000;2;108101;1;1;36800.0000;1;14611.0000;None;157800.0000
3401;2023-03-11 21:14:32.847000;2;108101;1;1;36800.0000;1;14611.0000;None;157800.0000
3401;2023-03-11 21:14:32.847000;2;200480;1;1;12800.0000;1;14611.0000;None;157800.0000
3401;2023-03-11 21:14:32.847000;1;101270;1;1;0.0000;1;14611.0000;None;157800.0000
3401;2023-03-11 21:14:32.847000;7;2016;1;1;0.0000;1;14611.0000;None;157800.0000
3401;2023-03-11 21:14:32.847000;3;201237;1;1;6800.0000;1;14611.0000;None;157800.0000
3401;2023-03-11 21:14:32.847000;1;101270;1;1;0.0000;1;14611.0000;None;157800.0000
3401;2023-03-11 21:14:32.847000;7;2016;1;1;0.0000;1;14611.0000;None;157800.0000
3401;2023-03-11 21:18:41.553000;1;103434;1;1;34800.0000;1;14611.0000;None;157800.0000
3401;2023-03-11 21:18:41.553000;1;103449;1;1;29800.0000;1;14611.0000;None;157800.0000
3401;2023-03-11 21:18:41.553000;7;1135;1;1;0.0000;1;14611.0000;None;157800.0000
3402;2023-03-11 21:15:25.163000;1;103111;1;1;0.0000;1;8352.0000;None;90200.0000
3402;2023-03-11 21:25:23.097000;3;102635;1;1;8800.0000;1;8352.0000;None;90200.0000
3402;2023-03-11 21:25:23.097000;7;2065;1;1;0.0000;1;8352.0000;None;90200.0000
3402;2023-03-11 21:25:23.097000;3;201146;1;1;6800.0000;1;8352.0000;None;90200.0000
3402;2023-03-11 21:25:23.097000;7;2050;1;1;0.0000;1;8352.0000;None;90200.0000
3402;2023-03-11 21:25:23.097000;1;109363;1;1;28800.0000;1;8352.0000;None;90200.0000
3402;2023-03-11 21:25:45.457000;1;108550;1;1;45800.0000;1;8352.0000;None;90200.0000
3402;2023-03-11 21:25:45.457000;7;1135;1;1;0.0000;1;8352.0000;None;90200.0000
3403;2023-03-11 21:58:14.977000;6;106272;1;4;0.0000;1;10852.0000;None;117200.0000
3403;2023-03-11 22:00:21.277000;2;108123;1;1;49800.0000;1;10852.0000;None;117200.0000
3403;2023-03-11 22:00:21.277000;6;105419;1;1;0.0000;1;10852.0000;None;117200.0000
3403;2023-03-11 22:00:21.277000;2;101728;1;1;33800.0000;1;10852.0000;None;117200.0000
3403;2023-03-11 22:08:44.790000;1;103898;1;1;26800.0000;1;10852.0000;None;117200.0000
3403;2023-03-11 22:08:44.790000;3;201146;1;1;6800.0000;1;10852.0000;None;117200.0000
3403;2023-03-11 22:08:44.790000;7;2002;1;1;0.0000;1;10852.0000;None;117200.0000
3405;2023-03-11 21:58:40.377000;6;106272;1;8;0.0000;1;38796.0000;None;419000.0000
3405;2023-03-11 21:58:40.377000;2;102848;1;1;44800.0000;1;38796.0000;None;419000.0000
3405;2023-03-11 21:58:40.377000;2;108101;1;1;36800.0000;1;38796.0000;None;419000.0000
3405;2023-03-11 22:03:26.100000;1;108550;1;1;45800.0000;1;38796.0000;None;419000.0000
3405;2023-03-11 22:03:26.100000;1;103449;1;1;29800.0000;1;38796.0000;None;419000.0000
3405;2023-03-11 22:03:26.100000;7;1058;1;1;0.0000;1;38796.0000;None;419000.0000
3405;2023-03-11 22:03:26.100000;7;1135;1;1;0.0000;1;38796.0000;None;419000.0000
3405;2023-03-11 22:03:26.100000;1;102314;1;1;5800.0000;1;38796.0000;None;419000.0000
3405;2023-03-11 22:05:35.013000;3;201211;1;1;6800.0000;1;38796.0000;None;419000.0000
3405;2023-03-11 22:05:35.013000;3;201206;1;1;6800.0000;1;38796.0000;None;419000.0000
3405;2023-03-11 22:05:35.013000;3;201206;1;1;6800.0000;1;38796.0000;None;419000.0000
3405;2023-03-11 22:05:35.013000;1;103449;1;1;29800.0000;1;38796.0000;None;419000.0000
3405;2023-03-11 22:11:39.397000;1;107002;1;1;69800.0000;1;38796.0000;None;419000.0000
3405;2023-03-11 22:11:39.397000;7;1002;1;1;0.0000;1;38796.0000;None;419000.0000
3405;2023-03-11 22:11:39.397000;7;1308;1;1;0.0000;1;38796.0000;None;419000.0000
3405;2023-03-11 22:11:39.397000;1;100963;1;1;0.0000;1;38796.0000;None;419000.0000
3405;2023-03-11 22:11:39.397000;7;1128;1;1;0.0000;1;38796.0000;None;419000.0000
3405;2023-03-11 22:12:01.833000;3;201211;1;1;6800.0000;1;38796.0000;None;419000.0000
3405;2023-03-11 22:13:03.717000;3;201206;1;1;6800.0000;1;38796.0000;None;419000.0000
3405;2023-03-11 22:13:21.067000;2;108101;1;1;36800.0000;1;38796.0000;None;419000.0000
3405;2023-03-11 22:13:32.263000;1;103846;1;1;48800.0000;1;38796.0000;None;419000.0000
3405;2023-03-11 22:13:32.263000;6;101438;1;1;0.0000;1;38796.0000;None;419000.0000
3405;2023-03-11 22:18:35.710000;2;108101;1;1;36800.0000;1;38796.0000;None;419000.0000
13473;2023-03-11 13:32:06.780000;1;106352;1;1;74800.0000;1;8185.0000;None;88400.0000
13473;2023-03-11 13:32:06.780000;7;1002;1;1;0.0000;1;8185.0000;None;88400.0000
13473;2023-03-11 13:32:06.780000;7;1306;2;1;0.0000;1;8185.0000;None;88400.0000
13473;2023-03-11 13:32:06.780000;7;1306;1;1;0.0000;1;8185.0000;None;88400.0000
13473;2023-03-11 13:32:06.780000;7;1135;1;1;0.0000;1;8185.0000;None;88400.0000
13473;2023-03-11 13:32:06.780000;1;103111;1;1;0.0000;1;8185.0000;None;88400.0000
13473;2023-03-11 13:32:06.780000;1;102227;1;1;6800.0000;1;8185.0000;None;88400.0000
13473;2023-03-11 13:32:06.780000;7;1135;1;1;0.0000;1;8185.0000;None;88400.0000
13473;2023-03-11 13:33:05.267000;1;104602;1;1;0.0000;1;8185.0000;None;88400.0000
13473;2023-03-11 13:53:20.500000;1;102227;1;1;6800.0000;1;8185.0000;None;88400.0000
13474;2023-03-11 13:51:02.337000;1;102877;1;1;49800.0000;1;None;None;85400.0000
13474;2023-03-11 13:51:02.337000;1;103449;1;1;29800.0000;1;None;None;85400.0000
13474;2023-03-11 13:51:02.337000;1;102151;1;1;5800.0000;1;None;None;85400.0000
13476;2023-03-11 15:55:09.910000;1;103452;1;1;34800.0000;1;None;None;34800.0000
13477;2023-03-11 18:35:18.500000;2;201187;1;2;21600.0000;1;3000.0000;None;32400.0000
13477;2023-03-11 18:42:00.840000;2;201187;1;1;10800.0000;1;3000.0000;None;32400.0000
13480;2023-03-11 19:44:36.100000;1;103364;1;1;9800.0000;1;907.0000;None;9800.0000
13481;2023-03-11 19:52:55.637000;1;103364;1;1;9800.0000;1;907.0000;None;9800.0000
13482;2023-03-11 20:01:07.503000;1;102346;1;1;33800.0000;1;3130.0000;None;33800.0000
13482;2023-03-11 20:01:07.503000;7;1135;1;1;0.0000;1;3130.0000;None;33800.0000
13483;2023-03-11 20:29:00.257000;1;103784;1;1;29800.0000;1;None;None;29800.0000
20843;2023-03-11 13:36:53.413000;7;2045;1;1;0.0000;1;29352.0000;None;317000.0000
20843;2023-03-11 13:38:47.507000;2;201187;1;1;10800.0000;1;29352.0000;None;317000.0000
20843;2023-03-11 13:40:39.477000;2;200140;1;1;70800.0000;1;29352.0000;None;317000.0000
20843;2023-03-11 13:40:39.477000;7;2008;1;1;0.0000;1;29352.0000;None;317000.0000
20843;2023-03-11 13:40:39.477000;7;2008;1;1;0.0000;1;29352.0000;None;317000.0000
20843;2023-03-11 13:51:49.800000;1;109216;1;1;15800.0000;1;29352.0000;None;317000.0000
20843;2023-03-11 13:52:34.357000;1;102325;1;1;55800.0000;1;29352.0000;None;317000.0000
20843;2023-03-11 13:52:34.357000;6;101438;1;1;0.0000;1;29352.0000;None;317000.0000
20843;2023-03-11 13:52:34.357000;1;103562;1;1;49800.0000;1;29352.0000;None;317000.0000
20843;2023-03-11 13:52:34.357000;1;106353;1;1;79800.0000;1;29352.0000;None;317000.0000
20843;2023-03-11 13:52:34.357000;7;1307;1;1;0.0000;1;29352.0000;None;317000.0000
20843;2023-03-11 13:52:34.357000;7;1002;1;1;0.0000;1;29352.0000;None;317000.0000
20843;2023-03-11 13:52:34.357000;1;101433;1;1;0.0000;1;29352.0000;None;317000.0000
20843;2023-03-11 13:52:34.357000;7;1135;1;1;0.0000;1;29352.0000;None;317000.0000
20843;2023-03-11 14:03:16.527000;7;1220;1;1;0.0000;1;29352.0000;None;317000.0000
20843;2023-03-11 14:43:35.970000;1;101891;1;1;16800.0000;1;29352.0000;None;317000.0000
20843;2023-03-11 14:43:35.970000;3;100596;1;1;5800.0000;1;29352.0000;None;317000.0000
20843;2023-03-11 14:43:35.970000;3;100596;1;1;5800.0000;1;29352.0000;None;317000.0000
20843;2023-03-11 14:43:35.970000;3;100596;1;1;5800.0000;1;29352.0000;None;317000.0000
20843;2023-03-11 15:01:40.360000;7;1303;1;1;0.0000;1;29352.0000;None;317000.0000
20844;2023-03-11 13:25:25.947000;1;103111;1;1;0.0000;1;30241.0000;None;326600.0000
20844;2023-03-11 13:29:57.757000;2;101728;1;1;33800.0000;1;30241.0000;None;326600.0000
20844;2023-03-11 13:29:57.757000;2;101728;1;1;33800.0000;1;30241.0000;None;326600.0000
20844;2023-03-11 13:30:05.510000;1;103381;1;1;58800.0000;1;30241.0000;None;326600.0000
20844;2023-03-11 14:05:31.643000;1;108266;1;1;52800.0000;1;30241.0000;None;326600.0000
20844;2023-03-11 14:05:31.643000;6;101535;1;1;0.0000;1;30241.0000;None;326600.0000
20844;2023-03-11 14:05:31.643000;1;109361;1;1;79800.0000;1;30241.0000;None;326600.0000
20844;2023-03-11 14:44:39.870000;2;101728;1;1;33800.0000;1;30241.0000;None;326600.0000
20844;2023-03-11 14:44:39.870000;2;101728;1;1;33800.0000;1;30241.0000;None;326600.0000
20845;2023-03-11 13:31:34.310000;1;103111;1;1;0.0000;1;30685.0000;None;331400.0000
20845;2023-03-11 13:31:53.737000;2;101878;1;1;29800.0000;1;30685.0000;None;331400.0000
20845;2023-03-11 13:31:53.737000;2;101878;1;1;29800.0000;1;30685.0000;None;331400.0000
20845;2023-03-11 13:31:53.737000;3;102747;1;1;4800.0000;1;30685.0000;None;331400.0000
20845;2023-03-11 13:55:43.207000;2;101878;1;1;29800.0000;1;30685.0000;None;331400.0000
20845;2023-03-11 13:56:43.483000;1;104208;1;1;4800.0000;1;30685.0000;None;331400.0000
20845;2023-03-11 13:56:43.483000;1;104730;1;1;18800.0000;1;30685.0000;None;331400.0000
20845;2023-03-11 13:56:43.483000;6;106511;1;1;0.0000;1;30685.0000;None;331400.0000
20845;2023-03-11 13:56:43.483000;7;1135;1;1;0.0000;1;30685.0000;None;331400.0000
20845;2023-03-11 13:56:43.483000;1;105188;1;1;31800.0000;1;30685.0000;None;331400.0000
20845;2023-03-11 13:56:43.483000;1;103818;1;1;109800.0000;1;30685.0000;None;331400.0000
20845;2023-03-11 13:56:43.483000;7;1006;1;1;0.0000;1;30685.0000;None;331400.0000
20845;2023-03-11 13:56:43.483000;1;101433;1;1;0.0000;1;30685.0000;None;331400.0000
20845;2023-03-11 13:56:43.483000;7;1308;2;1;0.0000;1;30685.0000;None;331400.0000
20845;2023-03-11 14:20:24.020000;3;201146;1;1;6800.0000;1;30685.0000;None;331400.0000
20845;2023-03-11 14:20:24.020000;7;2050;1;1;0.0000;1;30685.0000;None;331400.0000
20845;2023-03-11 14:20:24.020000;2;101878;1;1;29800.0000;1;30685.0000;None;331400.0000
20845;2023-03-11 14:41:36.910000;1;101088;1;1;3800.0000;1;30685.0000;None;331400.0000
20845;2023-03-11 14:41:36.910000;7;1219;1;1;0.0000;1;30685.0000;None;331400.0000
20845;2023-03-11 14:41:36.910000;1;102285;1;1;1800.0000;1;30685.0000;None;331400.0000
20845;2023-03-11 14:41:46.617000;2;101878;1;1;29800.0000;1;30685.0000;None;331400.0000
20845;2023-03-11 15:14:04.037000;7;1303;1;1;0.0000;1;30685.0000;None;331400.0000
20846;2023-03-11 13:32:31.347000;3;104446;1;1;5800.0000;1;5426.0000;None;58600.0000
20846;2023-03-11 13:32:31.347000;7;2050;1;1;0.0000;1;5426.0000;None;58600.0000
20846;2023-03-11 13:32:42.213000;1;103111;1;1;0.0000;1;5426.0000;None;58600.0000
20846;2023-03-11 13:33:33.397000;1;102058;1;1;52800.0000;1;5426.0000;None;58600.0000
20846;2023-03-11 13:33:33.397000;7;1135;1;1;0.0000;1;5426.0000;None;58600.0000
20847;2023-03-11 13:38:10.713000;1;103111;1;1;0.0000;1;32148.0000;None;347200.0000
20847;2023-03-11 13:38:10.713000;3;200004;1;1;9800.0000;1;32148.0000;None;347200.0000
20847;2023-03-11 13:38:10.713000;7;2002;1;1;0.0000;1;32148.0000;None;347200.0000
20847;2023-03-11 13:38:10.713000;1;101270;1;1;0.0000;1;32148.0000;None;347200.0000
20847;2023-03-11 14:00:29.710000;1;101250;1;1;46800.0000;1;32148.0000;None;347200.0000
20847;2023-03-11 14:08:01.320000;3;201146;1;1;6800.0000;1;32148.0000;None;347200.0000
20847;2023-03-11 14:08:01.320000;2;201187;1;1;10800.0000;1;32148.0000;None;347200.0000
20847;2023-03-11 14:08:01.320000;1;101270;1;1;0.0000;1;32148.0000;None;347200.0000
20847;2023-03-11 14:08:01.320000;7;2094;1;1;0.0000;1;32148.0000;None;347200.0000
20847;2023-03-11 14:08:01.320000;2;201187;1;1;10800.0000;1;32148.0000;None;347200.0000
20847;2023-03-11 14:08:01.320000;1;101270;1;1;0.0000;1;32148.0000;None;347200.0000
20847;2023-03-11 14:08:01.320000;7;2094;1;1;0.0000;1;32148.0000;None;347200.0000
20847;2023-03-11 14:09:22.540000;1;104893;1;1;129800.0000;1;32148.0000;None;347200.0000
20847;2023-03-11 14:09:22.540000;7;1006;1;1;0.0000;1;32148.0000;None;347200.0000
20847;2023-03-11 14:09:22.540000;1;101433;1;1;0.0000;1;32148.0000;None;347200.0000
20847;2023-03-11 14:09:22.540000;7;1308;2;1;0.0000;1;32148.0000;None;347200.0000
20847;2023-03-11 14:09:22.540000;7;1135;1;1;0.0000;1;32148.0000;None;347200.0000
20847;2023-03-11 14:09:22.540000;1;106352;1;1;74800.0000;1;32148.0000;None;347200.0000
20847;2023-03-11 14:09:22.540000;7;1307;1;1;0.0000;1;32148.0000;None;347200.0000
20847;2023-03-11 14:09:22.540000;7;1002;1;1;0.0000;1;32148.0000;None;347200.0000
20847;2023-03-11 14:09:22.540000;1;101519;1;1;0.0000;1;32148.0000;None;347200.0000
20847;2023-03-11 14:09:22.540000;7;1135;1;1;0.0000;1;32148.0000;None;347200.0000
20847;2023-03-11 14:09:22.540000;1;101212;1;1;25800.0000;1;32148.0000;None;347200.0000
20847;2023-03-11 14:09:22.540000;1;103134;1;1;31800.0000;1;32148.0000;None;347200.0000
20847;2023-03-11 14:09:22.540000;6;101525;1;1;0.0000;1;32148.0000;None;347200.0000
20847;2023-03-11 14:53:15.733000;7;1303;1;1;0.0000;1;32148.0000;None;347200.0000
20848;2023-03-11 14:13:34.453000;1;101244;1;1;29800.0000;1;25759.0000;None;278200.0000
20848;2023-03-11 14:22:18.450000;2;200135;1;1;111800.0000;1;25759.0000;None;278200.0000
20848;2023-03-11 14:22:18.450000;7;2015;1;2;0.0000;1;25759.0000;None;278200.0000
20848;2023-03-11 14:28:40.807000;1;101313;1;1;79800.0000;1;25759.0000;None;278200.0000
20848;2023-03-11 14:28:40.807000;1;104837;1;1;0.0000;1;25759.0000;None;278200.0000
20848;2023-03-11 14:28:40.807000;7;1007;1;1;0.0000;1;25759.0000;None;278200.0000
20848;2023-03-11 14:28:40.807000;1;103538;1;1;56800.0000;1;25759.0000;None;278200.0000
20848;2023-03-11 14:28:40.807000;7;1006;1;1;0.0000;1;25759.0000;None;278200.0000
20848;2023-03-11 14:28:40.807000;7;1306;1;1;0.0000;1;25759.0000;None;278200.0000
20848;2023-03-11 14:28:40.807000;1;104837;1;1;0.0000;1;25759.0000;None;278200.0000
20848;2023-03-11 15:20:32.590000;7;1303;1;1;0.0000;1;25759.0000;None;278200.0000
20849;2023-03-11 14:05:11.387000;1;103111;1;1;0.0000;1;20426.0000;None;220600.0000
20849;2023-03-11 14:13:50.577000;1;101119;1;1;8800.0000;1;20426.0000;None;220600.0000
20849;2023-03-11 14:19:34.113000;1;102753;1;1;67800.0000;1;20426.0000;None;220600.0000
20849;2023-03-11 14:19:34.113000;6;101470;1;1;0.0000;1;20426.0000;None;220600.0000
20849;2023-03-11 14:19:34.113000;1;102025;1;1;31800.0000;1;20426.0000;None;220600.0000
20849;2023-03-11 14:20:05;2;106012;1;1;49800.0000;1;20426.0000;None;220600.0000
20849;2023-03-11 14:20:05;2;108088;1;1;31800.0000;1;20426.0000;None;220600.0000
20849;2023-03-11 14:20:44.237000;3;201206;1;1;6800.0000;1;20426.0000;None;220600.0000
20849;2023-03-11 15:08:12.060000;1;102541;1;1;23800.0000;1;20426.0000;None;220600.0000
20849;2023-03-11 15:36:33.140000;7;1303;1;1;0.0000;1;20426.0000;None;220600.0000
20850;2023-03-11 14:32:49.377000;1;103111;1;1;0.0000;1;13889.0000;None;150000.0000
20850;2023-03-11 14:34:52.377000;1;101254;1;1;29800.0000;1;13889.0000;None;150000.0000
20850;2023-03-11 14:34:52.377000;3;201211;1;1;6800.0000;1;13889.0000;None;150000.0000
20850;2023-03-11 14:34:52.377000;3;104446;1;1;5800.0000;1;13889.0000;None;150000.0000
20850;2023-03-11 14:42:47.097000;1;103791;1;1;39800.0000;1;13889.0000;None;150000.0000
20850;2023-03-11 14:42:47.097000;6;101470;1;1;0.0000;1;13889.0000;None;150000.0000
20850;2023-03-11 14:42:47.097000;1;102753;1;1;67800.0000;1;13889.0000;None;150000.0000
20850;2023-03-11 14:42:47.097000;6;101470;1;1;0.0000;1;13889.0000;None;150000.0000
20850;2023-03-11 14:42:47.097000;7;1100;1;1;0.0000;1;13889.0000;None;150000.0000
20850;2023-03-11 15:36:43.377000;7;1303;1;1;0.0000;1;13889.0000;None;150000.0000
20851;2023-03-11 14:32:57.867000;1;103111;1;1;0.0000;1;17019.0000;None;183800.0000
20851;2023-03-11 14:42:07.890000;3;100606;1;1;6800.0000;1;17019.0000;None;183800.0000
20851;2023-03-11 14:42:07.890000;3;201206;1;1;6800.0000;1;17019.0000;None;183800.0000
20851;2023-03-11 14:42:07.890000;2;201959;1;1;13800.0000;1;17019.0000;None;183800.0000
20851;2023-03-11 14:53:05.067000;1;103410;1;1;37800.0000;1;17019.0000;None;183800.0000
20851;2023-03-11 14:53:05.067000;7;1135;1;1;0.0000;1;17019.0000;None;183800.0000
20851;2023-03-11 14:53:05.067000;1;102241;1;1;11800.0000;1;17019.0000;None;183800.0000
20851;2023-03-11 14:53:05.067000;1;102436;1;1;29800.0000;1;17019.0000;None;183800.0000
20851;2023-03-11 14:53:05.067000;1;103784;1;1;29800.0000;1;17019.0000;None;183800.0000
20851;2023-03-11 14:53:05.067000;6;101624;1;1;0.0000;1;17019.0000;None;183800.0000
20851;2023-03-11 14:53:36.700000;2;201959;1;1;13800.0000;1;17019.0000;None;183800.0000
20851;2023-03-11 15:08:33.150000;2;201959;1;1;13800.0000;1;17019.0000;None;183800.0000
20851;2023-03-11 15:36:02.707000;1;104004;1;1;15800.0000;1;17019.0000;None;183800.0000
20851;2023-03-11 15:36:02.707000;7;1247;1;1;0.0000;1;17019.0000;None;183800.0000
20851;2023-03-11 15:36:02.707000;7;1037;1;1;0.0000;1;17019.0000;None;183800.0000
20851;2023-03-11 15:36:02.707000;1;101088;1;1;3800.0000;1;17019.0000;None;183800.0000
20851;2023-03-11 15:36:02.707000;7;1216;1;1;0.0000;1;17019.0000;None;183800.0000
20851;2023-03-11 15:47:28.847000;7;1303;1;1;0.0000;1;17019.0000;None;183800.0000
20852;2023-03-11 14:33:43.890000;1;103111;1;1;0.0000;1;24185.0000;None;261200.0000
20852;2023-03-11 14:34:17.440000;1;101258;1;1;49800.0000;1;24185.0000;None;261200.0000
20852;2023-03-11 14:34:17.440000;7;1135;1;1;0.0000;1;24185.0000;None;261200.0000
20852;2023-03-11 14:36:30.720000;3;102749;1;1;5800.0000;1;24185.0000;None;261200.0000
20852;2023-03-11 14:36:30.720000;3;102749;1;1;5800.0000;1;24185.0000;None;261200.0000
20852;2023-03-11 14:36:30.720000;3;104446;1;1;5800.0000;1;24185.0000;None;261200.0000
20852;2023-03-11 14:36:30.720000;3;201206;1;1;6800.0000;1;24185.0000;None;261200.0000
20852;2023-03-11 14:40:11.817000;1;103434;1;1;34800.0000;1;24185.0000;None;261200.0000
20852;2023-03-11 14:40:11.817000;1;103421;1;1;42800.0000;1;24185.0000;None;261200.0000
20852;2023-03-11 14:40:11.817000;1;101313;1;1;79800.0000;1;24185.0000;None;261200.0000
20852;2023-03-11 14:40:11.817000;1;104837;1;1;0.0000;1;24185.0000;None;261200.0000
20852;2023-03-11 14:40:11.817000;7;1302;1;1;0.0000;1;24185.0000;None;261200.0000
20852;2023-03-11 14:40:11.817000;1;103784;1;1;29800.0000;1;24185.0000;None;261200.0000
20852;2023-03-11 14:40:11.817000;6;101624;1;1;0.0000;1;24185.0000;None;261200.0000
20852;2023-03-11 15:32:10.327000;7;1303;1;1;0.0000;1;24185.0000;None;261200.0000
20853;2023-03-11 14:48:20.797000;1;103111;1;1;0.0000;1;34371.0000;None;371200.0000
20853;2023-03-11 14:56:52.730000;3;102644;1;1;6800.0000;1;34371.0000;None;371200.0000
20853;2023-03-11 14:56:52.730000;3;102633;1;1;12800.0000;1;34371.0000;None;371200.0000
20853;2023-03-11 14:56:52.730000;2;201615;1;1;14800.0000;1;34371.0000;None;371200.0000
20853;2023-03-11 14:56:52.730000;1;103763;1;1;14800.0000;1;34371.0000;None;371200.0000
20853;2023-03-11 14:56:52.730000;1;103776;1;1;14800.0000;1;34371.0000;None;371200.0000
20853;2023-03-11 15:07:53.680000;1;108527;1;1;29800.0000;1;34371.0000;None;371200.0000
20853;2023-03-11 15:07:53.680000;1;103600;1;1;69800.0000;1;34371.0000;None;371200.0000
20853;2023-03-11 15:07:53.680000;1;101433;1;1;0.0000;1;34371.0000;None;371200.0000
20853;2023-03-11 15:07:53.680000;7;1007;1;1;0.0000;1;34371.0000;None;371200.0000
20853;2023-03-11 15:07:53.680000;1;103788;1;1;39800.0000;1;34371.0000;None;371200.0000
20853;2023-03-11 15:07:53.680000;6;101438;1;1;0.0000;1;34371.0000;None;371200.0000
20853;2023-03-11 15:07:53.680000;1;107002;1;1;69800.0000;1;34371.0000;None;371200.0000
20853;2023-03-11 15:07:53.680000;7;1006;1;1;0.0000;1;34371.0000;None;371200.0000
20853;2023-03-11 15:07:53.680000;7;1306;1;1;0.0000;1;34371.0000;None;371200.0000
20853;2023-03-11 15:07:53.680000;1;100963;1;1;0.0000;1;34371.0000;None;371200.0000
20853;2023-03-11 15:07:53.680000;1;102277;1;1;4800.0000;1;34371.0000;None;371200.0000
20853;2023-03-11 15:28:59.540000;1;102176;1;1;4800.0000;1;34371.0000;None;371200.0000
20853;2023-03-11 15:28:59.540000;7;1010;1;1;0.0000;1;34371.0000;None;371200.0000
20853;2023-03-11 15:32:38.547000;2;201615;1;1;14800.0000;1;34371.0000;None;371200.0000
20853;2023-03-11 15:32:38.547000;2;201615;1;1;14800.0000;1;34371.0000;None;371200.0000
20853;2023-03-11 15:49:42.767000;1;108280;1;1;16800.0000;1;34371.0000;None;371200.0000
20853;2023-03-11 15:49:42.767000;1;109356;1;1;18800.0000;1;34371.0000;None;371200.0000
20853;2023-03-11 15:49:42.767000;3;100614;1;4;23200.0000;1;34371.0000;None;371200.0000
20853;2023-03-11 16:09:21.740000;7;1303;1;1;0.0000;1;34371.0000;None;371200.0000
20854;2023-03-11 14:55:11.563000;1;103111;1;1;0.0000;1;60352.0000;None;651800.0000
20854;2023-03-11 14:55:11.563000;1;103111;1;1;0.0000;1;60352.0000;None;651800.0000
20854;2023-03-11 15:16:27.633000;3;102635;1;1;8800.0000;1;60352.0000;None;651800.0000
20854;2023-03-11 15:16:27.633000;7;2042;1;1;0.0000;1;60352.0000;None;651800.0000
20854;2023-03-11 15:16:27.633000;3;102651;1;1;9800.0000;1;60352.0000;None;651800.0000
20854;2023-03-11 15:16:27.633000;3;102651;1;1;9800.0000;1;60352.0000;None;651800.0000
20854;2023-03-11 15:16:27.633000;3;104446;1;1;5800.0000;1;60352.0000;None;651800.0000
20854;2023-03-11 15:16:27.633000;7;2072;1;1;0.0000;1;60352.0000;None;651800.0000
20854;2023-03-11 15:16:27.633000;3;102637;1;1;9800.0000;1;60352.0000;None;651800.0000
20854;2023-03-11 15:16:27.633000;7;2072;1;1;0.0000;1;60352.0000;None;651800.0000
20854;2023-03-11 15:16:27.633000;3;201146;1;1;6800.0000;1;60352.0000;None;651800.0000
20854;2023-03-11 15:16:27.633000;3;100999;1;1;5800.0000;1;60352.0000;None;651800.0000
20854;2023-03-11 15:16:27.633000;2;200480;1;1;12800.0000;1;60352.0000;None;651800.0000
20854;2023-03-11 15:16:27.633000;3;102644;1;1;6800.0000;1;60352.0000;None;651800.0000
20854;2023-03-11 15:16:27.633000;7;2072;1;1;0.0000;1;60352.0000;None;651800.0000
20854;2023-03-11 15:16:27.633000;7;2042;1;1;0.0000;1;60352.0000;None;651800.0000
20854;2023-03-11 15:16:27.633000;3;102633;1;1;12800.0000;1;60352.0000;None;651800.0000
20854;2023-03-11 15:16:27.633000;3;102651;1;1;9800.0000;1;60352.0000;None;651800.0000
20854;2023-03-11 15:16:27.633000;3;200004;1;1;9800.0000;1;60352.0000;None;651800.0000
20854;2023-03-11 15:16:27.633000;1;101270;1;1;0.0000;1;60352.0000;None;651800.0000
20854;2023-03-11 15:19:52.117000;1;105622;1;1;16800.0000;1;60352.0000;None;651800.0000
20854;2023-03-11 15:19:52.117000;7;1135;1;1;0.0000;1;60352.0000;None;651800.0000
20854;2023-03-11 15:19:52.117000;1;102239;1;1;5800.0000;1;60352.0000;None;651800.0000
20854;2023-03-11 15:19:52.117000;7;1135;1;1;0.0000;1;60352.0000;None;651800.0000
20854;2023-03-11 15:19:52.117000;1;103417;1;1;59800.0000;1;60352.0000;None;651800.0000
20854;2023-03-11 15:19:52.117000;1;102036;1;1;43800.0000;1;60352.0000;None;651800.0000
20854;2023-03-11 15:19:52.117000;1;108452;1;1;23800.0000;1;60352.0000;None;651800.0000
20854;2023-03-11 15:19:52.117000;7;1135;1;1;0.0000;1;60352.0000;None;651800.0000
20854;2023-03-11 15:19:52.117000;1;107002;1;1;69800.0000;1;60352.0000;None;651800.0000
20854;2023-03-11 15:19:52.117000;7;1308;1;1;0.0000;1;60352.0000;None;651800.0000
20854;2023-03-11 15:19:52.117000;7;1006;1;1;0.0000;1;60352.0000;None;651800.0000
20854;2023-03-11 15:19:52.117000;1;108235;1;1;0.0000;1;60352.0000;None;651800.0000
20854;2023-03-11 15:19:52.117000;1;103599;1;1;69800.0000;1;60352.0000;None;651800.0000
20854;2023-03-11 15:19:52.117000;7;1306;2;1;0.0000;1;60352.0000;None;651800.0000
20854;2023-03-11 15:19:52.117000;7;1306;1;1;0.0000;1;60352.0000;None;651800.0000
20854;2023-03-11 15:19:52.117000;1;102726;1;1;45800.0000;1;60352.0000;None;651800.0000
20854;2023-03-11 15:19:52.117000;1;102726;1;1;45800.0000;1;60352.0000;None;651800.0000
20854;2023-03-11 15:19:52.117000;1;103515;1;1;44800.0000;1;60352.0000;None;651800.0000
20854;2023-03-11 15:28:04.817000;2;200480;1;1;12800.0000;1;60352.0000;None;651800.0000
20854;2023-03-11 15:40:23.503000;6;100424;1;1;0.0000;1;60352.0000;None;651800.0000
20854;2023-03-11 15:40:50.893000;2;101878;1;1;29800.0000;1;60352.0000;None;651800.0000
20854;2023-03-11 15:41:02.463000;1;102726;1;1;45800.0000;1;60352.0000;None;651800.0000
20854;2023-03-11 15:41:02.463000;7;1157;1;1;0.0000;1;60352.0000;None;651800.0000
20854;2023-03-11 15:47:53.513000;2;101818;1;1;28800.0000;1;60352.0000;None;651800.0000
20855;2023-03-11 16:05:44.227000;1;104004;1;1;15800.0000;1;8833.0000;None;95400.0000
20855;2023-03-11 16:05:44.227000;1;101088;1;1;3800.0000;1;8833.0000;None;95400.0000
20855;2023-03-11 16:11:21.320000;3;200004;1;1;9800.0000;1;8833.0000;None;95400.0000
20855;2023-03-11 16:11:21.320000;2;200480;1;1;12800.0000;1;8833.0000;None;95400.0000
20855;2023-03-11 16:11:21.320000;2;200480;1;1;12800.0000;1;8833.0000;None;95400.0000
20855;2023-03-11 16:11:21.320000;2;101818;1;1;28800.0000;1;8833.0000;None;95400.0000
20855;2023-03-11 16:11:21.320000;3;100614;1;1;5800.0000;1;8833.0000;None;95400.0000
20855;2023-03-11 16:11:21.320000;3;100614;1;1;5800.0000;1;8833.0000;None;95400.0000
20857;2023-03-11 16:43:39.053000;1;103111;1;1;0.0000;1;35824.0000;None;386900.0000
20857;2023-03-11 16:43:39.053000;1;103111;1;1;0.0000;1;35824.0000;None;386900.0000
20857;2023-03-11 16:43:39.053000;1;103111;1;1;0.0000;1;35824.0000;None;386900.0000
20857;2023-03-11 16:59:12.987000;3;104554;1;1;4800.0000;1;35824.0000;None;386900.0000
20857;2023-03-11 16:59:12.987000;3;100999;1;2;11600.0000;1;35824.0000;None;386900.0000
20857;2023-03-11 16:59:12.987000;3;201211;1;1;6800.0000;1;35824.0000;None;386900.0000
20857;2023-03-11 16:59:12.987000;3;201211;1;1;6800.0000;1;35824.0000;None;386900.0000
20857;2023-03-11 16:59:12.987000;3;201206;1;1;6800.0000;1;35824.0000;None;386900.0000
20857;2023-03-11 16:59:12.987000;3;104446;1;1;5800.0000;1;35824.0000;None;386900.0000
20857;2023-03-11 16:59:12.987000;7;2042;1;1;0.0000;1;35824.0000;None;386900.0000
20857;2023-03-11 16:59:12.987000;3;102633;1;1;12800.0000;1;35824.0000;None;386900.0000
20857;2023-03-11 16:59:12.987000;3;102633;1;1;12800.0000;1;35824.0000;None;386900.0000
20857;2023-03-11 16:59:12.987000;3;102749;1;1;5800.0000;1;35824.0000;None;386900.0000
20857;2023-03-11 16:59:12.987000;7;2036;1;1;0.0000;1;35824.0000;None;386900.0000
20857;2023-03-11 16:59:12.987000;3;102748;1;1;15800.0000;1;35824.0000;None;386900.0000
20857;2023-03-11 16:59:25.907000;1;101212;1;1;25800.0000;1;35824.0000;None;386900.0000
20857;2023-03-11 16:59:25.907000;1;101212;1;1;25800.0000;1;35824.0000;None;386900.0000
20857;2023-03-11 16:59:25.907000;1;102069;1;1;35800.0000;1;35824.0000;None;386900.0000
20857;2023-03-11 16:59:25.907000;1;102069;1;1;35800.0000;1;35824.0000;None;386900.0000
20857;2023-03-11 17:06:29.557000;3;104554;1;1;4800.0000;1;35824.0000;None;386900.0000
20857;2023-03-11 17:06:29.557000;3;104554;1;1;4800.0000;1;35824.0000;None;386900.0000
20857;2023-03-11 17:07:19.313000;1;108550;1;1;45800.0000;1;35824.0000;None;386900.0000
20857;2023-03-11 17:07:19.313000;1;103434;1;1;34800.0000;1;35824.0000;None;386900.0000
20857;2023-03-11 17:07:19.313000;1;103467;1;1;31800.0000;1;35824.0000;None;386900.0000
20857;2023-03-11 17:10:02.250000;3;201211;1;1;6800.0000;1;35824.0000;None;386900.0000
20857;2023-03-11 17:32:27.797000;1;104818;1;1;21400.0000;1;35824.0000;None;386900.0000
20857;2023-03-11 17:32:27.797000;1;104814;1;1;14900.0000;1;35824.0000;None;386900.0000
20857;2023-03-11 17:32:27.797000;1;105801;1;1;8800.0000;1;35824.0000;None;386900.0000
20857;2023-03-11 18:08:19.777000;7;1303;1;1;0.0000;1;35824.0000;None;386900.0000
20859;2023-03-11 19:13:02.220000;1;103111;1;1;0.0000;1;34259.0000;None;370000.0000
20859;2023-03-11 19:13:02.220000;1;103111;1;1;0.0000;1;34259.0000;None;370000.0000
20859;2023-03-11 19:19:21.707000;1;106655;1;1;13800.0000;1;34259.0000;None;370000.0000
20859;2023-03-11 19:19:21.707000;6;101624;1;1;0.0000;1;34259.0000;None;370000.0000
20859;2023-03-11 19:19:21.707000;7;1114;1;1;0.0000;1;34259.0000;None;370000.0000
20859;2023-03-11 19:19:21.707000;7;1010;1;1;0.0000;1;34259.0000;None;370000.0000
20859;2023-03-11 19:19:21.707000;7;1102;1;1;0.0000;1;34259.0000;None;370000.0000
20859;2023-03-11 19:32:53.677000;3;200004;1;1;9800.0000;1;34259.0000;None;370000.0000
20859;2023-03-11 19:32:53.677000;3;200004;1;1;9800.0000;1;34259.0000;None;370000.0000
20859;2023-03-11 19:32:53.677000;3;201146;1;1;6800.0000;1;34259.0000;None;370000.0000
20859;2023-03-11 19:32:53.677000;3;201269;1;1;6800.0000;1;34259.0000;None;370000.0000
20859;2023-03-11 19:32:53.677000;1;101270;1;1;0.0000;1;34259.0000;None;370000.0000
20859;2023-03-11 19:33:45.783000;1;103782;1;1;27800.0000;1;34259.0000;None;370000.0000
20859;2023-03-11 19:33:45.783000;1;101623;1;1;0.0000;1;34259.0000;None;370000.0000
20859;2023-03-11 19:33:45.783000;1;109203;1;1;38800.0000;1;34259.0000;None;370000.0000
20859;2023-03-11 19:33:45.783000;1;103134;1;1;31800.0000;1;34259.0000;None;370000.0000
20859;2023-03-11 19:33:45.783000;6;101525;1;1;0.0000;1;34259.0000;None;370000.0000
20859;2023-03-11 19:33:45.783000;1;104009;1;1;26800.0000;1;34259.0000;None;370000.0000
20859;2023-03-11 19:33:45.783000;1;101122;1;1;37800.0000;1;34259.0000;None;370000.0000
20859;2023-03-11 19:33:45.783000;6;105836;1;1;0.0000;1;34259.0000;None;370000.0000
20859;2023-03-11 19:33:45.783000;1;103563;1;1;28800.0000;1;34259.0000;None;370000.0000
20859;2023-03-11 19:45:37.340000;3;201206;1;1;6800.0000;1;34259.0000;None;370000.0000
20859;2023-03-11 19:45:37.340000;2;200152;1;1;109800.0000;1;34259.0000;None;370000.0000
20859;2023-03-11 19:45:37.340000;7;2015;1;3;0.0000;1;34259.0000;None;370000.0000
20859;2023-03-11 20:08:18.547000;1;101118;1;1;10800.0000;1;34259.0000;None;370000.0000
20859;2023-03-11 20:08:18.547000;1;101088;1;1;3800.0000;1;34259.0000;None;370000.0000
20859;2023-03-11 20:08:18.547000;7;1216;1;1;0.0000;1;34259.0000;None;370000.0000
20859;2023-03-11 20:30:23.173000;7;1303;1;1;0.0000;1;34259.0000;None;370000.0000
20860;2023-03-11 19:17:12.377000;1;103111;1;1;0.0000;1;6870.0000;None;74200.0000
20860;2023-03-11 19:27:04.163000;1;105018;1;1;41800.0000;1;6870.0000;None;74200.0000
20860;2023-03-11 19:27:04.163000;3;201269;1;1;6800.0000;1;6870.0000;None;74200.0000
20860;2023-03-11 19:27:04.163000;3;108191;1;1;0.0000;1;6870.0000;None;74200.0000
20860;2023-03-11 19:50:23.857000;3;201146;1;1;6800.0000;1;6870.0000;None;74200.0000
20860;2023-03-11 19:50:23.857000;7;2002;1;1;0.0000;1;6870.0000;None;74200.0000
20860;2023-03-11 20:42:57.950000;1;109356;1;1;18800.0000;1;6870.0000;None;74200.0000
20860;2023-03-11 21:06:21.693000;7;1303;1;1;0.0000;1;6870.0000;None;74200.0000
20861;2023-03-11 19:17:24.127000;1;103111;1;1;0.0000;1;9722.0000;None;105000.0000
20861;2023-03-11 19:21:02.680000;1;103898;1;1;26800.0000;1;9722.0000;None;105000.0000
20861;2023-03-11 19:21:02.680000;1;103771;1;1;29800.0000;1;9722.0000;None;105000.0000
20861;2023-03-11 19:21:02.680000;1;103434;1;1;34800.0000;1;9722.0000;None;105000.0000
20861;2023-03-11 19:21:02.680000;3;201211;1;1;6800.0000;1;9722.0000;None;105000.0000
20861;2023-03-11 19:21:02.680000;3;201211;1;1;6800.0000;1;9722.0000;None;105000.0000
20861;2023-03-11 20:03:12.003000;7;1303;1;1;0.0000;1;9722.0000;None;105000.0000
20862;2023-03-11 19:32:32.537000;1;103111;1;1;0.0000;1;21556.0000;None;232800.0000
20862;2023-03-11 19:32:32.537000;1;103111;1;1;0.0000;1;21556.0000;None;232800.0000
20862;2023-03-11 19:43:13.003000;3;201146;1;2;13600.0000;1;21556.0000;None;232800.0000
20862;2023-03-11 19:43:13.003000;3;102749;1;1;5800.0000;1;21556.0000;None;232800.0000
20862;2023-03-11 19:43:13.003000;3;201269;1;1;6800.0000;1;21556.0000;None;232800.0000
20862;2023-03-11 19:43:13.003000;3;108191;1;1;0.0000;1;21556.0000;None;232800.0000
20862;2023-03-11 19:43:13.003000;3;102747;1;1;4800.0000;1;21556.0000;None;232800.0000
20862;2023-03-11 19:43:13.003000;7;2042;1;1;0.0000;1;21556.0000;None;232800.0000
20862;2023-03-11 19:43:40.483000;1;103783;1;1;19800.0000;1;21556.0000;None;232800.0000
20862;2023-03-11 19:43:40.483000;6;101624;1;1;0.0000;1;21556.0000;None;232800.0000
20862;2023-03-11 19:43:40.483000;1;104431;1;1;17800.0000;1;21556.0000;None;232800.0000
20862;2023-03-11 19:43:40.483000;6;101624;1;1;0.0000;1;21556.0000;None;232800.0000
20862;2023-03-11 19:43:40.483000;1;104431;1;1;17800.0000;1;21556.0000;None;232800.0000
20862;2023-03-11 19:43:40.483000;6;101624;1;1;0.0000;1;21556.0000;None;232800.0000
20862;2023-03-11 19:44:38.647000;1;108669;1;1;79800.0000;1;21556.0000;None;232800.0000
20862;2023-03-11 19:44:38.647000;1;108550;1;1;45800.0000;1;21556.0000;None;232800.0000
20862;2023-03-11 19:44:38.647000;1;101244;1;1;29800.0000;1;21556.0000;None;232800.0000
20862;2023-03-11 19:44:38.647000;1;102270;1;1;1800.0000;1;21556.0000;None;232800.0000
20862;2023-03-11 19:44:38.647000;None;109614;None;1;45800.0000;1;21556.0000;None;232800.0000
20862;2023-03-11 20:07:06.033000;3;201269;1;1;6800.0000;1;21556.0000;None;232800.0000
20862;2023-03-11 20:07:06.033000;1;101270;1;1;0.0000;1;21556.0000;None;232800.0000
20862;2023-03-11 20:15:51.167000;1;108669;1;-1;-79800.0000;1;21556.0000;None;232800.0000
20862;2023-03-11 20:31:59.577000;3;104554;1;1;4800.0000;1;21556.0000;None;232800.0000
20862;2023-03-11 20:31:59.577000;3;100999;1;1;5800.0000;1;21556.0000;None;232800.0000
20862;2023-03-11 20:31:59.577000;3;100999;1;1;5800.0000;1;21556.0000;None;232800.0000
20862;2023-03-11 20:46:01.810000;7;1303;1;1;0.0000;1;21556.0000;None;232800.0000
20864;2023-03-11 20:18:48.137000;3;102635;1;1;8800.0000;1;51334.0000;None;554400.0000
20864;2023-03-11 20:18:48.137000;7;2042;1;1;0.0000;1;51334.0000;None;554400.0000
20864;2023-03-11 20:18:48.137000;3;102748;1;1;15800.0000;1;51334.0000;None;554400.0000
20864;2023-03-11 20:18:48.137000;3;102747;1;1;4800.0000;1;51334.0000;None;554400.0000
20864;2023-03-11 20:18:48.137000;7;2077;1;1;0.0000;1;51334.0000;None;554400.0000
20864;2023-03-11 20:18:48.137000;7;2073;1;1;0.0000;1;51334.0000;None;554400.0000
20864;2023-03-11 20:18:48.137000;3;102749;1;1;5800.0000;1;51334.0000;None;554400.0000
20864;2023-03-11 20:18:48.137000;7;2073;1;1;0.0000;1;51334.0000;None;554400.0000
20864;2023-03-11 20:18:48.137000;2;109584;1;1;23800.0000;1;51334.0000;None;554400.0000
20864;2023-03-11 20:29:39.410000;1;104893;1;1;129800.0000;1;51334.0000;None;554400.0000
20864;2023-03-11 20:29:39.410000;7;1308;2;1;0.0000;1;51334.0000;None;554400.0000
20864;2023-03-11 20:29:39.410000;7;1006;1;1;0.0000;1;51334.0000;None;554400.0000
20864;2023-03-11 20:29:39.410000;1;101433;1;1;0.0000;1;51334.0000;None;554400.0000
20864;2023-03-11 20:29:39.410000;1;104693;1;1;39800.0000;1;51334.0000;None;554400.0000
20864;2023-03-11 20:29:39.410000;1;103514;1;1;59800.0000;1;51334.0000;None;554400.0000
20864;2023-03-11 20:29:39.410000;1;103818;1;1;109800.0000;1;51334.0000;None;554400.0000
20864;2023-03-11 20:29:39.410000;1;101552;1;1;0.0000;1;51334.0000;None;554400.0000
20864;2023-03-11 20:29:39.410000;7;1002;1;1;0.0000;1;51334.0000;None;554400.0000
20864;2023-03-11 20:29:39.410000;7;1308;2;1;0.0000;1;51334.0000;None;554400.0000
20864;2023-03-11 20:29:39.410000;1;106655;1;1;13800.0000;1;51334.0000;None;554400.0000
20864;2023-03-11 20:29:39.410000;1;101623;1;1;0.0000;1;51334.0000;None;554400.0000
20864;2023-03-11 20:29:39.410000;7;1114;1;1;0.0000;1;51334.0000;None;554400.0000
20864;2023-03-11 20:29:39.410000;7;1135;1;1;0.0000;1;51334.0000;None;554400.0000
20864;2023-03-11 20:29:39.410000;1;101203;1;1;51800.0000;1;51334.0000;None;554400.0000
20864;2023-03-11 20:29:39.410000;7;1045;1;1;0.0000;1;51334.0000;None;554400.0000
20864;2023-03-11 20:30:10;1;101178;1;1;44800.0000;1;51334.0000;None;554400.0000
20864;2023-03-11 20:30:10;None;109614;None;1;45800.0000;1;51334.0000;None;554400.0000
20864;2023-03-11 20:32:56.653000;7;2045;1;1;0.0000;1;51334.0000;None;554400.0000
20864;2023-03-11 20:32:56.653000;7;1207;1;1;0.0000;1;51334.0000;None;554400.0000
20864;2023-03-11 20:06:58.903000;1;103111;1;1;0.0000;1;51334.0000;None;554400.0000
20864;2023-03-11 20:06:58.903000;1;103111;1;1;0.0000;1;51334.0000;None;554400.0000
20864;2023-03-11 20:51:51.803000;7;1220;1;1;0.0000;1;51334.0000;None;554400.0000
20864;2023-03-11 20:51:51.803000;7;1220;1;1;0.0000;1;51334.0000;None;554400.0000
