3407;2023-03-12 12:21:53.297000;1;103111;1;1;0.0000;1;18574.0000;None;200600.0000
3407;2023-03-12 12:22:18.277000;3;102635;1;1;8800.0000;1;18574.0000;None;200600.0000
3407;2023-03-12 12:22:18.277000;7;2042;1;1;0.0000;1;18574.0000;None;200600.0000
3407;2023-03-12 12:22:18.277000;3;102635;1;1;8800.0000;1;18574.0000;None;200600.0000
3407;2023-03-12 12:22:18.277000;7;1207;1;1;0.0000;1;18574.0000;None;200600.0000
3407;2023-03-12 12:23:16.977000;7;1000;1;1;0.0000;1;18574.0000;None;200600.0000
3407;2023-03-12 12:27:17.327000;1;101119;1;1;8800.0000;1;18574.0000;None;200600.0000
3407;2023-03-12 12:27:17.327000;1;109216;1;1;15800.0000;1;18574.0000;None;200600.0000
3407;2023-03-12 12:42:47.353000;1;101084;1;1;69800.0000;1;18574.0000;None;200600.0000
3407;2023-03-12 12:42:47.353000;1;106353;1;1;79800.0000;1;18574.0000;None;200600.0000
3407;2023-03-12 12:42:47.353000;7;1002;1;1;0.0000;1;18574.0000;None;200600.0000
3407;2023-03-12 12:42:47.353000;6;101599;1;1;0.0000;1;18574.0000;None;200600.0000
3407;2023-03-12 12:42:47.353000;1;100963;1;1;0.0000;1;18574.0000;None;200600.0000
3407;2023-03-12 12:55:16.603000;3;102635;1;1;8800.0000;1;18574.0000;None;200600.0000
3407;2023-03-12 12:55:16.603000;7;2012;1;1;0.0000;1;18574.0000;None;200600.0000
3407;2023-03-12 13:21:59.027000;7;1303;1;1;0.0000;1;18574.0000;None;200600.0000
3409;2023-03-12 12:32:58.830000;1;103111;1;1;0.0000;1;29056.0000;None;313800.0000
3409;2023-03-12 12:36:38.300000;1;103111;1;1;0.0000;1;29056.0000;None;313800.0000
3409;2023-03-12 12:38:46.043000;3;201146;1;1;6800.0000;1;29056.0000;None;313800.0000
3409;2023-03-12 12:38:46.043000;3;102619;1;1;7800.0000;1;29056.0000;None;313800.0000
3409;2023-03-12 12:38:46.043000;7;2072;1;1;0.0000;1;29056.0000;None;313800.0000
3409;2023-03-12 12:38:46.043000;3;102619;1;1;7800.0000;1;29056.0000;None;313800.0000
3409;2023-03-12 12:38:46.043000;7;2077;1;1;0.0000;1;29056.0000;None;313800.0000
3409;2023-03-12 12:38:46.043000;7;2042;1;1;0.0000;1;29056.0000;None;313800.0000
3409;2023-03-12 12:38:46.043000;3;104554;1;1;4800.0000;1;29056.0000;None;313800.0000
3409;2023-03-12 12:41:39.157000;1;102961;1;1;22800.0000;1;29056.0000;None;313800.0000
3409;2023-03-12 12:41:39.157000;1;103380;1;1;48800.0000;1;29056.0000;None;313800.0000
3409;2023-03-12 13:07:05.407000;1;103773;1;1;14800.0000;1;29056.0000;None;313800.0000
3409;2023-03-12 13:07:05.407000;1;106655;1;1;13800.0000;1;29056.0000;None;313800.0000
3409;2023-03-12 13:07:05.407000;6;101535;1;1;0.0000;1;29056.0000;None;313800.0000
3409;2023-03-12 13:07:05.407000;7;1114;1;1;0.0000;1;29056.0000;None;313800.0000
3409;2023-03-12 13:07:05.407000;1;104009;1;1;26800.0000;1;29056.0000;None;313800.0000
3409;2023-03-12 13:07:05.407000;7;1114;1;1;0.0000;1;29056.0000;None;313800.0000
3409;2023-03-12 13:07:05.407000;6;101614;1;1;0.0000;1;29056.0000;None;313800.0000
3409;2023-03-12 13:07:05.407000;1;105206;1;1;4800.0000;1;29056.0000;None;313800.0000
3409;2023-03-12 13:14:08.503000;3;102635;1;1;8800.0000;1;29056.0000;None;313800.0000
3409;2023-03-12 13:14:08.503000;7;2065;1;1;0.0000;1;29056.0000;None;313800.0000
3409;2023-03-12 13:24:30.597000;1;103776;1;1;14800.0000;1;29056.0000;None;313800.0000
3409;2023-03-12 13:24:30.597000;1;103773;1;1;14800.0000;1;29056.0000;None;313800.0000
3409;2023-03-12 13:24:30.597000;7;1001;1;1;0.0000;1;29056.0000;None;313800.0000
3409;2023-03-12 13:24:30.597000;1;103134;1;1;31800.0000;1;29056.0000;None;313800.0000
3409;2023-03-12 13:24:30.597000;6;101525;1;1;0.0000;1;29056.0000;None;313800.0000
3409;2023-03-12 13:24:30.597000;1;103134;1;1;31800.0000;1;29056.0000;None;313800.0000
3409;2023-03-12 13:24:30.597000;6;101525;1;1;0.0000;1;29056.0000;None;313800.0000
3409;2023-03-12 13:24:30.597000;7;1045;1;1;0.0000;1;29056.0000;None;313800.0000
3409;2023-03-12 13:27:25.150000;1;102299;1;1;4800.0000;1;29056.0000;None;313800.0000
3409;2023-03-12 13:38:05.807000;3;104554;1;1;4800.0000;1;29056.0000;None;313800.0000
3409;2023-03-12 13:38:05.807000;3;201146;1;1;6800.0000;1;29056.0000;None;313800.0000
3409;2023-03-12 13:43:45.527000;3;104554;1;1;4800.0000;1;29056.0000;None;313800.0000
3409;2023-03-12 13:43:45.527000;7;1207;1;1;0.0000;1;29056.0000;None;313800.0000
3409;2023-03-12 13:43:45.527000;3;102635;1;1;8800.0000;1;29056.0000;None;313800.0000
3409;2023-03-12 13:43:45.527000;7;2065;1;1;0.0000;1;29056.0000;None;313800.0000
3409;2023-03-12 13:48:01.973000;1;101905;1;1;22800.0000;1;29056.0000;None;313800.0000
3409;2023-03-12 13:48:22.747000;7;1220;1;1;0.0000;1;29056.0000;None;313800.0000
3410;2023-03-12 12:43:00.057000;1;103111;1;1;0.0000;1;13352.0000;None;144200.0000
3410;2023-03-12 12:50:44.380000;1;108266;1;1;52800.0000;1;13352.0000;None;144200.0000
3410;2023-03-12 12:50:44.380000;6;101535;1;1;0.0000;1;13352.0000;None;144200.0000
3410;2023-03-12 12:50:44.380000;1;106353;1;1;79800.0000;1;13352.0000;None;144200.0000
3410;2023-03-12 12:50:44.380000;7;1007;1;1;0.0000;1;13352.0000;None;144200.0000
3410;2023-03-12 12:50:44.380000;7;1306;1;1;0.0000;1;13352.0000;None;144200.0000
3410;2023-03-12 12:50:44.380000;1;106356;1;1;0.0000;1;13352.0000;None;144200.0000
3410;2023-03-12 12:50:44.380000;3;104446;1;1;5800.0000;1;13352.0000;None;144200.0000
3410;2023-03-12 12:50:44.380000;3;102749;1;1;5800.0000;1;13352.0000;None;144200.0000
3410;2023-03-12 13:42:10.257000;7;1303;1;1;0.0000;1;13352.0000;None;144200.0000
3411;2023-03-12 12:50:11.263000;1;103111;1;1;0.0000;1;24722.0000;None;267000.0000
3411;2023-03-12 12:50:11.263000;3;201211;1;1;6800.0000;1;24722.0000;None;267000.0000
3411;2023-03-12 12:50:11.263000;7;2042;1;1;0.0000;1;24722.0000;None;267000.0000
3411;2023-03-12 13:19:04.967000;2;201363;1;1;137800.0000;1;24722.0000;None;267000.0000
3411;2023-03-12 13:19:04.967000;7;2008;1;2;0.0000;1;24722.0000;None;267000.0000
3411;2023-03-12 13:33:37.717000;1;101092;1;1;55800.0000;1;24722.0000;None;267000.0000
3411;2023-03-12 13:33:37.717000;1;101433;1;1;0.0000;1;24722.0000;None;267000.0000
3411;2023-03-12 13:33:37.717000;7;1302;1;1;0.0000;1;24722.0000;None;267000.0000
3411;2023-03-12 13:33:37.717000;1;102877;1;1;49800.0000;1;24722.0000;None;267000.0000
3411;2023-03-12 13:33:37.717000;7;1307;1;1;0.0000;1;24722.0000;None;267000.0000
3411;2023-03-12 13:33:37.717000;1;108235;1;1;0.0000;1;24722.0000;None;267000.0000
3411;2023-03-12 14:29:29.213000;1;103377;1;1;16800.0000;1;24722.0000;None;267000.0000
3411;2023-03-12 14:29:29.213000;7;1135;1;1;0.0000;1;24722.0000;None;267000.0000
3411;2023-03-12 15:09:01.657000;7;1303;1;1;0.0000;1;24722.0000;None;267000.0000
3412;2023-03-12 13:00:00.213000;3;102748;1;1;15800.0000;1;32852.0000;None;354800.0000
3412;2023-03-12 13:00:00.213000;3;102748;1;1;15800.0000;1;32852.0000;None;354800.0000
3412;2023-03-12 13:00:00.213000;3;201211;1;1;6800.0000;1;32852.0000;None;354800.0000
3412;2023-03-12 13:00:00.213000;7;2042;1;1;0.0000;1;32852.0000;None;354800.0000
3412;2023-03-12 13:00:00.213000;3;201206;1;1;6800.0000;1;32852.0000;None;354800.0000
3412;2023-03-12 13:06:09.297000;1;101178;1;1;44800.0000;1;32852.0000;None;354800.0000
3412;2023-03-12 13:06:09.297000;7;1001;1;1;0.0000;1;32852.0000;None;354800.0000
3412;2023-03-12 13:06:09.297000;7;1001;1;1;0.0000;1;32852.0000;None;354800.0000
3412;2023-03-12 13:06:09.297000;7;1001;1;1;0.0000;1;32852.0000;None;354800.0000
3412;2023-03-12 13:06:09.297000;1;103898;1;1;26800.0000;1;32852.0000;None;354800.0000
3412;2023-03-12 13:06:09.297000;1;102335;1;1;74800.0000;1;32852.0000;None;354800.0000
3412;2023-03-12 13:06:09.297000;7;1006;1;1;0.0000;1;32852.0000;None;354800.0000
3412;2023-03-12 13:06:09.297000;7;1306;1;1;0.0000;1;32852.0000;None;354800.0000
3412;2023-03-12 13:06:09.297000;1;101519;1;1;0.0000;1;32852.0000;None;354800.0000
3412;2023-03-12 13:06:09.297000;7;1135;1;1;0.0000;1;32852.0000;None;354800.0000
3412;2023-03-12 13:06:09.297000;1;106352;1;1;74800.0000;1;32852.0000;None;354800.0000
3412;2023-03-12 13:06:09.297000;7;1302;1;1;0.0000;1;32852.0000;None;354800.0000
3412;2023-03-12 13:06:09.297000;7;1306;1;1;0.0000;1;32852.0000;None;354800.0000
3412;2023-03-12 13:06:09.297000;1;101519;1;1;0.0000;1;32852.0000;None;354800.0000
3412;2023-03-12 13:06:09.297000;7;1135;1;1;0.0000;1;32852.0000;None;354800.0000
3412;2023-03-12 13:06:09.297000;1;106352;1;1;74800.0000;1;32852.0000;None;354800.0000
3412;2023-03-12 13:06:09.297000;7;1007;1;1;0.0000;1;32852.0000;None;354800.0000
3412;2023-03-12 13:06:09.297000;7;1306;1;1;0.0000;1;32852.0000;None;354800.0000
3412;2023-03-12 13:06:09.297000;1;101519;1;1;0.0000;1;32852.0000;None;354800.0000
3412;2023-03-12 13:06:09.297000;7;1135;1;1;0.0000;1;32852.0000;None;354800.0000
3412;2023-03-12 13:16:59.807000;7;1220;1;1;0.0000;1;32852.0000;None;354800.0000
3412;2023-03-12 13:38:15.977000;3;201211;1;1;6800.0000;1;32852.0000;None;354800.0000
3412;2023-03-12 13:38:15.977000;3;201211;1;1;6800.0000;1;32852.0000;None;354800.0000
3413;2023-03-12 12:54:58.587000;1;103111;1;1;0.0000;1;14056.0000;None;151800.0000
3413;2023-03-12 13:03:55.357000;3;201269;1;3;20400.0000;1;14056.0000;None;151800.0000
3413;2023-03-12 13:03:55.357000;3;108191;1;3;0.0000;1;14056.0000;None;151800.0000
3413;2023-03-12 13:04:48.960000;1;107002;1;1;69800.0000;1;14056.0000;None;151800.0000
3413;2023-03-12 13:04:48.960000;7;1002;1;1;0.0000;1;14056.0000;None;151800.0000
3413;2023-03-12 13:04:48.960000;7;1306;1;1;0.0000;1;14056.0000;None;151800.0000
3413;2023-03-12 13:04:48.960000;1;101552;1;1;0.0000;1;14056.0000;None;151800.0000
3413;2023-03-12 13:04:48.960000;1;103134;1;1;31800.0000;1;14056.0000;None;151800.0000
3413;2023-03-12 13:04:48.960000;6;101525;1;1;0.0000;1;14056.0000;None;151800.0000
3413;2023-03-12 13:04:48.960000;1;103784;1;1;29800.0000;1;14056.0000;None;151800.0000
3413;2023-03-12 13:04:48.960000;6;101624;1;1;0.0000;1;14056.0000;None;151800.0000
3413;2023-03-12 13:43:45.457000;7;1303;1;1;0.0000;1;14056.0000;None;151800.0000
3414;2023-03-12 13:06:35.967000;1;103111;1;1;0.0000;1;8796.0000;None;95000.0000
3414;2023-03-12 13:06:35.967000;3;201211;1;1;6800.0000;1;8796.0000;None;95000.0000
3414;2023-03-12 13:14:55.440000;3;200012;1;1;9800.0000;1;8796.0000;None;95000.0000
3414;2023-03-12 13:14:55.440000;3;108191;1;1;0.0000;1;8796.0000;None;95000.0000
3414;2023-03-12 13:27:56.657000;1;103434;1;1;34800.0000;1;8796.0000;None;95000.0000
3414;2023-03-12 13:27:56.657000;1;103471;1;1;34800.0000;1;8796.0000;None;95000.0000
3414;2023-03-12 14:32:39.760000;3;100607;1;1;6800.0000;1;8796.0000;None;95000.0000
3414;2023-03-12 14:32:39.760000;6;105082;1;1;2000.0000;1;8796.0000;None;95000.0000
3414;2023-03-12 14:36:11.887000;7;1303;1;1;0.0000;1;8796.0000;None;95000.0000
3415;2023-03-12 13:10:10.517000;1;103111;1;1;0.0000;1;22093.0000;None;238600.0000
3415;2023-03-12 13:15:23.880000;1;102877;1;1;49800.0000;1;22093.0000;None;238600.0000
3415;2023-03-12 13:15:23.880000;7;1307;1;1;0.0000;1;22093.0000;None;238600.0000
3415;2023-03-12 13:15:23.880000;1;101519;1;1;0.0000;1;22093.0000;None;238600.0000
3415;2023-03-12 13:15:23.880000;1;104893;1;1;129800.0000;1;22093.0000;None;238600.0000
3415;2023-03-12 13:15:23.880000;7;1302;1;1;0.0000;1;22093.0000;None;238600.0000
3415;2023-03-12 13:15:23.880000;1;101519;1;1;0.0000;1;22093.0000;None;238600.0000
3415;2023-03-12 13:15:23.880000;7;1308;2;1;0.0000;1;22093.0000;None;238600.0000
3415;2023-03-12 13:15:23.880000;3;102637;1;1;9800.0000;1;22093.0000;None;238600.0000
3415;2023-03-12 13:15:23.880000;7;2072;1;1;0.0000;1;22093.0000;None;238600.0000
3415;2023-03-12 13:15:23.880000;7;2042;1;1;0.0000;1;22093.0000;None;238600.0000
3415;2023-03-12 13:15:23.880000;3;102637;1;1;9800.0000;1;22093.0000;None;238600.0000
3415;2023-03-12 13:15:23.880000;7;2042;1;1;0.0000;1;22093.0000;None;238600.0000
3415;2023-03-12 13:53:33.493000;1;105421;1;1;19800.0000;1;22093.0000;None;238600.0000
3415;2023-03-12 13:53:33.493000;3;102637;1;1;9800.0000;1;22093.0000;None;238600.0000
3415;2023-03-12 13:53:33.493000;7;2042;1;1;0.0000;1;22093.0000;None;238600.0000
3415;2023-03-12 13:53:33.493000;7;2072;1;1;0.0000;1;22093.0000;None;238600.0000
3415;2023-03-12 13:53:33.493000;3;102637;1;1;9800.0000;1;22093.0000;None;238600.0000
3415;2023-03-12 13:53:33.493000;7;2042;1;1;0.0000;1;22093.0000;None;238600.0000
3415;2023-03-12 14:17:23.437000;7;1303;1;1;0.0000;1;22093.0000;None;238600.0000
3416;2023-03-12 13:17:51.813000;1;103111;1;1;0.0000;1;7333.0000;None;79200.0000
3416;2023-03-12 13:18:52.150000;3;200004;1;2;19600.0000;1;7333.0000;None;79200.0000
3416;2023-03-12 13:18:52.150000;1;101270;1;2;0.0000;1;7333.0000;None;79200.0000
3416;2023-03-12 13:29:22.993000;1;103449;1;1;29800.0000;1;7333.0000;None;79200.0000
3416;2023-03-12 13:29:22.993000;1;103449;1;1;29800.0000;1;7333.0000;None;79200.0000
3416;2023-03-12 14:00:01.397000;7;1303;1;1;0.0000;1;7333.0000;None;79200.0000
3417;2023-03-12 13:22:51.133000;1;103111;1;1;0.0000;1;55111.0000;None;595200.0000
3417;2023-03-12 13:22:51.133000;1;103111;1;1;0.0000;1;55111.0000;None;595200.0000
3417;2023-03-12 13:38:41.373000;1;104742;1;1;26800.0000;1;55111.0000;None;595200.0000
3417;2023-03-12 13:38:41.373000;6;101624;1;1;0.0000;1;55111.0000;None;595200.0000
3417;2023-03-12 13:38:41.373000;1;104742;1;1;26800.0000;1;55111.0000;None;595200.0000
3417;2023-03-12 13:38:41.373000;6;101624;1;1;0.0000;1;55111.0000;None;595200.0000
3417;2023-03-12 13:38:41.373000;1;102227;1;1;6800.0000;1;55111.0000;None;595200.0000
3417;2023-03-12 13:39:28.990000;1;108550;1;1;45800.0000;1;55111.0000;None;595200.0000
3417;2023-03-12 13:41:06.633000;1;101178;1;1;44800.0000;1;55111.0000;None;595200.0000
3417;2023-03-12 13:41:06.633000;1;109418;1;1;18800.0000;1;55111.0000;None;595200.0000
3417;2023-03-12 13:41:06.633000;1;102961;1;1;22800.0000;1;55111.0000;None;595200.0000
3417;2023-03-12 13:41:06.633000;7;1001;1;1;0.0000;1;55111.0000;None;595200.0000
3417;2023-03-12 13:41:06.633000;1;102877;1;1;49800.0000;1;55111.0000;None;595200.0000
3417;2023-03-12 13:41:06.633000;1;100963;1;1;0.0000;1;55111.0000;None;595200.0000
3417;2023-03-12 13:41:06.633000;1;101418;1;1;0.0000;1;55111.0000;None;595200.0000
3417;2023-03-12 13:41:06.633000;1;104893;1;1;129800.0000;1;55111.0000;None;595200.0000
3417;2023-03-12 13:41:06.633000;7;1308;2;1;0.0000;1;55111.0000;None;595200.0000
3417;2023-03-12 13:41:06.633000;7;1302;1;1;0.0000;1;55111.0000;None;595200.0000
3417;2023-03-12 13:41:06.633000;1;108236;1;1;0.0000;1;55111.0000;None;595200.0000
3417;2023-03-12 13:41:06.633000;1;102277;1;1;4800.0000;1;55111.0000;None;595200.0000
3417;2023-03-12 13:41:06.633000;1;103597;1;1;69800.0000;1;55111.0000;None;595200.0000
3417;2023-03-12 13:41:06.633000;1;106356;1;1;0.0000;1;55111.0000;None;595200.0000
3417;2023-03-12 13:41:06.633000;7;1007;1;1;0.0000;1;55111.0000;None;595200.0000
3417;2023-03-12 13:41:06.633000;1;103564;1;1;67800.0000;1;55111.0000;None;595200.0000
3417;2023-03-12 13:41:31.387000;3;102620;1;1;8800.0000;1;55111.0000;None;595200.0000
3417;2023-03-12 13:41:31.387000;7;2046;1;1;0.0000;1;55111.0000;None;595200.0000
3417;2023-03-12 13:41:31.387000;7;2046;1;1;0.0000;1;55111.0000;None;595200.0000
3417;2023-03-12 13:41:31.387000;3;102620;1;1;8800.0000;1;55111.0000;None;595200.0000
3417;2023-03-12 13:41:31.387000;3;102748;1;3;47400.0000;1;55111.0000;None;595200.0000
3417;2023-03-12 13:59:23.970000;3;102620;1;1;8800.0000;1;55111.0000;None;595200.0000
3417;2023-03-12 14:02:49.537000;7;1220;1;1;0.0000;1;55111.0000;None;595200.0000
3417;2023-03-12 14:02:49.537000;7;1220;1;1;0.0000;1;55111.0000;None;595200.0000
3417;2023-03-12 14:12:28.687000;3;201146;1;1;6800.0000;1;55111.0000;None;595200.0000
3417;2023-03-12 14:30:52.227000;7;1303;1;1;0.0000;1;55111.0000;None;595200.0000
3418;2023-03-12 13:25:32.097000;1;103111;1;1;0.0000;1;18889.0000;None;204000.0000
3418;2023-03-12 13:37:46.703000;1;101178;1;1;44800.0000;1;18889.0000;None;204000.0000
3418;2023-03-12 13:37:46.703000;7;1001;1;1;0.0000;1;18889.0000;None;204000.0000
3418;2023-03-12 13:37:46.703000;1;103452;1;1;34800.0000;1;18889.0000;None;204000.0000
3418;2023-03-12 13:37:46.703000;1;101665;1;1;39800.0000;1;18889.0000;None;204000.0000
3418;2023-03-12 13:37:46.703000;1;101519;1;1;0.0000;1;18889.0000;None;204000.0000
3418;2023-03-12 13:37:46.703000;1;104742;1;1;26800.0000;1;18889.0000;None;204000.0000
3418;2023-03-12 13:37:46.703000;6;101624;1;1;0.0000;1;18889.0000;None;204000.0000
3418;2023-03-12 13:37:46.703000;3;102637;1;1;9800.0000;1;18889.0000;None;204000.0000
3418;2023-03-12 13:37:46.703000;3;102748;1;1;15800.0000;1;18889.0000;None;204000.0000
3418;2023-03-12 13:37:46.703000;3;102748;1;1;15800.0000;1;18889.0000;None;204000.0000
3418;2023-03-12 13:37:46.703000;3;201206;1;1;6800.0000;1;18889.0000;None;204000.0000
3418;2023-03-12 13:43:38.883000;1;102222;1;1;3800.0000;1;18889.0000;None;204000.0000
3418;2023-03-12 13:47:43.117000;6;101611;1;1;0.0000;1;18889.0000;None;204000.0000
3418;2023-03-12 13:47:49.487000;7;1220;1;1;0.0000;1;18889.0000;None;204000.0000
3418;2023-03-12 13:47:49.487000;7;1220;1;1;0.0000;1;18889.0000;None;204000.0000
3418;2023-03-12 14:22:30.103000;3;100614;1;1;5800.0000;1;18889.0000;None;204000.0000
3419;2023-03-12 13:39:13.427000;1;103111;1;1;0.0000;1;15815.0000;None;170800.0000
3419;2023-03-12 13:45:58.743000;3;102747;1;1;4800.0000;1;15815.0000;None;170800.0000
3419;2023-03-12 13:45:58.743000;3;200009;1;1;9800.0000;1;15815.0000;None;170800.0000
3419;2023-03-12 13:47:09.060000;1;103763;1;1;14800.0000;1;15815.0000;None;170800.0000
3419;2023-03-12 13:47:09.060000;1;103771;1;1;29800.0000;1;15815.0000;None;170800.0000
3419;2023-03-12 13:47:09.060000;7;1001;1;1;0.0000;1;15815.0000;None;170800.0000
3419;2023-03-12 13:47:09.060000;1;108266;1;1;52800.0000;1;15815.0000;None;170800.0000
3419;2023-03-12 13:47:09.060000;6;101535;1;1;0.0000;1;15815.0000;None;170800.0000
3419;2023-03-12 13:47:09.060000;1;103845;1;1;58800.0000;1;15815.0000;None;170800.0000
3419;2023-03-12 13:47:09.060000;7;1006;1;1;0.0000;1;15815.0000;None;170800.0000
3419;2023-03-12 13:47:09.060000;7;1306;1;1;0.0000;1;15815.0000;None;170800.0000
3419;2023-03-12 13:47:09.060000;1;101552;1;1;0.0000;1;15815.0000;None;170800.0000
3419;2023-03-12 14:11:46.247000;7;1220;1;1;0.0000;1;15815.0000;None;170800.0000
3419;2023-03-12 14:45:56.507000;7;1303;1;1;0.0000;1;15815.0000;None;170800.0000
3420;2023-03-12 13:42:18.667000;1;103111;1;1;0.0000;1;16648.0000;None;179800.0000
3420;2023-03-12 13:51:53.813000;2;200627;1;1;70800.0000;1;16648.0000;None;179800.0000
3420;2023-03-12 13:51:53.813000;7;2008;1;2;0.0000;1;16648.0000;None;179800.0000
3420;2023-03-12 13:51:53.813000;1;102874;1;1;33800.0000;1;16648.0000;None;179800.0000
3420;2023-03-12 13:51:53.813000;6;101535;1;1;0.0000;1;16648.0000;None;179800.0000
3420;2023-03-12 13:51:53.813000;1;102726;1;1;45800.0000;1;16648.0000;None;179800.0000
3420;2023-03-12 14:25:47.813000;2;109583;1;1;29800.0000;1;16648.0000;None;179800.0000
3420;2023-03-12 14:26:03.117000;1;103961;1;1;16800.0000;1;16648.0000;None;179800.0000
3420;2023-03-12 14:26:03.117000;3;100606;1;1;6800.0000;1;16648.0000;None;179800.0000
3420;2023-03-12 14:26:03.117000;3;100614;1;1;5800.0000;1;16648.0000;None;179800.0000
3420;2023-03-12 14:32:05.563000;2;109583;1;-1;-29800.0000;1;16648.0000;None;179800.0000
3420;2023-03-12 14:49:23.427000;7;1303;1;1;0.0000;1;16648.0000;None;179800.0000
3421;2023-03-12 13:43:53.667000;1;103111;1;1;0.0000;1;11278.0000;None;121800.0000
3421;2023-03-12 13:51:03.993000;2;201187;1;1;10800.0000;1;11278.0000;None;121800.0000
3421;2023-03-12 13:51:03.993000;2;201187;1;1;10800.0000;1;11278.0000;None;121800.0000
3421;2023-03-12 13:51:03.993000;3;104446;1;1;5800.0000;1;11278.0000;None;121800.0000
3421;2023-03-12 13:51:03.993000;7;2006;1;1;0.0000;1;11278.0000;None;121800.0000
3421;2023-03-12 13:51:21.987000;1;103449;1;1;29800.0000;1;11278.0000;None;121800.0000
3421;2023-03-12 13:51:21.987000;7;1058;1;1;0.0000;1;11278.0000;None;121800.0000
3421;2023-03-12 13:51:21.987000;1;103449;1;1;29800.0000;1;11278.0000;None;121800.0000
3421;2023-03-12 13:51:21.987000;1;102407;1;1;34800.0000;1;11278.0000;None;121800.0000
3421;2023-03-12 13:51:21.987000;6;101624;1;1;0.0000;1;11278.0000;None;121800.0000
3421;2023-03-12 14:27:12.447000;6;106272;1;4;0.0000;1;11278.0000;None;121800.0000
3422;2023-03-12 13:53:59.043000;1;102222;1;1;3800.0000;1;21935.0000;None;236900.0000
3422;2023-03-12 13:53:59.043000;3;102748;1;1;15800.0000;1;21935.0000;None;236900.0000
3422;2023-03-12 13:53:59.043000;3;201206;1;3;20400.0000;1;21935.0000;None;236900.0000
3422;2023-03-12 14:12:14.277000;1;104811;1;1;16400.0000;1;21935.0000;None;236900.0000
3422;2023-03-12 14:12:14.277000;1;105251;1;1;15900.0000;1;21935.0000;None;236900.0000
3422;2023-03-12 14:12:14.277000;1;106879;1;1;22800.0000;1;21935.0000;None;236900.0000
3422;2023-03-12 14:12:14.277000;6;101624;1;1;0.0000;1;21935.0000;None;236900.0000
3422;2023-03-12 14:12:14.277000;7;1135;1;1;0.0000;1;21935.0000;None;236900.0000
3422;2023-03-12 14:12:14.277000;8;102159;1;2;15000.0000;1;21935.0000;None;236900.0000
3422;2023-03-12 14:12:14.277000;1;106353;1;1;79800.0000;1;21935.0000;None;236900.0000
3422;2023-03-12 14:12:14.277000;7;1002;1;1;0.0000;1;21935.0000;None;236900.0000
3422;2023-03-12 14:12:14.277000;6;101599;1;1;0.0000;1;21935.0000;None;236900.0000
3422;2023-03-12 14:12:14.277000;1;101519;1;1;0.0000;1;21935.0000;None;236900.0000
3422;2023-03-12 14:16:45.947000;1;102961;1;1;22800.0000;1;21935.0000;None;236900.0000
3422;2023-03-12 14:38:01.827000;3;201206;1;1;6800.0000;1;21935.0000;None;236900.0000
3422;2023-03-12 14:44:48.467000;3;201206;1;1;6800.0000;1;21935.0000;None;236900.0000
3422;2023-03-12 14:49:13.200000;3;100999;1;1;5800.0000;1;21935.0000;None;236900.0000
3422;2023-03-12 14:49:13.200000;3;104554;1;1;4800.0000;1;21935.0000;None;236900.0000
3422;2023-03-12 14:49:13.200000;7;1207;1;1;0.0000;1;21935.0000;None;236900.0000
3423;2023-03-12 14:00:19.337000;2;201187;1;1;10800.0000;1;15407.0000;None;166400.0000
3423;2023-03-12 14:00:19.337000;7;1207;1;1;0.0000;1;15407.0000;None;166400.0000
3423;2023-03-12 14:00:19.337000;3;201237;1;1;6800.0000;1;15407.0000;None;166400.0000
3423;2023-03-12 14:00:19.337000;1;101270;1;1;0.0000;1;15407.0000;None;166400.0000
3423;2023-03-12 14:04:01.497000;1;109216;1;1;15800.0000;1;15407.0000;None;166400.0000
3423;2023-03-12 14:16:28.010000;1;103134;1;1;31800.0000;1;15407.0000;None;166400.0000
3423;2023-03-12 14:16:28.010000;6;101525;1;1;0.0000;1;15407.0000;None;166400.0000
3423;2023-03-12 14:16:28.010000;1;103514;1;1;59800.0000;1;15407.0000;None;166400.0000
3423;2023-03-12 14:29:01.007000;2;109583;1;1;29800.0000;1;15407.0000;None;166400.0000
3423;2023-03-12 14:43:41.827000;3;100614;1;2;11600.0000;1;15407.0000;None;166400.0000
3423;2023-03-12 14:57:24.497000;7;1303;1;1;0.0000;1;15407.0000;None;166400.0000
3424;2023-03-12 14:14:55.480000;1;103111;1;1;0.0000;1;16556.0000;None;178800.0000
3424;2023-03-12 14:23:10.387000;1;104742;1;1;26800.0000;1;16556.0000;None;178800.0000
3424;2023-03-12 14:23:10.387000;None;101442;None;1;0.0000;1;16556.0000;None;178800.0000
3424;2023-03-12 14:23:10.387000;1;101203;1;1;51800.0000;1;16556.0000;None;178800.0000
3424;2023-03-12 14:23:10.387000;1;107002;1;1;69800.0000;1;16556.0000;None;178800.0000
3424;2023-03-12 14:23:10.387000;7;1002;1;1;0.0000;1;16556.0000;None;178800.0000
3424;2023-03-12 14:23:10.387000;7;1306;1;1;0.0000;1;16556.0000;None;178800.0000
3424;2023-03-12 14:23:10.387000;1;106356;1;1;0.0000;1;16556.0000;None;178800.0000
3424;2023-03-12 14:23:10.387000;3;102635;1;1;8800.0000;1;16556.0000;None;178800.0000
3424;2023-03-12 14:23:10.387000;7;2042;1;1;0.0000;1;16556.0000;None;178800.0000
3424;2023-03-12 14:23:10.387000;3;104446;1;1;5800.0000;1;16556.0000;None;178800.0000
3424;2023-03-12 14:23:10.387000;3;102748;1;1;15800.0000;1;16556.0000;None;178800.0000
3424;2023-03-12 15:08:25.667000;7;1303;1;1;0.0000;1;16556.0000;None;178800.0000
3425;2023-03-12 14:15:04.387000;1;103111;1;1;0.0000;1;27463.0000;None;296600.0000
3425;2023-03-12 14:27:00.687000;1;101244;1;1;29800.0000;1;27463.0000;None;296600.0000
3425;2023-03-12 14:27:00.687000;7;1001;1;1;0.0000;1;27463.0000;None;296600.0000
3425;2023-03-12 14:27:00.687000;7;1001;1;1;0.0000;1;27463.0000;None;296600.0000
3425;2023-03-12 14:27:00.687000;1;103441;1;1;31800.0000;1;27463.0000;None;296600.0000
3425;2023-03-12 14:27:00.687000;1;103441;1;1;31800.0000;1;27463.0000;None;296600.0000
3425;2023-03-12 14:27:00.687000;1;102036;1;1;43800.0000;1;27463.0000;None;296600.0000
3425;2023-03-12 14:27:00.687000;1;101664;1;1;48800.0000;1;27463.0000;None;296600.0000
3425;2023-03-12 14:27:00.687000;1;101433;1;1;0.0000;1;27463.0000;None;296600.0000
3425;2023-03-12 14:27:00.687000;3;102747;1;1;4800.0000;1;27463.0000;None;296600.0000
3425;2023-03-12 14:27:00.687000;2;101728;1;1;33800.0000;1;27463.0000;None;296600.0000
3425;2023-03-12 14:27:00.687000;3;200004;1;1;9800.0000;1;27463.0000;None;296600.0000
3425;2023-03-12 14:27:00.687000;2;101193;1;1;28800.0000;1;27463.0000;None;296600.0000
3425;2023-03-12 14:27:00.687000;6;101475;1;1;0.0000;1;27463.0000;None;296600.0000
3425;2023-03-12 14:27:27.957000;6;106272;1;4;0.0000;1;27463.0000;None;296600.0000
3425;2023-03-12 14:47:05.297000;7;1220;1;1;0.0000;1;27463.0000;None;296600.0000
3425;2023-03-12 15:19:24.477000;1;101043;1;1;21800.0000;1;27463.0000;None;296600.0000
3425;2023-03-12 15:19:24.477000;7;1135;1;1;0.0000;1;27463.0000;None;296600.0000
3425;2023-03-12 15:19:24.477000;3;100614;1;1;5800.0000;1;27463.0000;None;296600.0000
3425;2023-03-12 15:19:24.477000;3;100614;1;1;5800.0000;1;27463.0000;None;296600.0000
3425;2023-03-12 15:37:52.453000;7;1303;1;1;0.0000;1;27463.0000;None;296600.0000
3426;2023-03-12 14:22:21.713000;1;103111;1;1;0.0000;1;18389.0000;None;198600.0000
3426;2023-03-12 14:30:13.160000;3;201704;1;1;15800.0000;1;18389.0000;None;198600.0000
3426;2023-03-12 14:30:13.160000;7;2050;1;1;0.0000;1;18389.0000;None;198600.0000
3426;2023-03-12 14:30:13.160000;7;2015;1;2;0.0000;1;18389.0000;None;198600.0000
3426;2023-03-12 14:30:13.160000;2;105918;1;1;27800.0000;1;18389.0000;None;198600.0000
3426;2023-03-12 14:30:13.160000;2;105918;1;1;27800.0000;1;18389.0000;None;198600.0000
3426;2023-03-12 14:30:34.493000;1;101665;1;1;39800.0000;1;18389.0000;None;198600.0000
3426;2023-03-12 14:30:34.493000;7;1112;1;1;0.0000;1;18389.0000;None;198600.0000
3426;2023-03-12 14:30:34.493000;1;101552;1;1;0.0000;1;18389.0000;None;198600.0000
3426;2023-03-12 14:30:34.493000;1;104009;1;1;26800.0000;1;18389.0000;None;198600.0000
3426;2023-03-12 15:01:31.613000;1;103899;1;1;16800.0000;1;18389.0000;None;198600.0000
3426;2023-03-12 15:01:31.613000;2;109187;1;1;43800.0000;1;18389.0000;None;198600.0000
3426;2023-03-12 15:27:49.090000;7;1303;1;1;0.0000;1;18389.0000;None;198600.0000
3427;2023-03-12 14:37:30.650000;1;103111;1;1;0.0000;1;12685.0000;None;137000.0000
3427;2023-03-12 14:37:37.507000;1;101267;1;1;28800.0000;1;12685.0000;None;137000.0000
3427;2023-03-12 14:37:53.737000;3;102748;1;1;15800.0000;1;12685.0000;None;137000.0000
3427;2023-03-12 14:37:53.737000;2;108132;1;1;23800.0000;1;12685.0000;None;137000.0000
3427;2023-03-12 14:40:31.460000;1;103784;1;1;29800.0000;1;12685.0000;None;137000.0000
3427;2023-03-12 14:40:31.460000;6;101535;1;1;0.0000;1;12685.0000;None;137000.0000
3427;2023-03-12 14:40:31.460000;1;109203;1;1;38800.0000;1;12685.0000;None;137000.0000
3427;2023-03-12 14:40:31.460000;7;1135;1;1;0.0000;1;12685.0000;None;137000.0000
3427;2023-03-12 14:40:31.460000;7;1045;1;1;0.0000;1;12685.0000;None;137000.0000
3427;2023-03-12 14:52:11.817000;7;1220;1;1;0.0000;1;12685.0000;None;137000.0000
3429;2023-03-12 15:07:40.263000;6;106272;1;4;0.0000;1;13963.0000;None;150800.0000
3429;2023-03-12 15:07:40.263000;3;200008;1;1;15800.0000;1;13963.0000;None;150800.0000
3429;2023-03-12 15:07:40.263000;2;109584;1;1;23800.0000;1;13963.0000;None;150800.0000
3429;2023-03-12 15:07:40.263000;1;103347;5;1;59800.0000;1;13963.0000;None;150800.0000
3429;2023-03-12 15:09:58.787000;1;101015;1;1;32800.0000;1;13963.0000;None;150800.0000
3429;2023-03-12 15:11:46.373000;3;200006;1;1;9800.0000;1;13963.0000;None;150800.0000
3429;2023-03-12 15:11:46.373000;7;1207;1;1;0.0000;1;13963.0000;None;150800.0000
3429;2023-03-12 15:12:32.233000;3;200008;1;-1;-15800.0000;1;13963.0000;None;150800.0000
3429;2023-03-12 15:12:32.233000;7;2002;1;-1;0.0000;1;13963.0000;None;150800.0000
3429;2023-03-12 15:12:32.233000;1;101270;1;-1;0.0000;1;13963.0000;None;150800.0000
3429;2023-03-12 16:08:27.703000;1;109356;1;1;18800.0000;1;13963.0000;None;150800.0000
3429;2023-03-12 16:08:27.703000;3;100614;1;1;5800.0000;1;13963.0000;None;150800.0000
3429;2023-03-12 16:38:02.557000;7;1303;1;1;0.0000;1;13963.0000;None;150800.0000
3430;2023-03-12 15:08:48.470000;6;106272;1;4;0.0000;1;27870.0000;None;301000.0000
3430;2023-03-12 15:08:48.470000;3;102749;1;1;5800.0000;1;27870.0000;None;301000.0000
3430;2023-03-12 15:08:48.470000;3;102748;1;1;15800.0000;1;27870.0000;None;301000.0000
3430;2023-03-12 15:08:48.470000;3;104446;1;1;5800.0000;1;27870.0000;None;301000.0000
3430;2023-03-12 15:08:48.470000;7;2006;1;1;0.0000;1;27870.0000;None;301000.0000
3430;2023-03-12 15:08:48.470000;2;105918;1;1;27800.0000;1;27870.0000;None;301000.0000
3430;2023-03-12 15:16:15.507000;1;101269;1;1;42800.0000;1;27870.0000;None;301000.0000
3430;2023-03-12 15:23:38.463000;1;103434;1;1;34800.0000;1;27870.0000;None;301000.0000
3430;2023-03-12 15:23:38.463000;1;103784;1;1;29800.0000;1;27870.0000;None;301000.0000
3430;2023-03-12 15:23:38.463000;1;103791;1;1;39800.0000;1;27870.0000;None;301000.0000
3430;2023-03-12 15:23:38.463000;1;103791;1;1;39800.0000;1;27870.0000;None;301000.0000
3430;2023-03-12 15:42:10.570000;3;102749;1;1;5800.0000;1;27870.0000;None;301000.0000
3430;2023-03-12 15:42:10.570000;3;201237;1;1;6800.0000;1;27870.0000;None;301000.0000
3430;2023-03-12 15:42:10.570000;2;105918;1;1;27800.0000;1;27870.0000;None;301000.0000
3430;2023-03-12 16:01:34.127000;3;201146;1;1;6800.0000;1;27870.0000;None;301000.0000
3430;2023-03-12 16:01:34.127000;7;2015;1;2;0.0000;1;27870.0000;None;301000.0000
3430;2023-03-12 16:09:45.793000;3;100999;1;1;5800.0000;1;27870.0000;None;301000.0000
3430;2023-03-12 16:09:45.793000;3;100614;1;1;5800.0000;1;27870.0000;None;301000.0000
3431;2023-03-12 15:14:12.950000;3;201146;1;1;6800.0000;1;630.0000;None;6800.0000
3431;2023-03-12 15:14:12.950000;7;2050;1;1;0.0000;1;630.0000;None;6800.0000
3432;2023-03-12 15:24:35.673000;6;106272;1;4;0.0000;1;20204.0000;None;218200.0000
3432;2023-03-12 15:37:17.637000;3;201146;1;1;6800.0000;1;20204.0000;None;218200.0000
3432;2023-03-12 15:37:17.637000;7;2015;1;2;0.0000;1;20204.0000;None;218200.0000
3432;2023-03-12 15:37:17.637000;2;101746;1;1;30800.0000;1;20204.0000;None;218200.0000
3432;2023-03-12 15:37:17.637000;2;101746;1;1;30800.0000;1;20204.0000;None;218200.0000
3432;2023-03-12 15:37:42.917000;1;103773;1;1;14800.0000;1;20204.0000;None;218200.0000
3432;2023-03-12 15:37:42.917000;1;103773;1;1;14800.0000;1;20204.0000;None;218200.0000
3432;2023-03-12 15:37:42.917000;7;1001;1;1;0.0000;1;20204.0000;None;218200.0000
3432;2023-03-12 15:37:42.917000;1;102877;1;1;49800.0000;1;20204.0000;None;218200.0000
3432;2023-03-12 15:37:42.917000;1;101519;1;1;0.0000;1;20204.0000;None;218200.0000
3432;2023-03-12 15:37:42.917000;1;101418;1;1;0.0000;1;20204.0000;None;218200.0000
3432;2023-03-12 15:37:42.917000;1;102877;1;1;49800.0000;1;20204.0000;None;218200.0000
3432;2023-03-12 15:37:42.917000;6;109655;1;1;0.0000;1;20204.0000;None;218200.0000
3432;2023-03-12 15:37:42.917000;1;101418;1;1;0.0000;1;20204.0000;None;218200.0000
3432;2023-03-12 16:01:25.747000;7;1220;1;1;0.0000;1;20204.0000;None;218200.0000
3432;2023-03-12 16:01:25.747000;7;1220;1;1;0.0000;1;20204.0000;None;218200.0000
3432;2023-03-12 16:16:02.937000;2;201615;1;1;14800.0000;1;20204.0000;None;218200.0000
3432;2023-03-12 16:43:18.333000;3;100614;1;1;5800.0000;1;20204.0000;None;218200.0000
3434;2023-03-12 15:46:16.237000;1;103111;1;1;0.0000;1;38676.0000;None;417700.0000
3434;2023-03-12 15:46:16.237000;3;102620;1;1;8800.0000;1;38676.0000;None;417700.0000
3434;2023-03-12 15:46:16.237000;7;2042;1;1;0.0000;1;38676.0000;None;417700.0000
3434;2023-03-12 15:46:16.237000;3;201206;1;1;6800.0000;1;38676.0000;None;417700.0000
3434;2023-03-12 15:46:16.237000;2;200142;1;1;112800.0000;1;38676.0000;None;417700.0000
3434;2023-03-12 15:46:16.237000;7;2015;1;2;0.0000;1;38676.0000;None;417700.0000
3434;2023-03-12 15:54:59.750000;1;103381;1;1;58800.0000;1;38676.0000;None;417700.0000
3434;2023-03-12 16:01:41.950000;1;102177;1;1;2500.0000;1;38676.0000;None;417700.0000
3434;2023-03-12 16:03:51.947000;3;102620;1;1;8800.0000;1;38676.0000;None;417700.0000
3434;2023-03-12 16:16:42.570000;1;101203;1;1;51800.0000;1;38676.0000;None;417700.0000
3434;2023-03-12 16:16:42.570000;1;103788;1;1;39800.0000;1;38676.0000;None;417700.0000
3434;2023-03-12 16:16:42.570000;6;101438;1;1;0.0000;1;38676.0000;None;417700.0000
3434;2023-03-12 16:16:42.570000;1;102753;1;1;67800.0000;1;38676.0000;None;417700.0000
3434;2023-03-12 16:16:42.570000;6;101470;1;1;0.0000;1;38676.0000;None;417700.0000
3434;2023-03-12 16:16:42.570000;1;103417;1;1;59800.0000;1;38676.0000;None;417700.0000
3434;2023-03-12 16:54:51.260000;7;1303;1;1;0.0000;1;38676.0000;None;417700.0000
3435;2023-03-12 15:46:30.873000;3;200004;1;1;9800.0000;1;6241.0000;None;67400.0000
3435;2023-03-12 15:51:23.440000;1;103782;1;1;27800.0000;1;6241.0000;None;67400.0000
3435;2023-03-12 15:51:23.440000;6;101470;1;1;0.0000;1;6241.0000;None;67400.0000
3435;2023-03-12 15:51:23.440000;1;108526;1;1;29800.0000;1;6241.0000;None;67400.0000
3435;2023-03-12 16:19:10.667000;7;1303;1;1;0.0000;1;6241.0000;None;67400.0000
3436;2023-03-12 15:50:06.653000;6;106272;1;4;0.0000;1;12454.0000;None;134500.0000
3436;2023-03-12 15:55:34.303000;3;201211;1;2;13600.0000;1;12454.0000;None;134500.0000
3436;2023-03-12 15:55:34.303000;7;2042;1;2;0.0000;1;12454.0000;None;134500.0000
3436;2023-03-12 15:55:34.303000;1;103419;1;1;51800.0000;1;12454.0000;None;134500.0000
3436;2023-03-12 15:55:34.303000;1;101203;1;1;51800.0000;1;12454.0000;None;134500.0000
3436;2023-03-12 16:04:10.473000;1;102177;1;1;2500.0000;1;12454.0000;None;134500.0000
3436;2023-03-12 16:30:29.610000;1;103372;1;1;14800.0000;1;12454.0000;None;134500.0000
3436;2023-03-12 16:39:02.587000;7;1303;1;1;0.0000;1;12454.0000;None;134500.0000
3437;2023-03-12 15:57:24.507000;6;106272;1;4;0.0000;1;26972.0000;None;291300.0000
3437;2023-03-12 15:57:24.507000;1;101244;1;1;29800.0000;1;26972.0000;None;291300.0000
3437;2023-03-12 15:57:24.507000;1;102025;1;1;31800.0000;1;26972.0000;None;291300.0000
3437;2023-03-12 15:57:24.507000;3;201211;1;1;6800.0000;1;26972.0000;None;291300.0000
3437;2023-03-12 15:57:24.507000;7;2042;1;1;0.0000;1;26972.0000;None;291300.0000
3437;2023-03-12 16:00:06.850000;3;201237;1;1;6800.0000;1;26972.0000;None;291300.0000
3437;2023-03-12 16:05:58.037000;1;106353;1;1;79800.0000;1;26972.0000;None;291300.0000
3437;2023-03-12 16:05:58.037000;7;1006;1;1;0.0000;1;26972.0000;None;291300.0000
3437;2023-03-12 16:05:58.037000;7;1306;1;1;0.0000;1;26972.0000;None;291300.0000
3437;2023-03-12 16:05:58.037000;1;108235;1;1;0.0000;1;26972.0000;None;291300.0000
3437;2023-03-12 16:05:58.037000;7;1135;1;1;0.0000;1;26972.0000;None;291300.0000
3437;2023-03-12 16:05:58.037000;7;1045;1;1;0.0000;1;26972.0000;None;291300.0000
3437;2023-03-12 16:12:31.520000;7;1220;1;1;0.0000;1;26972.0000;None;291300.0000
3437;2023-03-12 16:21:06.300000;1;103449;1;1;29800.0000;1;26972.0000;None;291300.0000
3437;2023-03-12 16:21:06.300000;7;1135;1;1;0.0000;1;26972.0000;None;291300.0000
3437;2023-03-12 16:21:06.300000;1;102025;1;1;31800.0000;1;26972.0000;None;291300.0000
3437;2023-03-12 16:21:06.300000;1;101244;1;1;29800.0000;1;26972.0000;None;291300.0000
3437;2023-03-12 16:21:06.300000;7;1135;1;1;0.0000;1;26972.0000;None;291300.0000
3437;2023-03-12 16:21:06.300000;1;102177;1;1;2500.0000;1;26972.0000;None;291300.0000
3437;2023-03-12 16:21:06.300000;7;1135;1;1;0.0000;1;26972.0000;None;291300.0000
3437;2023-03-12 16:26:19.523000;3;201237;1;1;6800.0000;1;26972.0000;None;291300.0000
3437;2023-03-12 16:32:20.547000;1;109356;1;1;18800.0000;1;26972.0000;None;291300.0000
3437;2023-03-12 16:36:09.193000;1;101891;1;1;16800.0000;1;26972.0000;None;291300.0000
3437;2023-03-12 16:41:23.270000;7;1303;1;1;0.0000;1;26972.0000;None;291300.0000
3438;2023-03-12 16:03:06.777000;3;201146;1;1;6800.0000;1;20685.0000;None;223400.0000
3438;2023-03-12 16:03:06.777000;7;2050;1;1;0.0000;1;20685.0000;None;223400.0000
3438;2023-03-12 16:03:06.777000;2;109585;1;1;30800.0000;1;20685.0000;None;223400.0000
3438;2023-03-12 16:03:28.510000;1;103771;1;1;29800.0000;1;20685.0000;None;223400.0000
3438;2023-03-12 16:03:28.510000;1;103771;1;1;29800.0000;1;20685.0000;None;223400.0000
3438;2023-03-12 16:03:28.510000;7;1001;1;1;0.0000;1;20685.0000;None;223400.0000
3438;2023-03-12 16:03:28.510000;1;103788;1;1;39800.0000;1;20685.0000;None;223400.0000
3438;2023-03-12 16:03:28.510000;6;101624;1;1;0.0000;1;20685.0000;None;223400.0000
3438;2023-03-12 16:03:28.510000;1;103514;1;1;59800.0000;1;20685.0000;None;223400.0000
3438;2023-03-12 16:18:45.380000;7;1220;1;1;0.0000;1;20685.0000;None;223400.0000
3438;2023-03-12 16:38:14.977000;1;103961;1;1;16800.0000;1;20685.0000;None;223400.0000
3438;2023-03-12 16:38:14.977000;3;102102;1;1;9800.0000;1;20685.0000;None;223400.0000
3439;2023-03-12 16:09:20.133000;1;107647;1;1;36800.0000;1;13593.0000;None;146800.0000
3439;2023-03-12 16:09:20.133000;7;1001;1;1;0.0000;1;13593.0000;None;146800.0000
3439;2023-03-12 16:09:20.133000;7;1001;1;1;0.0000;1;13593.0000;None;146800.0000
3439;2023-03-12 16:09:20.133000;1;102437;1;1;37800.0000;1;13593.0000;None;146800.0000
3439;2023-03-12 16:09:20.133000;1;109420;1;1;52800.0000;1;13593.0000;None;146800.0000
3439;2023-03-12 16:09:20.133000;3;200004;1;1;9800.0000;1;13593.0000;None;146800.0000
3439;2023-03-12 16:09:20.133000;1;101270;1;1;0.0000;1;13593.0000;None;146800.0000
3439;2023-03-12 16:09:20.133000;3;102747;1;1;4800.0000;1;13593.0000;None;146800.0000
3439;2023-03-12 16:22:38.713000;7;1220;1;1;0.0000;1;13593.0000;None;146800.0000
3439;2023-03-12 16:30:41.070000;3;102747;1;1;4800.0000;1;13593.0000;None;146800.0000
3439;2023-03-12 16:52:01.670000;7;1303;1;1;0.0000;1;13593.0000;None;146800.0000
3440;2023-03-12 16:50:57.507000;1;103771;1;1;29800.0000;1;7000.0000;None;75600.0000
3440;2023-03-12 16:50:57.507000;1;108550;1;1;45800.0000;1;7000.0000;None;75600.0000
3441;2023-03-12 17:03:17.207000;6;106272;1;4;0.0000;1;27259.0000;None;294400.0000
3441;2023-03-12 17:05:18.167000;1;101178;1;1;44800.0000;1;27259.0000;None;294400.0000
3441;2023-03-12 17:05:18.167000;1;101244;1;1;29800.0000;1;27259.0000;None;294400.0000
3441;2023-03-12 17:05:18.167000;3;201269;1;3;20400.0000;1;27259.0000;None;294400.0000
3441;2023-03-12 17:05:18.167000;3;108191;1;3;0.0000;1;27259.0000;None;294400.0000
3441;2023-03-12 17:05:18.167000;2;201187;1;1;10800.0000;1;27259.0000;None;294400.0000
3441;2023-03-12 17:22:39.307000;1;103560;1;1;38800.0000;1;27259.0000;None;294400.0000
3441;2023-03-12 17:22:39.307000;1;103559;1;1;46800.0000;1;27259.0000;None;294400.0000
3441;2023-03-12 17:22:39.307000;1;103784;1;1;29800.0000;1;27259.0000;None;294400.0000
3441;2023-03-12 17:22:39.307000;6;101624;1;1;0.0000;1;27259.0000;None;294400.0000
3441;2023-03-12 17:22:39.307000;1;103172;1;1;24800.0000;1;27259.0000;None;294400.0000
3441;2023-03-12 17:22:39.307000;6;101535;1;1;0.0000;1;27259.0000;None;294400.0000
3441;2023-03-12 17:46:48.333000;2;201187;1;1;10800.0000;1;27259.0000;None;294400.0000
3441;2023-03-12 18:08:14.917000;1;101043;1;1;21800.0000;1;27259.0000;None;294400.0000
3441;2023-03-12 18:10:15.050000;1;104004;1;1;15800.0000;1;27259.0000;None;294400.0000
3441;2023-03-12 18:10:15.050000;7;1157;1;1;0.0000;1;27259.0000;None;294400.0000
3442;2023-03-12 17:25:05.557000;6;106272;1;5;0.0000;1;26954.0000;None;291100.0000
3442;2023-03-12 17:37:04.427000;3;201211;1;1;6800.0000;1;26954.0000;None;291100.0000
3442;2023-03-12 17:37:04.427000;3;201211;1;1;6800.0000;1;26954.0000;None;291100.0000
3442;2023-03-12 17:37:04.427000;3;102749;1;1;5800.0000;1;26954.0000;None;291100.0000
3442;2023-03-12 17:37:04.427000;7;2050;1;1;0.0000;1;26954.0000;None;291100.0000
3442;2023-03-12 17:37:04.427000;3;102748;1;1;15800.0000;1;26954.0000;None;291100.0000
3442;2023-03-12 17:37:04.427000;3;201237;1;1;6800.0000;1;26954.0000;None;291100.0000
3442;2023-03-12 17:37:04.427000;1;102177;1;1;2500.0000;1;26954.0000;None;291100.0000
3442;2023-03-12 17:37:19.633000;1;103421;1;1;42800.0000;1;26954.0000;None;291100.0000
3442;2023-03-12 17:50:10.537000;1;103788;1;1;39800.0000;1;26954.0000;None;291100.0000
3442;2023-03-12 17:50:10.537000;6;101438;1;1;0.0000;1;26954.0000;None;291100.0000
3442;2023-03-12 17:50:10.537000;1;103784;1;1;29800.0000;1;26954.0000;None;291100.0000
3442;2023-03-12 17:50:10.537000;6;101438;1;1;0.0000;1;26954.0000;None;291100.0000
3442;2023-03-12 17:50:10.537000;1;103846;1;1;48800.0000;1;26954.0000;None;291100.0000
3442;2023-03-12 17:50:10.537000;6;101438;1;1;0.0000;1;26954.0000;None;291100.0000
3442;2023-03-12 17:50:10.537000;1;103782;1;1;27800.0000;1;26954.0000;None;291100.0000
3442;2023-03-12 17:50:10.537000;6;101624;1;1;0.0000;1;26954.0000;None;291100.0000
3442;2023-03-12 17:50:10.537000;1;101203;1;1;51800.0000;1;26954.0000;None;291100.0000
3442;2023-03-12 18:06:16.043000;1;102314;1;1;5800.0000;1;26954.0000;None;291100.0000
3442;2023-03-12 18:35:37.030000;7;1303;1;1;0.0000;1;26954.0000;None;291100.0000
3443;2023-03-12 17:39:39.243000;6;106272;1;4;0.0000;1;8759.0000;None;94600.0000
3443;2023-03-12 17:47:09.870000;2;103524;1;1;49800.0000;1;8759.0000;None;94600.0000
3443;2023-03-12 17:47:09.870000;2;102934;1;1;44800.0000;1;8759.0000;None;94600.0000
3443;2023-03-12 19:00:25.387000;7;1303;1;1;0.0000;1;8759.0000;None;94600.0000
3444;2023-03-12 17:50:18.833000;6;106272;1;4;0.0000;1;6167.0000;None;66600.0000
3444;2023-03-12 17:57:29.693000;1;103773;1;1;14800.0000;1;6167.0000;None;66600.0000
3444;2023-03-12 17:57:29.693000;1;101203;1;1;51800.0000;1;6167.0000;None;66600.0000
3444;2023-03-12 18:31:21.147000;7;1303;1;1;0.0000;1;6167.0000;None;66600.0000
3445;2023-03-12 18:11:08.147000;6;106272;1;4;0.0000;1;11204.0000;None;121000.0000
3445;2023-03-12 18:14:15.427000;1;103419;1;1;51800.0000;1;11204.0000;None;121000.0000
3445;2023-03-12 18:14:15.427000;1;103429;1;1;49800.0000;1;11204.0000;None;121000.0000
3445;2023-03-12 18:14:15.427000;3;102747;1;1;4800.0000;1;11204.0000;None;121000.0000
3445;2023-03-12 18:14:15.427000;7;2042;1;1;0.0000;1;11204.0000;None;121000.0000
3445;2023-03-12 18:14:15.427000;7;2072;1;1;0.0000;1;11204.0000;None;121000.0000
3445;2023-03-12 18:14:15.427000;3;102747;1;1;4800.0000;1;11204.0000;None;121000.0000
3445;2023-03-12 18:14:15.427000;7;2042;1;1;0.0000;1;11204.0000;None;121000.0000
3445;2023-03-12 18:14:15.427000;3;200004;1;1;9800.0000;1;11204.0000;None;121000.0000
3445;2023-03-12 18:14:15.427000;1;101270;1;1;0.0000;1;11204.0000;None;121000.0000
3445;2023-03-12 18:46:06.683000;7;1303;1;1;0.0000;1;11204.0000;None;121000.0000
3446;2023-03-12 18:27:57.737000;1;103111;1;1;0.0000;1;18389.0000;None;198600.0000
3446;2023-03-12 18:29:11.880000;6;106272;1;4;0.0000;1;18389.0000;None;198600.0000
3446;2023-03-12 18:37:27.197000;3;200004;1;1;9800.0000;1;18389.0000;None;198600.0000
3446;2023-03-12 18:37:27.197000;1;101270;1;1;0.0000;1;18389.0000;None;198600.0000
3446;2023-03-12 18:37:27.197000;3;102635;1;1;8800.0000;1;18389.0000;None;198600.0000
3446;2023-03-12 18:37:27.197000;7;2042;1;1;0.0000;1;18389.0000;None;198600.0000
3446;2023-03-12 18:37:27.197000;2;101728;1;1;33800.0000;1;18389.0000;None;198600.0000
3446;2023-03-12 18:37:55.110000;1;103898;1;1;26800.0000;1;18389.0000;None;198600.0000
3446;2023-03-12 18:37:55.110000;7;1001;1;1;0.0000;1;18389.0000;None;198600.0000
3446;2023-03-12 18:37:55.110000;7;1001;1;1;0.0000;1;18389.0000;None;198600.0000
3446;2023-03-12 18:37:55.110000;1;101665;1;1;39800.0000;1;18389.0000;None;198600.0000
3446;2023-03-12 18:37:55.110000;1;101519;1;1;0.0000;1;18389.0000;None;198600.0000
3446;2023-03-12 18:37:55.110000;1;103471;1;1;34800.0000;1;18389.0000;None;198600.0000
3446;2023-03-12 18:37:55.110000;1;103515;1;1;44800.0000;1;18389.0000;None;198600.0000
3446;2023-03-12 18:53:27.557000;7;1220;1;1;0.0000;1;18389.0000;None;198600.0000
3448;2023-03-12 18:32:48.940000;1;101891;1;1;16800.0000;1;5352.0000;None;57800.0000
3448;2023-03-12 18:32:48.940000;1;103961;1;1;16800.0000;1;5352.0000;None;57800.0000
3448;2023-03-12 18:32:48.940000;7;1247;1;1;0.0000;1;5352.0000;None;57800.0000
3448;2023-03-12 18:32:48.940000;3;104554;1;1;4800.0000;1;5352.0000;None;57800.0000
3448;2023-03-12 18:32:48.940000;3;100614;1;1;5800.0000;1;5352.0000;None;57800.0000
3448;2023-03-12 18:32:48.940000;3;201146;1;1;6800.0000;1;5352.0000;None;57800.0000
3448;2023-03-12 18:32:48.940000;7;2002;1;2;0.0000;1;5352.0000;None;57800.0000
3448;2023-03-12 18:38:03.160000;3;201146;1;1;6800.0000;1;5352.0000;None;57800.0000
3448;2023-03-12 19:16:20.310000;7;1303;1;1;0.0000;1;5352.0000;None;57800.0000
3449;2023-03-12 19:10:03.097000;1;101190;1;1;34800.0000;1;None;None;34800.0000
3449;2023-03-12 19:10:03.097000;7;1157;1;1;0.0000;1;None;None;34800.0000
3450;2023-03-12 19:49:28.080000;6;106272;1;4;0.0000;1;11111.0000;None;120000.0000
3450;2023-03-12 19:51:21.733000;3;201211;1;1;6800.0000;1;11111.0000;None;120000.0000
3450;2023-03-12 19:51:21.733000;3;201206;1;1;6800.0000;1;11111.0000;None;120000.0000
3450;2023-03-12 19:51:21.733000;3;201237;1;1;6800.0000;1;11111.0000;None;120000.0000
3450;2023-03-12 19:51:21.733000;1;101270;1;1;0.0000;1;11111.0000;None;120000.0000
3450;2023-03-12 19:51:21.733000;7;2016;1;1;0.0000;1;11111.0000;None;120000.0000
3450;2023-03-12 19:51:21.733000;1;107002;1;1;69800.0000;1;11111.0000;None;120000.0000
3450;2023-03-12 19:51:21.733000;7;1306;1;1;0.0000;1;11111.0000;None;120000.0000
3450;2023-03-12 19:51:21.733000;7;1002;1;1;0.0000;1;11111.0000;None;120000.0000
3450;2023-03-12 19:51:21.733000;1;101552;1;1;0.0000;1;11111.0000;None;120000.0000
3450;2023-03-12 19:51:21.733000;1;103449;1;1;29800.0000;1;11111.0000;None;120000.0000
3451;2023-03-12 20:16:07.883000;6;106272;1;4;0.0000;1;6574.0000;None;71000.0000
3451;2023-03-12 20:16:15.200000;3;102635;1;1;8800.0000;1;6574.0000;None;71000.0000
3451;2023-03-12 20:16:15.200000;3;102635;1;1;8800.0000;1;6574.0000;None;71000.0000
3451;2023-03-12 20:17:18.903000;1;101119;1;1;8800.0000;1;6574.0000;None;71000.0000
3451;2023-03-12 20:21:55.207000;1;103771;1;1;29800.0000;1;6574.0000;None;71000.0000
3451;2023-03-12 20:21:55.207000;1;103763;1;1;14800.0000;1;6574.0000;None;71000.0000
3451;2023-03-12 20:50:54.550000;7;1303;1;1;0.0000;1;6574.0000;None;71000.0000
3452;2023-03-12 20:20:35.133000;6;106272;1;9;0.0000;1;3574.0000;None;38600.0000
3452;2023-03-12 20:20:35.133000;6;106272;1;9;0.0000;1;3574.0000;None;38600.0000
3452;2023-03-12 20:20:35.133000;3;201146;1;5;34000.0000;1;3574.0000;None;38600.0000
3452;2023-03-12 20:20:35.133000;3;201269;1;1;6800.0000;1;3574.0000;None;38600.0000
3452;2023-03-12 20:20:35.133000;1;101270;1;1;0.0000;1;3574.0000;None;38600.0000
3452;2023-03-12 20:20:35.133000;7;2016;1;1;0.0000;1;3574.0000;None;38600.0000
3452;2023-03-12 20:26:34.600000;1;103134;1;1;31800.0000;1;3574.0000;None;38600.0000
3452;2023-03-12 20:26:34.600000;6;101525;1;1;0.0000;1;3574.0000;None;38600.0000
3452;2023-03-12 20:32:09.513000;3;201269;1;-1;-6800.0000;1;3574.0000;None;38600.0000
3452;2023-03-12 20:32:09.513000;1;101270;1;-1;0.0000;1;3574.0000;None;38600.0000
3452;2023-03-12 20:32:09.513000;7;2016;1;-1;0.0000;1;3574.0000;None;38600.0000
3452;2023-03-12 20:32:09.513000;3;201146;1;-5;-34000.0000;1;3574.0000;None;38600.0000
3452;2023-03-12 20:32:09.513000;3;201146;1;1;6800.0000;1;3574.0000;None;38600.0000
13484;2023-03-12 12:26:30.713000;1;102035;1;1;35800.0000;1;3315.0000;None;35800.0000
13484;2023-03-12 12:26:30.713000;7;1135;1;1;0.0000;1;3315.0000;None;35800.0000
13485;2023-03-12 12:58:34.240000;1;103434;1;1;34800.0000;1;None;None;198200.0000
13485;2023-03-12 12:58:34.240000;1;103421;1;1;42800.0000;1;None;None;198200.0000
13485;2023-03-12 12:58:34.240000;1;103784;1;1;29800.0000;1;None;None;198200.0000
13485;2023-03-12 12:58:34.240000;6;101624;1;1;0.0000;1;None;None;198200.0000
13485;2023-03-12 12:58:34.240000;1;103702;1;1;37800.0000;1;None;None;198200.0000
13485;2023-03-12 12:58:34.240000;1;100963;1;1;0.0000;1;None;None;198200.0000
13485;2023-03-12 12:58:34.240000;1;103750;1;1;37800.0000;1;None;None;198200.0000
13485;2023-03-12 12:58:34.240000;7;1109;1;1;0.0000;1;None;None;198200.0000
13485;2023-03-12 12:58:34.240000;7;1083;1;1;0.0000;1;None;None;198200.0000
13485;2023-03-12 12:58:34.240000;7;1135;1;1;0.0000;1;None;None;198200.0000
13485;2023-03-12 12:58:34.240000;1;102222;1;4;15200.0000;1;None;None;198200.0000
13485;2023-03-12 12:58:34.240000;7;1157;1;1;0.0000;1;None;None;198200.0000
13486;2023-03-12 13:45:15.667000;1;102352;1;1;19800.0000;1;None;None;19800.0000
13489;2023-03-12 13:19:04.783000;1;101284;1;1;29800.0000;1;11407.0000;None;123200.0000
13489;2023-03-12 13:31:55.897000;6;101611;1;1;0.0000;1;11407.0000;None;123200.0000
13489;2023-03-12 13:35:17.787000;1;102877;1;1;49800.0000;1;11407.0000;None;123200.0000
13489;2023-03-12 13:35:17.787000;7;1306;1;1;0.0000;1;11407.0000;None;123200.0000
13489;2023-03-12 13:35:17.787000;1;101552;1;1;0.0000;1;11407.0000;None;123200.0000
13489;2023-03-12 13:35:17.787000;1;103434;1;1;34800.0000;1;11407.0000;None;123200.0000
13489;2023-03-12 14:09:45.140000;3;102635;1;1;8800.0000;1;11407.0000;None;123200.0000
13490;2023-03-12 13:08:54.237000;3;201211;1;2;13600.0000;1;34278.0000;None;370200.0000
13490;2023-03-12 13:13:22.977000;3;201146;1;1;6800.0000;1;34278.0000;None;370200.0000
13490;2023-03-12 13:13:22.977000;7;2050;1;1;0.0000;1;34278.0000;None;370200.0000
13490;2023-03-12 13:15:42.330000;3;201211;1;1;6800.0000;1;34278.0000;None;370200.0000
13490;2023-03-12 13:15:42.330000;3;201211;1;1;6800.0000;1;34278.0000;None;370200.0000
13490;2023-03-12 13:19:04.783000;1;101178;1;1;44800.0000;1;34278.0000;None;370200.0000
13490;2023-03-12 13:32:29.607000;2;201187;1;1;10800.0000;1;34278.0000;None;370200.0000
13490;2023-03-12 13:35:17.787000;1;103600;1;1;69800.0000;1;34278.0000;None;370200.0000
13490;2023-03-12 13:35:17.787000;7;1006;1;1;0.0000;1;34278.0000;None;370200.0000
13490;2023-03-12 13:35:17.787000;1;101433;1;1;0.0000;1;34278.0000;None;370200.0000
13490;2023-03-12 13:35:17.787000;7;1135;1;1;0.0000;1;34278.0000;None;370200.0000
13490;2023-03-12 13:35:17.787000;1;102877;1;1;49800.0000;1;34278.0000;None;370200.0000
13490;2023-03-12 13:35:17.787000;7;1306;1;1;0.0000;1;34278.0000;None;370200.0000
13490;2023-03-12 13:35:17.787000;1;101519;1;1;0.0000;1;34278.0000;None;370200.0000
13490;2023-03-12 13:35:17.787000;1;103467;1;1;31800.0000;1;34278.0000;None;370200.0000
13490;2023-03-12 13:35:17.787000;1;108266;1;1;52800.0000;1;34278.0000;None;370200.0000
13490;2023-03-12 13:35:17.787000;6;101535;1;1;0.0000;1;34278.0000;None;370200.0000
13490;2023-03-12 13:35:17.787000;1;102877;1;1;49800.0000;1;34278.0000;None;370200.0000
13490;2023-03-12 13:35:17.787000;7;1306;1;1;0.0000;1;34278.0000;None;370200.0000
13490;2023-03-12 13:35:17.787000;1;101433;1;1;0.0000;1;34278.0000;None;370200.0000
13490;2023-03-12 13:36:42.357000;3;201211;1;1;6800.0000;1;34278.0000;None;370200.0000
13490;2023-03-12 14:27:48.107000;1;101308;1;1;19800.0000;1;34278.0000;None;370200.0000
13490;2023-03-12 14:27:48.107000;7;1135;1;1;0.0000;1;34278.0000;None;370200.0000
13492;2023-03-12 15:58:41.757000;2;101808;1;3;557400.0000;1;51611.0000;None;557400.0000
13494;2023-03-12 19:38:02.760000;1;104004;1;1;15800.0000;1;None;None;15800.0000
13495;2023-03-12 20:20:35.133000;3;201269;1;1;6800.0000;1;14333.0000;None;154800.0000
13495;2023-03-12 20:20:35.133000;1;101270;1;1;0.0000;1;14333.0000;None;154800.0000
13495;2023-03-12 20:20:35.133000;7;2016;1;1;0.0000;1;14333.0000;None;154800.0000
13495;2023-03-12 20:26:34.600000;1;103845;1;1;58800.0000;1;14333.0000;None;154800.0000
13495;2023-03-12 20:26:34.600000;7;1306;1;1;0.0000;1;14333.0000;None;154800.0000
13495;2023-03-12 20:26:34.600000;7;1002;1;1;0.0000;1;14333.0000;None;154800.0000
13495;2023-03-12 20:26:34.600000;1;101552;1;1;0.0000;1;14333.0000;None;154800.0000
13495;2023-03-12 20:26:34.600000;1;108550;1;1;45800.0000;1;14333.0000;None;154800.0000
13495;2023-03-12 20:26:34.600000;1;102436;1;1;29800.0000;1;14333.0000;None;154800.0000
13495;2023-03-12 20:32:09.513000;3;201146;1;1;6800.0000;1;14333.0000;None;154800.0000
13495;2023-03-12 20:40:11.213000;3;201146;1;1;6800.0000;1;14333.0000;None;154800.0000
13496;2023-03-12 20:28:59.167000;1;102873;1;1;42800.0000;1;4593.0000;None;49600.0000
13496;2023-03-12 20:28:59.167000;6;101535;1;1;0.0000;1;4593.0000;None;49600.0000
13496;2023-03-12 20:32:09.513000;3;201146;1;1;6800.0000;1;4593.0000;None;49600.0000
13497;2023-03-12 20:28:59.167000;1;103134;1;1;31800.0000;1;2944.0000;None;31800.0000
13497;2023-03-12 20:28:59.167000;6;101525;1;1;0.0000;1;2944.0000;None;31800.0000
13498;2023-03-12 20:20:35.133000;3;201237;1;1;6800.0000;1;4593.0000;None;49600.0000
13498;2023-03-12 20:20:35.133000;1;101270;1;1;0.0000;1;4593.0000;None;49600.0000
13498;2023-03-12 20:20:35.133000;7;2016;1;1;0.0000;1;4593.0000;None;49600.0000
13498;2023-03-12 20:26:34.600000;1;103421;1;1;42800.0000;1;4593.0000;None;49600.0000
13499;2023-03-12 20:26:34.600000;1;102726;1;1;45800.0000;1;4870.0000;None;52600.0000
13499;2023-03-12 20:31:23.017000;3;201206;1;1;6800.0000;1;4870.0000;None;52600.0000
13499;2023-03-12 20:31:23.017000;7;1207;1;1;0.0000;1;4870.0000;None;52600.0000
13500;2023-03-12 20:26:34.600000;1;103600;1;1;69800.0000;1;7093.0000;None;76600.0000
13500;2023-03-12 20:26:34.600000;7;1006;1;1;0.0000;1;7093.0000;None;76600.0000
13500;2023-03-12 20:26:34.600000;1;101519;1;1;0.0000;1;7093.0000;None;76600.0000
13500;2023-03-12 20:32:09.513000;3;201146;1;1;6800.0000;1;7093.0000;None;76600.0000
13501;2023-03-12 20:25:23.103000;3;201237;1;1;6800.0000;1;4130.0000;None;44600.0000
13501;2023-03-12 20:26:34.600000;1;101122;1;1;37800.0000;1;4130.0000;None;44600.0000
13501;2023-03-12 20:26:34.600000;6;105836;1;1;0.0000;1;4130.0000;None;44600.0000
20865;2023-03-12 12:43:46.067000;3;200004;1;1;9800.0000;1;26722.0000;None;288600.0000
20865;2023-03-12 12:43:46.067000;1;101270;1;1;0.0000;1;26722.0000;None;288600.0000
20865;2023-03-12 12:43:46.067000;7;2045;1;1;0.0000;1;26722.0000;None;288600.0000
20865;2023-03-12 12:43:46.067000;7;2042;1;1;0.0000;1;26722.0000;None;288600.0000
20865;2023-03-12 13:03:37.560000;1;103773;1;1;14800.0000;1;26722.0000;None;288600.0000
20865;2023-03-12 13:03:37.560000;1;106655;1;1;13800.0000;1;26722.0000;None;288600.0000
20865;2023-03-12 13:03:37.560000;1;104009;1;1;26800.0000;1;26722.0000;None;288600.0000
20865;2023-03-12 13:03:37.577000;6;101614;1;1;0.0000;1;26722.0000;None;288600.0000
20865;2023-03-12 13:03:37.577000;1;105206;1;1;4800.0000;1;26722.0000;None;288600.0000
20865;2023-03-12 13:04:35.903000;1;103111;1;2;0.0000;1;26722.0000;None;288600.0000
20865;2023-03-12 13:07:31.580000;1;102961;1;1;22800.0000;1;26722.0000;None;288600.0000
20865;2023-03-12 13:09:50.730000;1;103773;1;-1;-14800.0000;1;26722.0000;None;288600.0000
20865;2023-03-12 13:09:50.730000;1;106655;1;-1;-13800.0000;1;26722.0000;None;288600.0000
20865;2023-03-12 13:09:50.730000;6;101535;1;-1;0.0000;1;26722.0000;None;288600.0000
20865;2023-03-12 13:09:50.730000;7;1114;1;-1;0.0000;1;26722.0000;None;288600.0000
20865;2023-03-12 13:09:50.730000;1;104009;1;-1;-26800.0000;1;26722.0000;None;288600.0000
20865;2023-03-12 13:09:50.730000;7;1114;1;-1;0.0000;1;26722.0000;None;288600.0000
20865;2023-03-12 13:09:50.730000;1;105206;1;-1;-4800.0000;1;26722.0000;None;288600.0000
20865;2023-03-12 13:09:50.730000;7;1135;1;-1;0.0000;1;26722.0000;None;288600.0000
20865;2023-03-12 13:13:04.287000;3;102619;1;1;7800.0000;1;26722.0000;None;288600.0000
20865;2023-03-12 13:13:04.287000;3;200004;1;1;9800.0000;1;26722.0000;None;288600.0000
20865;2023-03-12 13:13:04.287000;1;101270;1;1;0.0000;1;26722.0000;None;288600.0000
20865;2023-03-12 13:13:04.287000;3;201211;1;1;6800.0000;1;26722.0000;None;288600.0000
20865;2023-03-12 13:13:04.287000;7;2065;1;1;0.0000;1;26722.0000;None;288600.0000
20865;2023-03-12 13:13:04.287000;3;201211;1;1;6800.0000;1;26722.0000;None;288600.0000
20865;2023-03-12 13:20:50.587000;3;102616;1;1;6800.0000;1;26722.0000;None;288600.0000
20865;2023-03-12 13:20:50.587000;7;2065;1;1;0.0000;1;26722.0000;None;288600.0000
20865;2023-03-12 13:20:50.587000;7;1207;1;1;0.0000;1;26722.0000;None;288600.0000
20865;2023-03-12 13:21:44.257000;3;102619;1;-1;-7800.0000;1;26722.0000;None;288600.0000
20865;2023-03-12 13:21:44.257000;7;2065;1;-1;0.0000;1;26722.0000;None;288600.0000
20865;2023-03-12 13:43:08.760000;1;101244;1;1;29800.0000;1;26722.0000;None;288600.0000
20865;2023-03-12 13:43:08.760000;1;103134;1;1;31800.0000;1;26722.0000;None;288600.0000
20865;2023-03-12 13:43:08.760000;6;101525;1;1;0.0000;1;26722.0000;None;288600.0000
20865;2023-03-12 13:43:08.760000;1;108526;1;1;29800.0000;1;26722.0000;None;288600.0000
20865;2023-03-12 13:43:08.760000;1;109360;1;1;22800.0000;1;26722.0000;None;288600.0000
20865;2023-03-12 13:43:08.760000;6;107346;1;1;0.0000;1;26722.0000;None;288600.0000
20865;2023-03-12 13:43:08.760000;1;103560;1;1;38800.0000;1;26722.0000;None;288600.0000
20865;2023-03-12 13:43:08.760000;1;103567;1;1;31800.0000;1;26722.0000;None;288600.0000
20865;2023-03-12 13:55:42.437000;3;201211;1;1;6800.0000;1;26722.0000;None;288600.0000
20865;2023-03-12 14:36:53.160000;1;103961;1;1;16800.0000;1;26722.0000;None;288600.0000
20865;2023-03-12 14:36:53.160000;3;100614;1;3;17400.0000;1;26722.0000;None;288600.0000
20865;2023-03-12 14:55:28.160000;7;1303;1;1;0.0000;1;26722.0000;None;288600.0000
20866;2023-03-12 13:03:55.757000;1;103111;1;1;0.0000;1;12593.0000;None;136000.0000
20866;2023-03-12 13:11:15.483000;3;201206;1;1;6800.0000;1;12593.0000;None;136000.0000
20866;2023-03-12 13:11:15.483000;3;102747;1;1;4800.0000;1;12593.0000;None;136000.0000
20866;2023-03-12 13:11:49.340000;1;101092;1;1;55800.0000;1;12593.0000;None;136000.0000
20866;2023-03-12 13:11:49.340000;7;1302;1;1;0.0000;1;12593.0000;None;136000.0000
20866;2023-03-12 13:11:49.340000;1;101552;1;1;0.0000;1;12593.0000;None;136000.0000
20866;2023-03-12 13:11:49.340000;1;103515;1;1;44800.0000;1;12593.0000;None;136000.0000
20866;2023-03-12 13:51:33.127000;1;102541;1;1;23800.0000;1;12593.0000;None;136000.0000
20866;2023-03-12 14:35:43.747000;7;1303;1;1;0.0000;1;12593.0000;None;136000.0000
20867;2023-03-12 13:08:54.237000;2;200480;1;1;12800.0000;1;29833.0000;None;322200.0000
20867;2023-03-12 13:08:54.237000;2;201187;1;1;10800.0000;1;29833.0000;None;322200.0000
20867;2023-03-12 13:13:22.977000;2;201187;1;1;10800.0000;1;29833.0000;None;322200.0000
20867;2023-03-12 13:19:04.783000;1;101178;1;1;44800.0000;1;29833.0000;None;322200.0000
20867;2023-03-12 13:32:29.607000;3;102747;1;1;4800.0000;1;29833.0000;None;322200.0000
20867;2023-03-12 13:32:29.607000;7;2073;1;1;0.0000;1;29833.0000;None;322200.0000
20867;2023-03-12 13:32:29.607000;6;101611;1;1;0.0000;1;29833.0000;None;322200.0000
20867;2023-03-12 13:35:17.787000;1;102877;1;1;49800.0000;1;29833.0000;None;322200.0000
20867;2023-03-12 13:35:17.787000;7;1306;1;1;0.0000;1;29833.0000;None;322200.0000
20867;2023-03-12 13:35:17.787000;1;101433;1;1;0.0000;1;29833.0000;None;322200.0000
20867;2023-03-12 13:35:17.787000;1;103421;1;1;42800.0000;1;29833.0000;None;322200.0000
20867;2023-03-12 13:35:17.787000;1;102753;1;1;67800.0000;1;29833.0000;None;322200.0000
20867;2023-03-12 13:35:17.787000;6;101535;1;1;0.0000;1;29833.0000;None;322200.0000
20867;2023-03-12 13:35:17.787000;1;103559;1;1;46800.0000;1;29833.0000;None;322200.0000
20867;2023-03-12 14:01:55.180000;3;201211;1;1;6800.0000;1;29833.0000;None;322200.0000
20867;2023-03-12 14:04:54.043000;3;201211;1;1;6800.0000;1;29833.0000;None;322200.0000
20867;2023-03-12 14:04:54.043000;7;2002;1;2;0.0000;1;29833.0000;None;322200.0000
20867;2023-03-12 14:15:19.553000;7;2045;1;1;0.0000;1;29833.0000;None;322200.0000
20867;2023-03-12 14:41:30.447000;3;100614;1;1;5800.0000;1;29833.0000;None;322200.0000
20867;2023-03-12 14:41:30.447000;3;100606;1;1;6800.0000;1;29833.0000;None;322200.0000
20867;2023-03-12 14:41:30.447000;3;104554;1;1;4800.0000;1;29833.0000;None;322200.0000
20868;2023-03-12 13:10:59.947000;1;103111;1;1;0.0000;1;39685.0000;None;428600.0000
20868;2023-03-12 13:12:21.927000;3;200004;1;1;9800.0000;1;39685.0000;None;428600.0000
20868;2023-03-12 13:12:21.927000;1;101270;1;1;0.0000;1;39685.0000;None;428600.0000
20868;2023-03-12 13:12:21.927000;3;102620;1;1;8800.0000;1;39685.0000;None;428600.0000
20868;2023-03-12 13:12:21.927000;7;1207;1;1;0.0000;1;39685.0000;None;428600.0000
20868;2023-03-12 13:12:28.680000;1;101178;1;1;44800.0000;1;39685.0000;None;428600.0000
20868;2023-03-12 13:21:04.767000;3;200004;1;1;9800.0000;1;39685.0000;None;428600.0000
20868;2023-03-12 13:21:04.767000;1;101270;1;1;0.0000;1;39685.0000;None;428600.0000
20868;2023-03-12 13:21:04.767000;3;201146;1;1;6800.0000;1;39685.0000;None;428600.0000
20868;2023-03-12 13:21:04.767000;7;2050;1;1;0.0000;1;39685.0000;None;428600.0000
20868;2023-03-12 13:48:36.933000;1;102069;1;1;35800.0000;1;39685.0000;None;428600.0000
20868;2023-03-12 13:50:28.077000;1;102877;1;1;49800.0000;1;39685.0000;None;428600.0000
20868;2023-03-12 13:50:28.077000;7;1307;1;1;0.0000;1;39685.0000;None;428600.0000
20868;2023-03-12 13:50:28.077000;1;101433;1;1;0.0000;1;39685.0000;None;428600.0000
20868;2023-03-12 13:50:28.077000;1;107002;1;1;69800.0000;1;39685.0000;None;428600.0000
20868;2023-03-12 13:50:28.077000;7;1002;1;1;0.0000;1;39685.0000;None;428600.0000
20868;2023-03-12 13:50:28.077000;7;1135;1;1;0.0000;1;39685.0000;None;428600.0000
20868;2023-03-12 13:50:28.077000;7;1306;1;1;0.0000;1;39685.0000;None;428600.0000
20868;2023-03-12 13:50:28.077000;1;104837;1;1;0.0000;1;39685.0000;None;428600.0000
20868;2023-03-12 13:50:28.077000;1;103187;1;1;89800.0000;1;39685.0000;None;428600.0000
20868;2023-03-12 13:50:28.077000;7;1302;1;1;0.0000;1;39685.0000;None;428600.0000
20868;2023-03-12 13:50:28.077000;1;108235;1;1;0.0000;1;39685.0000;None;428600.0000
20868;2023-03-12 13:50:28.077000;1;103600;1;1;69800.0000;1;39685.0000;None;428600.0000
20868;2023-03-12 13:50:28.077000;7;1302;1;1;0.0000;1;39685.0000;None;428600.0000
20868;2023-03-12 13:50:28.077000;1;101433;1;1;0.0000;1;39685.0000;None;428600.0000
20868;2023-03-12 13:50:28.077000;7;1135;1;1;0.0000;1;39685.0000;None;428600.0000
20868;2023-03-12 13:50:28.077000;7;1045;1;1;0.0000;1;39685.0000;None;428600.0000
20868;2023-03-12 13:50:28.077000;7;1045;1;1;0.0000;1;39685.0000;None;428600.0000
20868;2023-03-12 13:57:26.810000;7;1220;1;1;0.0000;1;39685.0000;None;428600.0000
20868;2023-03-12 14:31:56.283000;1;103377;1;1;16800.0000;1;39685.0000;None;428600.0000
20868;2023-03-12 14:31:56.283000;1;109317;1;1;16800.0000;1;39685.0000;None;428600.0000
20869;2023-03-12 13:45:53.967000;1;103111;1;1;0.0000;1;21315.0000;None;230200.0000
20869;2023-03-12 13:47:43.647000;2;101728;1;1;33800.0000;1;21315.0000;None;230200.0000
20869;2023-03-12 13:47:43.647000;2;101746;1;1;30800.0000;1;21315.0000;None;230200.0000
20869;2023-03-12 13:47:43.647000;7;2045;1;2;0.0000;1;21315.0000;None;230200.0000
20869;2023-03-12 13:52:01.357000;1;104928;1;1;27800.0000;1;21315.0000;None;230200.0000
20869;2023-03-12 14:02:49.117000;1;103530;1;1;44800.0000;1;21315.0000;None;230200.0000
20869;2023-03-12 14:02:49.117000;1;101573;1;1;0.0000;1;21315.0000;None;230200.0000
20869;2023-03-12 14:02:49.117000;1;102876;1;1;29800.0000;1;21315.0000;None;230200.0000
20869;2023-03-12 14:05:39.330000;7;2045;1;1;0.0000;1;21315.0000;None;230200.0000
20869;2023-03-12 14:05:39.330000;1;101270;1;1;0.0000;1;21315.0000;None;230200.0000
20869;2023-03-12 14:05:39.330000;7;1207;1;1;0.0000;1;21315.0000;None;230200.0000
20869;2023-03-12 14:19:30.070000;2;101728;1;1;33800.0000;1;21315.0000;None;230200.0000
20869;2023-03-12 14:41:46.727000;1;102885;1;1;16800.0000;1;21315.0000;None;230200.0000
20869;2023-03-12 14:41:46.727000;3;100613;1;1;5800.0000;1;21315.0000;None;230200.0000
20869;2023-03-12 14:41:46.727000;3;100606;1;1;6800.0000;1;21315.0000;None;230200.0000
20869;2023-03-12 15:05:34.533000;7;1303;1;1;0.0000;1;21315.0000;None;230200.0000
20870;2023-03-12 14:43:35.043000;1;103111;1;1;0.0000;1;39667.0000;None;428400.0000
20870;2023-03-12 14:43:58.693000;3;201146;1;1;6800.0000;1;39667.0000;None;428400.0000
20870;2023-03-12 15:01:26.490000;2;102599;1;1;51800.0000;1;39667.0000;None;428400.0000
20870;2023-03-12 15:01:26.490000;3;201269;1;1;6800.0000;1;39667.0000;None;428400.0000
20870;2023-03-12 15:01:26.490000;1;101270;1;1;0.0000;1;39667.0000;None;428400.0000
20870;2023-03-12 15:01:26.490000;2;200152;1;1;109800.0000;1;39667.0000;None;428400.0000
20870;2023-03-12 15:01:26.490000;7;2008;1;1;0.0000;1;39667.0000;None;428400.0000
20870;2023-03-12 15:01:26.490000;7;2008;1;1;0.0000;1;39667.0000;None;428400.0000
20870;2023-03-12 15:04:28.233000;1;109216;1;1;15800.0000;1;39667.0000;None;428400.0000
20870;2023-03-12 15:06:35.717000;1;103902;1;1;89800.0000;1;39667.0000;None;428400.0000
20870;2023-03-12 15:06:35.717000;7;1002;1;1;0.0000;1;39667.0000;None;428400.0000
20870;2023-03-12 15:06:35.717000;1;108236;1;1;0.0000;1;39667.0000;None;428400.0000
20870;2023-03-12 15:06:35.717000;1;108526;1;1;29800.0000;1;39667.0000;None;428400.0000
20870;2023-03-12 15:06:35.717000;1;103449;1;1;29800.0000;1;39667.0000;None;428400.0000
20870;2023-03-12 15:06:35.717000;7;1135;1;1;0.0000;1;39667.0000;None;428400.0000
20870;2023-03-12 16:07:45.703000;1;101308;1;1;19800.0000;1;39667.0000;None;428400.0000
20870;2023-03-12 16:07:45.703000;1;101891;1;1;16800.0000;1;39667.0000;None;428400.0000
20870;2023-03-12 16:10:34.517000;1;101891;1;1;16800.0000;1;39667.0000;None;428400.0000
20870;2023-03-12 16:10:34.517000;1;105421;1;1;19800.0000;1;39667.0000;None;428400.0000
20870;2023-03-12 16:10:34.517000;1;103120;1;1;14800.0000;1;39667.0000;None;428400.0000
20870;2023-03-12 16:44:04;7;1303;1;1;0.0000;1;39667.0000;None;428400.0000
20871;2023-03-12 15:17:53.177000;1;103111;1;1;0.0000;1;39750.0000;None;429300.0000
20871;2023-03-12 15:17:53.177000;1;103111;1;1;0.0000;1;39750.0000;None;429300.0000
20871;2023-03-12 15:26:03.177000;1;103449;1;1;29800.0000;1;39750.0000;None;429300.0000
20871;2023-03-12 15:26:03.177000;7;1135;1;1;0.0000;1;39750.0000;None;429300.0000
20871;2023-03-12 15:26:03.177000;1;103452;1;1;34800.0000;1;39750.0000;None;429300.0000
20871;2023-03-12 15:26:03.177000;1;103783;1;1;19800.0000;1;39750.0000;None;429300.0000
20871;2023-03-12 15:26:03.177000;6;101624;1;1;0.0000;1;39750.0000;None;429300.0000
20871;2023-03-12 15:26:03.177000;2;202637;1;1;196800.0000;1;39750.0000;None;429300.0000
20871;2023-03-12 15:32:16.167000;2;202368;1;1;168800.0000;1;39750.0000;None;429300.0000
20871;2023-03-12 15:33:16.630000;2;202637;1;-1;-196800.0000;1;39750.0000;None;429300.0000
20871;2023-03-12 15:33:16.630000;7;2015;1;-2;0.0000;1;39750.0000;None;429300.0000
20871;2023-03-12 15:35:43.780000;3;201146;1;2;13600.0000;1;39750.0000;None;429300.0000
20871;2023-03-12 15:35:43.780000;7;2008;1;3;0.0000;1;39750.0000;None;429300.0000
20871;2023-03-12 15:36:38.537000;1;107002;1;1;69800.0000;1;39750.0000;None;429300.0000
20871;2023-03-12 15:36:38.537000;7;105108;1;1;0.0000;1;39750.0000;None;429300.0000
20871;2023-03-12 15:36:38.537000;7;1135;1;1;0.0000;1;39750.0000;None;429300.0000
20871;2023-03-12 15:36:38.537000;7;1006;1;1;0.0000;1;39750.0000;None;429300.0000
20871;2023-03-12 15:36:38.537000;1;100963;1;1;0.0000;1;39750.0000;None;429300.0000
20871;2023-03-12 15:36:38.537000;1;108267;1;1;38800.0000;1;39750.0000;None;429300.0000
20871;2023-03-12 15:41:30.920000;1;102177;1;1;2500.0000;1;39750.0000;None;429300.0000
20871;2023-03-12 16:11:16.480000;1;101905;1;1;22800.0000;1;39750.0000;None;429300.0000
20871;2023-03-12 16:11:16.480000;1;101905;1;1;22800.0000;1;39750.0000;None;429300.0000
20871;2023-03-12 16:38:06.333000;3;100614;1;1;5800.0000;1;39750.0000;None;429300.0000
20871;2023-03-12 16:44:50.180000;7;1303;1;1;0.0000;1;39750.0000;None;429300.0000
20872;2023-03-12 15:21:19.647000;1;103111;1;1;0.0000;1;30537.0000;None;329800.0000
20872;2023-03-12 15:22:41.607000;6;106272;1;9;0.0000;1;30537.0000;None;329800.0000
20872;2023-03-12 15:22:41.607000;1;102151;1;1;5800.0000;1;30537.0000;None;329800.0000
20872;2023-03-12 15:22:55.827000;1;109216;1;1;15800.0000;1;30537.0000;None;329800.0000
20872;2023-03-12 15:28:04.427000;3;201211;1;1;6800.0000;1;30537.0000;None;329800.0000
20872;2023-03-12 15:28:04.427000;6;101575;1;2;0.0000;1;30537.0000;None;329800.0000
20872;2023-03-12 15:28:04.427000;3;201211;1;1;6800.0000;1;30537.0000;None;329800.0000
20872;2023-03-12 15:28:04.427000;1;101270;1;1;0.0000;1;30537.0000;None;329800.0000
20872;2023-03-12 15:28:04.427000;2;201615;1;1;14800.0000;1;30537.0000;None;329800.0000
20872;2023-03-12 15:28:04.427000;2;201615;1;1;14800.0000;1;30537.0000;None;329800.0000
20872;2023-03-12 15:33:29.303000;1;107002;1;1;69800.0000;1;30537.0000;None;329800.0000
20872;2023-03-12 15:33:29.303000;7;1306;1;1;0.0000;1;30537.0000;None;329800.0000
20872;2023-03-12 15:33:29.303000;7;1006;1;1;0.0000;1;30537.0000;None;329800.0000
20872;2023-03-12 15:33:29.303000;1;101519;1;1;0.0000;1;30537.0000;None;329800.0000
20872;2023-03-12 15:33:29.303000;1;101313;1;1;79800.0000;1;30537.0000;None;329800.0000
20872;2023-03-12 15:33:29.303000;7;1006;1;1;0.0000;1;30537.0000;None;329800.0000
20872;2023-03-12 15:33:29.303000;1;108234;1;1;0.0000;1;30537.0000;None;329800.0000
20872;2023-03-12 15:33:29.303000;1;102304;1;1;6800.0000;1;30537.0000;None;329800.0000
20872;2023-03-12 15:33:29.303000;1;103134;1;1;31800.0000;1;30537.0000;None;329800.0000
20872;2023-03-12 15:33:29.303000;6;101525;1;1;0.0000;1;30537.0000;None;329800.0000
20872;2023-03-12 15:33:29.303000;1;105188;1;1;31800.0000;1;30537.0000;None;329800.0000
20872;2023-03-12 15:33:29.303000;7;1135;1;1;0.0000;1;30537.0000;None;329800.0000
20872;2023-03-12 15:58:04.010000;2;201615;1;1;14800.0000;1;30537.0000;None;329800.0000
20872;2023-03-12 16:26:26.530000;1;104004;1;1;15800.0000;1;30537.0000;None;329800.0000
20872;2023-03-12 16:26:26.530000;1;101088;1;1;3800.0000;1;30537.0000;None;329800.0000
20872;2023-03-12 16:26:26.530000;7;1216;1;1;0.0000;1;30537.0000;None;329800.0000
20872;2023-03-12 16:26:26.530000;3;100614;1;1;5800.0000;1;30537.0000;None;329800.0000
20872;2023-03-12 16:30:41.093000;3;104554;1;1;4800.0000;1;30537.0000;None;329800.0000
20872;2023-03-12 16:50:42.090000;7;1303;1;1;0.0000;1;30537.0000;None;329800.0000
20873;2023-03-12 16:11:56.977000;6;106272;1;4;0.0000;1;17630.0000;None;190400.0000
20873;2023-03-12 16:18:56.963000;2;200622;1;1;111800.0000;1;17630.0000;None;190400.0000
20873;2023-03-12 16:18:56.963000;7;2008;1;2;0.0000;1;17630.0000;None;190400.0000
20873;2023-03-12 16:24:38.047000;1;103567;1;1;31800.0000;1;17630.0000;None;190400.0000
20873;2023-03-12 16:24:38.047000;1;103559;1;1;46800.0000;1;17630.0000;None;190400.0000
20874;2023-03-12 16:32:34.433000;2;108132;1;1;23800.0000;1;13574.0000;None;146600.0000
20874;2023-03-12 16:43:37.193000;3;201206;1;1;6800.0000;1;13574.0000;None;146600.0000
20874;2023-03-12 16:43:37.193000;1;101244;1;1;29800.0000;1;13574.0000;None;146600.0000
20874;2023-03-12 16:55:55.950000;1;103515;1;1;44800.0000;1;13574.0000;None;146600.0000
20874;2023-03-12 16:55:55.950000;1;103784;1;1;29800.0000;1;13574.0000;None;146600.0000
20874;2023-03-12 16:55:55.950000;6;101438;1;1;0.0000;1;13574.0000;None;146600.0000
20874;2023-03-12 16:55:55.950000;1;102239;1;1;5800.0000;1;13574.0000;None;146600.0000
20874;2023-03-12 17:20:13.870000;3;100614;1;1;5800.0000;1;13574.0000;None;146600.0000
30552;2023-03-12 13:22:38.030000;1;103111;1;1;0.0000;1;5389.0000;None;58200.0000
30552;2023-03-12 13:29:18.827000;3;200012;1;1;9800.0000;1;5389.0000;None;58200.0000
30552;2023-03-12 13:29:18.827000;3;201206;1;1;6800.0000;1;5389.0000;None;58200.0000
30552;2023-03-12 13:30:03.850000;1;104819;1;1;19900.0000;1;5389.0000;None;58200.0000
30552;2023-03-12 13:30:03.850000;1;102239;1;1;5800.0000;1;5389.0000;None;58200.0000
30552;2023-03-12 13:30:03.850000;7;1135;1;1;0.0000;1;5389.0000;None;58200.0000
30552;2023-03-12 13:30:03.850000;1;105251;1;1;15900.0000;1;5389.0000;None;58200.0000
30553;2023-03-12 14:10:36.807000;1;103111;1;1;0.0000;1;8296.0000;None;89600.0000
30553;2023-03-12 14:21:51.360000;1;108669;1;1;79800.0000;1;8296.0000;None;89600.0000
30553;2023-03-12 14:22:07.733000;3;200004;1;1;9800.0000;1;8296.0000;None;89600.0000
30553;2023-03-12 14:50:58.250000;7;1303;1;1;0.0000;1;8296.0000;None;89600.0000
30554;2023-03-12 14:45:05.650000;1;103111;1;1;0.0000;1;24445.0000;None;264000.0000
30554;2023-03-12 14:45:05.650000;3;201146;1;1;6800.0000;1;24445.0000;None;264000.0000
30554;2023-03-12 14:45:05.650000;3;200004;1;1;9800.0000;1;24445.0000;None;264000.0000
30554;2023-03-12 14:45:05.650000;3;104446;1;1;5800.0000;1;24445.0000;None;264000.0000
30554;2023-03-12 14:45:05.650000;7;2006;1;1;0.0000;1;24445.0000;None;264000.0000
30554;2023-03-12 14:55:31.673000;1;101178;1;1;44800.0000;1;24445.0000;None;264000.0000
30554;2023-03-12 14:55:31.673000;1;103134;1;1;31800.0000;1;24445.0000;None;264000.0000
30554;2023-03-12 14:55:31.673000;1;103515;1;1;44800.0000;1;24445.0000;None;264000.0000
30554;2023-03-12 14:55:31.673000;1;103600;1;1;69800.0000;1;24445.0000;None;264000.0000
30554;2023-03-12 14:55:31.673000;1;102176;1;1;4800.0000;1;24445.0000;None;264000.0000
30554;2023-03-12 14:55:31.673000;1;101665;1;1;39800.0000;1;24445.0000;None;264000.0000
30554;2023-03-12 15:05:06.253000;7;1220;1;1;0.0000;1;24445.0000;None;264000.0000
30554;2023-03-12 15:05:06.253000;7;1220;1;1;0.0000;1;24445.0000;None;264000.0000
30554;2023-03-12 15:26:40.247000;3;104446;1;1;5800.0000;1;24445.0000;None;264000.0000
30554;2023-03-12 15:26:40.247000;7;2006;1;1;0.0000;1;24445.0000;None;264000.0000
30554;2023-03-12 15:48:00.077000;7;1303;1;1;0.0000;1;24445.0000;None;264000.0000
30555;2023-03-12 16:59:34.050000;6;106272;1;4;0.0000;1;4019.0000;None;43400.0000
30555;2023-03-12 17:05:04.207000;3;201146;1;1;6800.0000;1;4019.0000;None;43400.0000
30555;2023-03-12 17:05:04.207000;3;101889;1;1;9800.0000;1;4019.0000;None;43400.0000
30555;2023-03-12 17:05:18.800000;1;104009;1;1;26800.0000;1;4019.0000;None;43400.0000
30555;2023-03-12 17:52:57.757000;7;1303;1;1;0.0000;1;4019.0000;None;43400.0000
30556;2023-03-12 17:05:31.163000;6;106272;1;4;0.0000;1;1704.0000;None;18400.0000
30556;2023-03-12 17:05:39.880000;3;100614;1;1;5800.0000;1;1704.0000;None;18400.0000
30556;2023-03-12 17:05:39.880000;3;100614;1;1;5800.0000;1;1704.0000;None;18400.0000
30556;2023-03-12 17:06:43.643000;3;201146;1;1;6800.0000;1;1704.0000;None;18400.0000
30556;2023-03-12 17:06:43.643000;7;2015;1;2;0.0000;1;1704.0000;None;18400.0000
30556;2023-03-12 17:27:41.690000;7;1303;1;1;0.0000;1;1704.0000;None;18400.0000
