3454;2023-03-13 13:04:57.607000;3;104446;1;1;5800.0000;1;11463.0000;None;123800.0000
3454;2023-03-13 13:04:57.607000;3;102645;1;1;7800.0000;1;11463.0000;None;123800.0000
3454;2023-03-13 13:04:57.607000;7;2009;1;1;0.0000;1;11463.0000;None;123800.0000
3454;2023-03-13 13:04:57.607000;7;2072;1;1;0.0000;1;11463.0000;None;123800.0000
3454;2023-03-13 13:04:57.607000;7;2042;1;1;0.0000;1;11463.0000;None;123800.0000
3454;2023-03-13 13:05:07.790000;1;103515;1;1;44800.0000;1;11463.0000;None;123800.0000
3454;2023-03-13 13:05:07.790000;1;103786;1;1;42800.0000;1;11463.0000;None;123800.0000
3454;2023-03-13 13:05:07.790000;6;101535;1;1;0.0000;1;11463.0000;None;123800.0000
3454;2023-03-13 13:53:37.247000;1;101891;1;1;16800.0000;1;11463.0000;None;123800.0000
3454;2023-03-13 13:53:37.247000;3;100596;1;1;5800.0000;1;11463.0000;None;123800.0000
3454;2023-03-13 13:53:37.247000;7;1207;1;1;0.0000;1;11463.0000;None;123800.0000
3454;2023-03-13 15:18:32.133000;7;1303;1;1;0.0000;1;11463.0000;None;123800.0000
3455;2023-03-13 12:38:16.337000;1;103111;1;1;0.0000;1;9463.0000;None;102200.0000
3455;2023-03-13 12:41:53.967000;3;200004;1;1;9800.0000;1;9463.0000;None;102200.0000
3455;2023-03-13 12:41:53.967000;3;201211;1;1;6800.0000;1;9463.0000;None;102200.0000
3455;2023-03-13 12:42:21.937000;1;109529;1;1;52800.0000;1;9463.0000;None;102200.0000
3455;2023-03-13 12:42:21.937000;6;101525;1;1;0.0000;1;9463.0000;None;102200.0000
3455;2023-03-13 12:42:21.937000;7;1135;1;1;0.0000;1;9463.0000;None;102200.0000
3455;2023-03-13 12:42:21.937000;1;103154;1;1;32800.0000;1;9463.0000;None;102200.0000
3455;2023-03-13 12:42:21.937000;None;101442;None;1;0.0000;1;9463.0000;None;102200.0000
3455;2023-03-13 12:42:21.937000;6;101535;1;1;0.0000;1;9463.0000;None;102200.0000
3455;2023-03-13 12:42:21.937000;6;101624;1;1;0.0000;1;9463.0000;None;102200.0000
3455;2023-03-13 13:16:38.720000;7;1303;1;1;0.0000;1;9463.0000;None;102200.0000
3456;2023-03-13 12:46:55.087000;1;103111;1;1;0.0000;1;22241.0000;None;240200.0000
3456;2023-03-13 12:46:55.087000;3;200004;1;1;9800.0000;1;22241.0000;None;240200.0000
3456;2023-03-13 12:46:55.087000;3;102635;1;1;8800.0000;1;22241.0000;None;240200.0000
3456;2023-03-13 12:47:00.940000;3;104554;1;1;4800.0000;1;22241.0000;None;240200.0000
3456;2023-03-13 12:53:04.657000;1;101178;1;1;46800.0000;1;22241.0000;None;240200.0000
3456;2023-03-13 12:53:04.657000;1;102346;1;1;33800.0000;1;22241.0000;None;240200.0000
3456;2023-03-13 13:20:12.890000;1;103356;1;1;42800.0000;1;22241.0000;None;240200.0000
3456;2023-03-13 13:20:12.890000;1;101552;1;1;0.0000;1;22241.0000;None;240200.0000
3456;2023-03-13 13:20:12.890000;1;104009;1;1;26800.0000;1;22241.0000;None;240200.0000
3456;2023-03-13 13:20:12.890000;7;1187;1;1;0.0000;1;22241.0000;None;240200.0000
3456;2023-03-13 13:20:12.890000;1;109421;1;1;57800.0000;1;22241.0000;None;240200.0000
3456;2023-03-13 13:36:11.273000;3;102635;1;1;8800.0000;1;22241.0000;None;240200.0000
3460;2023-03-13 13:21:53.183000;1;103111;1;1;0.0000;1;None;None;118550.0000
3460;2023-03-13 13:23:22.823000;3;104554;1;1;4800.0000;1;None;None;118550.0000
3460;2023-03-13 13:23:22.823000;3;201704;1;1;15800.0000;1;None;None;118550.0000
3460;2023-03-13 13:23:22.823000;7;2015;1;1;0.0000;1;None;None;118550.0000
3460;2023-03-13 13:23:22.823000;7;2002;1;1;0.0000;1;None;None;118550.0000
3460;2023-03-13 13:24:01.050000;1;102358;1;1;28800.0000;1;None;None;118550.0000
3460;2023-03-13 13:24:01.050000;1;102065;1;1;30800.0000;1;None;None;118550.0000
3460;2023-03-13 13:24:01.050000;7;1109;1;1;0.0000;1;None;None;118550.0000
3460;2023-03-13 13:24:01.050000;7;1135;1;1;0.0000;1;None;None;118550.0000
3460;2023-03-13 13:24:01.050000;1;102132;1;1;3500.0000;1;None;None;118550.0000
3460;2023-03-13 13:16:48.980000;3;104554;1;1;4800.0000;1;None;None;118550.0000
3460;2023-03-13 13:48:11.313000;1;103172;1;1;26800.0000;1;None;None;118550.0000
3460;2023-03-13 13:48:11.313000;6;101535;1;1;0.0000;1;None;None;118550.0000
3460;2023-03-13 13:48:11.313000;7;1135;1;1;0.0000;1;None;None;118550.0000
3460;2023-03-13 13:48:11.313000;1;103788;1;1;41800.0000;1;None;None;118550.0000
3460;2023-03-13 13:48:11.313000;1;101573;1;1;0.0000;1;None;None;118550.0000
3460;2023-03-13 13:48:11.313000;1;103530;1;1;47800.0000;1;None;None;118550.0000
3460;2023-03-13 13:48:11.313000;1;101573;1;1;0.0000;1;None;None;118550.0000
3460;2023-03-13 13:48:11.313000;7;1135;1;1;0.0000;1;None;None;118550.0000
3460;2023-03-13 13:57:53.013000;3;104554;1;1;4800.0000;1;None;None;118550.0000
3460;2023-03-13 14:09:39.823000;3;201211;1;1;6800.0000;1;None;None;118550.0000
3460;2023-03-13 14:15:00.077000;1;103120;1;1;14800.0000;1;None;None;118550.0000
3460;2023-03-13 14:15:00.077000;3;100613;1;1;5800.0000;1;None;None;118550.0000
3460;2023-03-13 14:24:27.567000;None;3;None;1;-118550.0000;2;None;None;118550.0000
3461;2023-03-13 13:27:31.747000;1;103111;1;1;0.0000;1;33945.0000;None;366600.0000
3461;2023-03-13 13:38:50.013000;3;201704;1;1;15800.0000;1;33945.0000;None;366600.0000
3461;2023-03-13 13:38:50.013000;7;2015;1;3;0.0000;1;33945.0000;None;366600.0000
3461;2023-03-13 13:38:50.013000;2;202644;1;1;233800.0000;1;33945.0000;None;366600.0000
3461;2023-03-13 13:38:50.013000;7;2015;1;3;0.0000;1;33945.0000;None;366600.0000
3461;2023-03-13 13:51:24.207000;1;102222;1;1;3800.0000;1;33945.0000;None;366600.0000
3461;2023-03-13 13:52:12.200000;1;103898;1;1;26800.0000;1;33945.0000;None;366600.0000
3461;2023-03-13 13:52:12.200000;1;102311;1;1;1800.0000;1;33945.0000;None;366600.0000
3461;2023-03-13 13:52:12.200000;7;1010;1;1;0.0000;1;33945.0000;None;366600.0000
3461;2023-03-13 13:52:12.200000;1;103515;1;1;44800.0000;1;33945.0000;None;366600.0000
3461;2023-03-13 13:52:12.200000;1;101122;1;1;39800.0000;1;33945.0000;None;366600.0000
3461;2023-03-13 13:52:12.200000;6;101624;1;1;0.0000;1;33945.0000;None;366600.0000
3462;2023-03-13 13:27:42.347000;1;103111;1;1;0.0000;1;11852.0000;None;128000.0000
3462;2023-03-13 13:34:57.097000;1;101284;1;1;29800.0000;1;11852.0000;None;128000.0000
3462;2023-03-13 13:34:57.097000;1;103515;1;1;44800.0000;1;11852.0000;None;128000.0000
3462;2023-03-13 13:36:52.950000;3;201146;1;1;6800.0000;1;11852.0000;None;128000.0000
3462;2023-03-13 13:36:52.950000;2;109659;1;1;39800.0000;1;11852.0000;None;128000.0000
3462;2023-03-13 13:36:52.950000;7;2077;1;1;0.0000;1;11852.0000;None;128000.0000
3462;2023-03-13 13:36:52.950000;7;2077;1;1;0.0000;1;11852.0000;None;128000.0000
3462;2023-03-13 14:19:42.923000;3;100607;1;1;6800.0000;1;11852.0000;None;128000.0000
3462;2023-03-13 14:21:40.413000;7;1303;1;1;0.0000;1;11852.0000;None;128000.0000
3464;2023-03-13 13:39:23.667000;1;103111;1;1;0.0000;1;69167.0000;None;747000.0000
3464;2023-03-13 13:41:03.203000;2;200171;1;1;139800.0000;1;69167.0000;None;747000.0000
3464;2023-03-13 13:41:03.203000;7;2015;1;2;0.0000;1;69167.0000;None;747000.0000
3464;2023-03-13 13:54:40.427000;1;107647;1;1;36800.0000;1;69167.0000;None;747000.0000
3464;2023-03-13 13:54:40.427000;7;1135;1;1;0.0000;1;69167.0000;None;747000.0000
3464;2023-03-13 15:34:03.257000;2;200171;1;1;139800.0000;1;69167.0000;None;747000.0000
3464;2023-03-13 15:34:03.257000;7;2008;1;1;0.0000;1;69167.0000;None;747000.0000
3464;2023-03-13 15:48:50.420000;1;103599;1;1;69800.0000;1;69167.0000;None;747000.0000
3464;2023-03-13 15:48:50.420000;7;1306;1;1;0.0000;1;69167.0000;None;747000.0000
3464;2023-03-13 15:48:50.420000;7;1306;2;1;0.0000;1;69167.0000;None;747000.0000
3464;2023-03-13 15:48:50.420000;1;103600;1;1;69800.0000;1;69167.0000;None;747000.0000
3464;2023-03-13 15:48:50.420000;7;1006;1;1;0.0000;1;69167.0000;None;747000.0000
3464;2023-03-13 15:48:50.420000;1;101552;1;1;0.0000;1;69167.0000;None;747000.0000
3464;2023-03-13 15:48:50.420000;1;109361;1;1;79800.0000;1;69167.0000;None;747000.0000
3464;2023-03-13 15:48:50.420000;1;102035;1;1;37800.0000;1;69167.0000;None;747000.0000
3464;2023-03-13 15:48:50.420000;7;1135;1;1;0.0000;1;69167.0000;None;747000.0000
3464;2023-03-13 16:58:09.553000;1;109422;1;1;16800.0000;1;69167.0000;None;747000.0000
3464;2023-03-13 17:14:43.257000;1;101891;1;1;16800.0000;1;69167.0000;None;747000.0000
3464;2023-03-13 17:45:07.887000;2;200171;1;1;139800.0000;1;69167.0000;None;747000.0000
3466;2023-03-13 13:48:18.200000;1;103111;1;1;0.0000;1;9685.0000;None;104600.0000
3466;2023-03-13 13:48:28.637000;3;102635;1;1;8800.0000;1;9685.0000;None;104600.0000
3466;2023-03-13 13:48:28.637000;3;104446;1;1;5800.0000;1;9685.0000;None;104600.0000
3466;2023-03-13 13:49:34.393000;1;102407;1;1;36800.0000;1;9685.0000;None;104600.0000
3466;2023-03-13 13:49:34.393000;6;101438;1;1;0.0000;1;9685.0000;None;104600.0000
3466;2023-03-13 13:49:34.393000;1;102239;1;1;5800.0000;1;9685.0000;None;104600.0000
3466;2023-03-13 13:49:34.393000;7;1135;1;1;0.0000;1;9685.0000;None;104600.0000
3466;2023-03-13 13:49:34.393000;1;102407;1;1;36800.0000;1;9685.0000;None;104600.0000
3466;2023-03-13 13:49:34.393000;6;101438;1;1;0.0000;1;9685.0000;None;104600.0000
3466;2023-03-13 13:49:34.393000;1;102239;1;1;5800.0000;1;9685.0000;None;104600.0000
3466;2023-03-13 13:49:34.393000;7;1135;1;1;0.0000;1;9685.0000;None;104600.0000
3466;2023-03-13 14:21:51.463000;3;104554;1;1;4800.0000;1;9685.0000;None;104600.0000
3466;2023-03-13 14:37:41.737000;7;1303;1;1;0.0000;1;9685.0000;None;104600.0000
3467;2023-03-13 13:54:06.607000;1;103111;1;1;0.0000;1;12593.0000;None;136000.0000
3467;2023-03-13 14:02:33.603000;1;109361;1;1;79800.0000;1;12593.0000;None;136000.0000
3467;2023-03-13 14:02:33.603000;1;103134;1;1;35800.0000;1;12593.0000;None;136000.0000
3467;2023-03-13 14:02:33.603000;6;101525;1;1;0.0000;1;12593.0000;None;136000.0000
3467;2023-03-13 14:02:33.603000;3;201206;1;1;6800.0000;1;12593.0000;None;136000.0000
3467;2023-03-13 14:02:33.603000;3;201206;1;1;6800.0000;1;12593.0000;None;136000.0000
3467;2023-03-13 14:34:38.960000;3;201146;1;1;6800.0000;1;12593.0000;None;136000.0000
3468;2023-03-13 14:18:26.443000;3;201146;1;1;6800.0000;1;8148.0000;None;88000.0000
3468;2023-03-13 14:18:26.443000;2;101878;1;1;29800.0000;1;8148.0000;None;88000.0000
3468;2023-03-13 14:25:57.377000;1;104804;1;1;22400.0000;1;8148.0000;None;88000.0000
3468;2023-03-13 14:25:57.377000;1;104811;1;1;16400.0000;1;8148.0000;None;88000.0000
3468;2023-03-13 15:11:09.753000;3;100614;1;1;5800.0000;1;8148.0000;None;88000.0000
3468;2023-03-13 15:11:09.753000;3;100606;1;1;6800.0000;1;8148.0000;None;88000.0000
3469;2023-03-13 14:43:39.120000;1;103111;1;1;0.0000;1;8019.0000;None;86600.0000
3469;2023-03-13 14:48:00.697000;1;106353;1;1;79800.0000;1;8019.0000;None;86600.0000
3469;2023-03-13 14:48:00.697000;7;1306;1;1;0.0000;1;8019.0000;None;86600.0000
3469;2023-03-13 14:48:00.697000;7;1002;1;1;0.0000;1;8019.0000;None;86600.0000
3469;2023-03-13 14:48:00.697000;1;101552;1;1;0.0000;1;8019.0000;None;86600.0000
3469;2023-03-13 14:51:10.073000;3;201211;1;1;6800.0000;1;8019.0000;None;86600.0000
3469;2023-03-13 15:08:42.703000;7;1303;1;1;0.0000;1;8019.0000;None;86600.0000
3470;2023-03-13 15:13:59.603000;1;103111;1;1;0.0000;1;16389.0000;None;177000.0000
3470;2023-03-13 15:19:42.660000;1;103771;1;1;29800.0000;1;16389.0000;None;177000.0000
3470;2023-03-13 15:19:42.660000;1;102961;1;1;23800.0000;1;16389.0000;None;177000.0000
3470;2023-03-13 15:19:42.660000;1;105506;1;1;29800.0000;1;16389.0000;None;177000.0000
3470;2023-03-13 15:20:08.077000;3;200008;1;1;15800.0000;1;16389.0000;None;177000.0000
3470;2023-03-13 15:20:08.077000;7;2008;1;2;0.0000;1;16389.0000;None;177000.0000
3470;2023-03-13 15:21:14.263000;1;105506;1;-1;-29800.0000;1;16389.0000;None;177000.0000
3470;2023-03-13 15:33:25.420000;1;103702;1;1;37800.0000;1;16389.0000;None;177000.0000
3470;2023-03-13 15:33:25.420000;7;1135;1;1;0.0000;1;16389.0000;None;177000.0000
3470;2023-03-13 15:33:25.420000;1;101433;1;1;0.0000;1;16389.0000;None;177000.0000
3470;2023-03-13 15:33:25.420000;7;1135;1;1;0.0000;1;16389.0000;None;177000.0000
3470;2023-03-13 15:33:25.420000;1;103600;1;1;69800.0000;1;16389.0000;None;177000.0000
3470;2023-03-13 15:33:25.420000;7;1006;1;1;0.0000;1;16389.0000;None;177000.0000
3470;2023-03-13 15:33:25.420000;1;106356;1;1;0.0000;1;16389.0000;None;177000.0000
3470;2023-03-13 15:58:54.137000;7;1303;1;1;0.0000;1;16389.0000;None;177000.0000
3471;2023-03-13 17:19:24.287000;1;103111;1;1;0.0000;1;9704.0000;None;104800.0000
3471;2023-03-13 17:29:18.627000;3;200012;1;1;9800.0000;1;9704.0000;None;104800.0000
3471;2023-03-13 17:29:18.627000;3;201237;1;1;6800.0000;1;9704.0000;None;104800.0000
3471;2023-03-13 17:29:18.627000;1;101665;1;1;39800.0000;1;9704.0000;None;104800.0000
3471;2023-03-13 17:29:18.627000;1;101519;1;1;0.0000;1;9704.0000;None;104800.0000
3471;2023-03-13 17:29:18.627000;1;102436;1;1;31800.0000;1;9704.0000;None;104800.0000
3471;2023-03-13 18:12:16.457000;3;100596;1;1;5800.0000;1;9704.0000;None;104800.0000
3471;2023-03-13 18:12:16.457000;1;101118;1;1;10800.0000;1;9704.0000;None;104800.0000
3471;2023-03-13 18:17:16.773000;7;1303;1;1;0.0000;1;9704.0000;None;104800.0000
3472;2023-03-13 18:45:09.807000;1;104212;1;1;42800.0000;1;13296.0000;None;143600.0000
3472;2023-03-13 18:45:20.977000;1;101247;1;1;29800.0000;1;13296.0000;None;143600.0000
3472;2023-03-13 18:45:35.643000;3;201146;1;1;6800.0000;1;13296.0000;None;143600.0000
3472;2023-03-13 18:58:03.267000;1;103134;1;1;35800.0000;1;13296.0000;None;143600.0000
3472;2023-03-13 18:58:03.267000;6;101525;1;1;0.0000;1;13296.0000;None;143600.0000
3472;2023-03-13 19:28:06.750000;1;109422;1;1;16800.0000;1;13296.0000;None;143600.0000
3472;2023-03-13 19:28:06.750000;3;100999;1;2;11600.0000;1;13296.0000;None;143600.0000
3472;2023-03-13 19:45:44.833000;7;1303;1;1;0.0000;1;13296.0000;None;143600.0000
3473;2023-03-13 18:58:17.690000;1;103111;1;1;0.0000;1;19907.0000;None;215000.0000
3473;2023-03-13 19:04:13.117000;3;200004;1;1;9800.0000;1;19907.0000;None;215000.0000
3473;2023-03-13 19:04:13.117000;1;101270;1;1;0.0000;1;19907.0000;None;215000.0000
3473;2023-03-13 19:04:13.117000;3;201269;1;1;6800.0000;1;19907.0000;None;215000.0000
3473;2023-03-13 19:04:13.117000;1;101270;1;1;0.0000;1;19907.0000;None;215000.0000
3473;2023-03-13 19:04:13.117000;2;201615;1;1;14800.0000;1;19907.0000;None;215000.0000
3473;2023-03-13 19:07:18.137000;1;102065;1;1;30800.0000;1;19907.0000;None;215000.0000
3473;2023-03-13 19:13:48.997000;1;102874;1;1;34800.0000;1;19907.0000;None;215000.0000
3473;2023-03-13 19:13:48.997000;6;101535;1;1;0.0000;1;19907.0000;None;215000.0000
3473;2023-03-13 19:13:48.997000;1;103530;1;1;47800.0000;1;19907.0000;None;215000.0000
3473;2023-03-13 19:13:48.997000;1;101573;1;1;0.0000;1;19907.0000;None;215000.0000
3473;2023-03-13 19:13:48.997000;1;103134;1;1;35800.0000;1;19907.0000;None;215000.0000
3473;2023-03-13 19:13:48.997000;6;101525;1;1;0.0000;1;19907.0000;None;215000.0000
3473;2023-03-13 19:24:14.063000;6;106272;1;4;0.0000;1;19907.0000;None;215000.0000
3473;2023-03-13 19:47:00.537000;1;102541;1;1;23800.0000;1;19907.0000;None;215000.0000
3473;2023-03-13 19:47:00.537000;3;104554;1;1;4800.0000;1;19907.0000;None;215000.0000
3473;2023-03-13 19:47:00.537000;3;100614;1;1;5800.0000;1;19907.0000;None;215000.0000
3473;2023-03-13 20:13:48.357000;7;1303;1;1;0.0000;1;19907.0000;None;215000.0000
3474;2023-03-13 19:01:58.020000;1;103111;1;1;0.0000;1;33889.0000;None;366000.0000
3474;2023-03-13 19:16:36.077000;2;202613;1;1;115800.0000;1;33889.0000;None;366000.0000
3474;2023-03-13 19:16:36.077000;7;2015;1;3;0.0000;1;33889.0000;None;366000.0000
3474;2023-03-13 19:16:36.077000;7;2015;1;1;0.0000;1;33889.0000;None;366000.0000
3474;2023-03-13 19:18:39.327000;1;103380;1;1;48800.0000;1;33889.0000;None;366000.0000
3474;2023-03-13 19:18:39.327000;1;103421;1;1;45800.0000;1;33889.0000;None;366000.0000
3474;2023-03-13 19:18:39.327000;1;101122;1;1;39800.0000;1;33889.0000;None;366000.0000
3474;2023-03-13 19:18:39.327000;6;105836;1;1;0.0000;1;33889.0000;None;366000.0000
3474;2023-03-13 19:59:24.530000;2;202613;1;1;115800.0000;1;33889.0000;None;366000.0000
3474;2023-03-13 20:51:35.920000;7;1303;1;1;0.0000;1;33889.0000;None;366000.0000
3475;2023-03-13 19:12:47.753000;1;103111;1;1;0.0000;1;34463.0000;None;372200.0000
3475;2023-03-13 19:17:36.920000;2;200120;1;1;176800.0000;1;34463.0000;None;372200.0000
3475;2023-03-13 19:17:36.920000;7;2015;1;2;0.0000;1;34463.0000;None;372200.0000
3475;2023-03-13 20:24:46.547000;1;103380;1;1;48800.0000;1;34463.0000;None;372200.0000
3475;2023-03-13 20:24:46.547000;7;1135;1;1;0.0000;1;34463.0000;None;372200.0000
3475;2023-03-13 20:24:46.547000;1;102270;1;1;1800.0000;1;34463.0000;None;372200.0000
3475;2023-03-13 20:24:46.547000;1;101015;1;1;32800.0000;1;34463.0000;None;372200.0000
3475;2023-03-13 20:24:46.547000;7;1001;1;1;0.0000;1;34463.0000;None;372200.0000
3475;2023-03-13 20:24:46.547000;1;103530;1;1;47800.0000;1;34463.0000;None;372200.0000
3475;2023-03-13 20:24:46.547000;1;101573;1;1;0.0000;1;34463.0000;None;372200.0000
3475;2023-03-13 20:24:46.547000;1;103702;1;1;37800.0000;1;34463.0000;None;372200.0000
3475;2023-03-13 20:24:46.547000;1;101552;1;1;0.0000;1;34463.0000;None;372200.0000
3475;2023-03-13 21:22:31.937000;1;109422;1;1;16800.0000;1;34463.0000;None;372200.0000
3475;2023-03-13 21:22:31.937000;3;104554;1;1;4800.0000;1;34463.0000;None;372200.0000
3475;2023-03-13 21:22:31.937000;3;104554;1;1;4800.0000;1;34463.0000;None;372200.0000
3475;2023-03-13 21:44:26.133000;7;1303;1;1;0.0000;1;34463.0000;None;372200.0000
3476;2023-03-13 19:14:52.890000;1;103111;1;1;0.0000;1;4944.0000;None;53400.0000
3476;2023-03-13 19:14:52.890000;2;201959;1;1;13800.0000;1;4944.0000;None;53400.0000
3476;2023-03-13 19:17:54.610000;1;102440;1;1;29800.0000;1;4944.0000;None;53400.0000
3476;2023-03-13 19:25:49.047000;3;200004;1;1;9800.0000;1;4944.0000;None;53400.0000
3476;2023-03-13 19:25:49.047000;7;2094;1;1;0.0000;1;4944.0000;None;53400.0000
3476;2023-03-13 19:38:54.290000;7;1303;1;1;0.0000;1;4944.0000;None;53400.0000
3477;2023-03-13 19:22:26.697000;1;103111;1;1;0.0000;1;16278.0000;None;175800.0000
3477;2023-03-13 19:30:30.653000;1;101178;1;1;46800.0000;1;16278.0000;None;175800.0000
3477;2023-03-13 19:30:30.653000;3;201146;1;1;6800.0000;1;16278.0000;None;175800.0000
3477;2023-03-13 19:30:30.653000;3;200004;1;1;9800.0000;1;16278.0000;None;175800.0000
3477;2023-03-13 19:32:23.817000;2;101728;1;1;33800.0000;1;16278.0000;None;175800.0000
3477;2023-03-13 19:43:06.063000;1;102726;1;1;45800.0000;1;16278.0000;None;175800.0000
3477;2023-03-13 19:43:06.063000;1;103154;1;1;32800.0000;1;16278.0000;None;175800.0000
3477;2023-03-13 19:43:06.063000;None;101442;None;1;0.0000;1;16278.0000;None;175800.0000
3477;2023-03-13 19:43:06.063000;6;101535;1;1;0.0000;1;16278.0000;None;175800.0000
3477;2023-03-13 19:43:06.063000;6;101624;1;1;0.0000;1;16278.0000;None;175800.0000
3478;2023-03-13 19:32:30.537000;1;103111;1;1;0.0000;1;15185.0000;None;164000.0000
3478;2023-03-13 19:43:36.053000;1;101178;1;1;46800.0000;1;15185.0000;None;164000.0000
3478;2023-03-13 19:43:36.053000;7;1001;1;1;0.0000;1;15185.0000;None;164000.0000
3478;2023-03-13 19:43:36.053000;1;102407;1;1;36800.0000;1;15185.0000;None;164000.0000
3478;2023-03-13 19:43:36.053000;None;101442;None;1;0.0000;1;15185.0000;None;164000.0000
3478;2023-03-13 19:43:36.053000;1;101665;1;1;39800.0000;1;15185.0000;None;164000.0000
3478;2023-03-13 19:43:36.053000;1;104837;1;1;0.0000;1;15185.0000;None;164000.0000
3478;2023-03-13 19:43:45.033000;3;200004;1;1;9800.0000;1;15185.0000;None;164000.0000
3478;2023-03-13 19:43:45.033000;3;201146;1;3;20400.0000;1;15185.0000;None;164000.0000
3478;2023-03-13 19:43:45.033000;3;201206;1;1;6800.0000;1;15185.0000;None;164000.0000
3478;2023-03-13 20:05:01.250000;1;102270;1;1;1800.0000;1;15185.0000;None;164000.0000
3478;2023-03-13 20:05:01.250000;1;102315;1;1;1800.0000;1;15185.0000;None;164000.0000
3479;2023-03-13 20:05:15.640000;1;103111;1;1;0.0000;1;7870.0000;None;85000.0000
3479;2023-03-13 20:05:15.640000;7;1131;1;1;0.0000;1;7870.0000;None;85000.0000
3479;2023-03-13 20:05:15.640000;3;104554;1;1;4800.0000;1;7870.0000;None;85000.0000
3479;2023-03-13 20:05:15.640000;3;201211;1;1;6800.0000;1;7870.0000;None;85000.0000
3479;2023-03-13 20:05:15.640000;7;2042;1;1;0.0000;1;7870.0000;None;85000.0000
3479;2023-03-13 20:05:32.197000;1;103784;1;1;29800.0000;1;7870.0000;None;85000.0000
3479;2023-03-13 20:05:32.197000;6;101624;1;1;0.0000;1;7870.0000;None;85000.0000
3479;2023-03-13 20:05:32.197000;1;103471;1;1;36800.0000;1;7870.0000;None;85000.0000
3479;2023-03-13 20:06:59.730000;3;201146;1;1;6800.0000;1;7870.0000;None;85000.0000
3480;2023-03-13 20:09:56.323000;1;103111;1;1;0.0000;1;15037.0000;None;162400.0000
3480;2023-03-13 20:25:39.203000;2;201615;1;1;14800.0000;1;15037.0000;None;162400.0000
3480;2023-03-13 20:25:39.203000;2;201615;1;1;14800.0000;1;15037.0000;None;162400.0000
3480;2023-03-13 20:25:39.203000;1;103515;1;1;44800.0000;1;15037.0000;None;162400.0000
3480;2023-03-13 20:25:39.203000;1;103786;1;1;42800.0000;1;15037.0000;None;162400.0000
3480;2023-03-13 20:25:39.203000;6;101624;1;1;0.0000;1;15037.0000;None;162400.0000
3480;2023-03-13 20:38:17.393000;3;201146;1;1;6800.0000;1;15037.0000;None;162400.0000
3480;2023-03-13 20:38:17.393000;3;201146;1;1;6800.0000;1;15037.0000;None;162400.0000
3480;2023-03-13 20:57:49.550000;1;101891;1;1;16800.0000;1;15037.0000;None;162400.0000
3480;2023-03-13 20:57:49.550000;1;103372;1;1;14800.0000;1;15037.0000;None;162400.0000
3480;2023-03-13 20:59:49.347000;1;103961;1;1;16800.0000;1;15037.0000;None;162400.0000
3480;2023-03-13 21:00:46.347000;1;101891;1;-1;-16800.0000;1;15037.0000;None;162400.0000
3481;2023-03-13 20:24:01.980000;1;103111;1;1;0.0000;1;15815.0000;None;170800.0000
3481;2023-03-13 20:30:23.223000;3;102747;1;2;9600.0000;1;15815.0000;None;170800.0000
3481;2023-03-13 20:30:23.223000;3;201146;1;1;6800.0000;1;15815.0000;None;170800.0000
3481;2023-03-13 20:30:23.223000;1;103449;1;1;29800.0000;1;15815.0000;None;170800.0000
3481;2023-03-13 20:30:23.223000;7;1058;1;1;0.0000;1;15815.0000;None;170800.0000
3481;2023-03-13 20:30:23.223000;7;1064;1;1;0.0000;1;15815.0000;None;170800.0000
3481;2023-03-13 20:35:37.177000;1;101084;1;1;69800.0000;1;15815.0000;None;170800.0000
3481;2023-03-13 20:35:37.177000;1;103553;1;1;54800.0000;1;15815.0000;None;170800.0000
3481;2023-03-13 20:50:25.147000;6;106272;1;4;0.0000;1;15815.0000;None;170800.0000
3483;2023-03-13 20:49:02.440000;1;103111;1;1;0.0000;1;27426.0000;None;296200.0000
3483;2023-03-13 20:55:38.447000;2;103225;1;1;48800.0000;1;27426.0000;None;296200.0000
3483;2023-03-13 20:55:38.447000;2;103225;1;1;48800.0000;1;27426.0000;None;296200.0000
3483;2023-03-13 21:03:28.980000;1;102025;1;1;32800.0000;1;27426.0000;None;296200.0000
3483;2023-03-13 21:03:28.980000;None;109614;None;1;45800.0000;1;27426.0000;None;296200.0000
3483;2023-03-13 21:03:28.980000;1;103419;1;1;54800.0000;1;27426.0000;None;296200.0000
3483;2023-03-13 21:03:28.980000;7;1135;1;1;0.0000;1;27426.0000;None;296200.0000
3483;2023-03-13 21:57:31.353000;1;101308;1;1;19800.0000;1;27426.0000;None;296200.0000
3483;2023-03-13 21:57:31.353000;3;100596;1;1;5800.0000;1;27426.0000;None;296200.0000
3483;2023-03-13 21:57:31.353000;3;100614;1;1;5800.0000;1;27426.0000;None;296200.0000
3483;2023-03-13 21:57:31.353000;2;108473;1;1;33800.0000;1;27426.0000;None;296200.0000
3483;2023-03-13 21:57:31.353000;7;2052;1;1;0.0000;1;27426.0000;None;296200.0000
3483;2023-03-13 22:37:56.117000;7;1303;1;1;0.0000;1;27426.0000;None;296200.0000
3484;2023-03-13 21:05:56.533000;6;106272;1;4;0.0000;1;28945.0000;None;312600.0000
3484;2023-03-13 21:12:41.553000;1;101247;1;1;29800.0000;1;28945.0000;None;312600.0000
3484;2023-03-13 21:12:41.553000;1;103449;1;1;29800.0000;1;28945.0000;None;312600.0000
3484;2023-03-13 21:12:41.553000;7;1141;1;1;0.0000;1;28945.0000;None;312600.0000
3484;2023-03-13 21:12:41.553000;1;102127;1;1;2800.0000;1;28945.0000;None;312600.0000
3484;2023-03-13 21:18:03.270000;2;200622;1;1;111800.0000;1;28945.0000;None;312600.0000
3484;2023-03-13 21:18:03.270000;7;2015;1;2;0.0000;1;28945.0000;None;312600.0000
3484;2023-03-13 21:22:18.353000;1;103449;1;1;29800.0000;1;28945.0000;None;312600.0000
3484;2023-03-13 21:22:18.353000;7;1135;1;1;0.0000;1;28945.0000;None;312600.0000
3484;2023-03-13 21:22:18.353000;1;102163;1;1;2800.0000;1;28945.0000;None;312600.0000
3484;2023-03-13 21:22:18.353000;1;102239;1;1;5800.0000;1;28945.0000;None;312600.0000
3484;2023-03-13 21:22:18.353000;7;1157;1;1;0.0000;1;28945.0000;None;312600.0000
3484;2023-03-13 21:23:53.947000;1;108266;1;1;54800.0000;1;28945.0000;None;312600.0000
3484;2023-03-13 21:23:53.947000;6;101535;1;1;0.0000;1;28945.0000;None;312600.0000
3484;2023-03-13 21:32:59.847000;3;201146;1;1;6800.0000;1;28945.0000;None;312600.0000
3484;2023-03-13 21:54:40.363000;1;109422;1;1;16800.0000;1;28945.0000;None;312600.0000
3484;2023-03-13 21:54:40.363000;1;109317;1;1;16800.0000;1;28945.0000;None;312600.0000
3484;2023-03-13 21:54:40.363000;3;104554;1;1;4800.0000;1;28945.0000;None;312600.0000
13503;2023-03-13 11:52:32.670000;1;101244;1;1;29800.0000;1;None;None;185200.0000
13503;2023-03-13 11:52:32.670000;1;103564;1;1;67800.0000;1;None;None;185200.0000
13503;2023-03-13 11:52:32.670000;1;103564;1;1;67800.0000;1;None;None;185200.0000
13503;2023-03-13 11:53:20.690000;1;105421;1;1;19800.0000;1;None;None;185200.0000
13503;2023-03-13 11:53:20.690000;7;1135;1;1;0.0000;1;None;None;185200.0000
13504;2023-03-13 12:04:53.377000;1;102344;1;1;12800.0000;1;None;None;38400.0000
13504;2023-03-13 12:04:53.377000;1;102344;1;1;12800.0000;1;None;None;38400.0000
13504;2023-03-13 12:04:53.377000;1;102344;1;1;12800.0000;1;None;None;38400.0000
13515;2023-03-13 21:27:28.567000;1;103114;1;1;6800.0000;1;None;None;6800.0000
20875;2023-03-13 12:39:27.937000;1;103111;1;1;0.0000;1;59963.0000;None;647600.0000
20875;2023-03-13 12:40:46.167000;3;102635;1;3;26400.0000;1;59963.0000;None;647600.0000
20875;2023-03-13 12:40:46.167000;3;201237;1;1;6800.0000;1;59963.0000;None;647600.0000
20875;2023-03-13 12:45:02.340000;1;103381;1;1;58800.0000;1;59963.0000;None;647600.0000
20875;2023-03-13 12:45:02.340000;1;102163;1;1;2800.0000;1;59963.0000;None;647600.0000
20875;2023-03-13 12:45:02.340000;1;102163;1;1;2800.0000;1;59963.0000;None;647600.0000
20875;2023-03-13 12:45:02.340000;1;102163;1;1;2800.0000;1;59963.0000;None;647600.0000
20875;2023-03-13 12:45:02.340000;7;1135;1;1;0.0000;1;59963.0000;None;647600.0000
20875;2023-03-13 12:45:02.340000;1;101244;1;1;29800.0000;1;59963.0000;None;647600.0000
20875;2023-03-13 12:51:04.343000;3;201211;1;1;6800.0000;1;59963.0000;None;647600.0000
20875;2023-03-13 12:51:04.343000;7;2065;1;1;0.0000;1;59963.0000;None;647600.0000
20875;2023-03-13 12:51:04.343000;3;102635;1;1;8800.0000;1;59963.0000;None;647600.0000
20875;2023-03-13 12:51:44.110000;1;103111;1;1;0.0000;1;59963.0000;None;647600.0000
20875;2023-03-13 13:13:34.507000;1;103750;1;1;37800.0000;1;59963.0000;None;647600.0000
20875;2023-03-13 13:13:34.507000;7;1135;1;1;0.0000;1;59963.0000;None;647600.0000
20875;2023-03-13 13:13:34.507000;7;1135;1;1;0.0000;1;59963.0000;None;647600.0000
20875;2023-03-13 13:15:30.863000;1;103600;1;1;69800.0000;1;59963.0000;None;647600.0000
20875;2023-03-13 13:15:30.863000;7;1006;1;1;0.0000;1;59963.0000;None;647600.0000
20875;2023-03-13 13:15:30.863000;1;101552;1;1;0.0000;1;59963.0000;None;647600.0000
20875;2023-03-13 13:15:30.863000;1;103600;1;1;69800.0000;1;59963.0000;None;647600.0000
20875;2023-03-13 13:15:30.863000;7;1006;1;1;0.0000;1;59963.0000;None;647600.0000
20875;2023-03-13 13:15:30.863000;1;101552;1;1;0.0000;1;59963.0000;None;647600.0000
20875;2023-03-13 13:15:30.863000;1;103600;1;1;69800.0000;1;59963.0000;None;647600.0000
20875;2023-03-13 13:15:30.863000;7;1006;1;1;0.0000;1;59963.0000;None;647600.0000
20875;2023-03-13 13:15:30.863000;1;101552;1;1;0.0000;1;59963.0000;None;647600.0000
20875;2023-03-13 13:15:30.863000;1;103515;1;1;44800.0000;1;59963.0000;None;647600.0000
20875;2023-03-13 13:15:30.863000;1;103515;1;1;44800.0000;1;59963.0000;None;647600.0000
20875;2023-03-13 13:15:30.863000;7;1135;1;1;0.0000;1;59963.0000;None;647600.0000
20875;2023-03-13 13:15:30.863000;1;102301;1;1;10800.0000;1;59963.0000;None;647600.0000
20875;2023-03-13 13:15:30.863000;7;1135;1;1;0.0000;1;59963.0000;None;647600.0000
20875;2023-03-13 13:15:30.863000;1;103788;1;1;41800.0000;1;59963.0000;None;647600.0000
20875;2023-03-13 13:15:30.863000;6;101624;1;1;0.0000;1;59963.0000;None;647600.0000
20875;2023-03-13 13:15:30.863000;7;1135;1;1;0.0000;1;59963.0000;None;647600.0000
20875;2023-03-13 13:39:55.113000;3;201146;1;1;6800.0000;1;59963.0000;None;647600.0000
20875;2023-03-13 13:39:55.113000;3;201146;1;1;6800.0000;1;59963.0000;None;647600.0000
20875;2023-03-13 13:39:55.113000;3;102635;1;1;8800.0000;1;59963.0000;None;647600.0000
20875;2023-03-13 13:39:55.113000;2;101746;1;1;30800.0000;1;59963.0000;None;647600.0000
20875;2023-03-13 13:39:55.113000;7;2045;1;1;0.0000;1;59963.0000;None;647600.0000
20875;2023-03-13 13:39:55.113000;7;2045;1;1;0.0000;1;59963.0000;None;647600.0000
20875;2023-03-13 13:57:38.207000;1;101891;1;1;16800.0000;1;59963.0000;None;647600.0000
20875;2023-03-13 13:57:38.207000;1;103120;1;1;14800.0000;1;59963.0000;None;647600.0000
20875;2023-03-13 13:57:38.207000;1;101647;1;1;10800.0000;1;59963.0000;None;647600.0000
20875;2023-03-13 13:57:38.207000;7;1216;1;1;0.0000;1;59963.0000;None;647600.0000
20875;2023-03-13 13:57:38.207000;7;1216;1;1;0.0000;1;59963.0000;None;647600.0000
20875;2023-03-13 13:57:38.207000;1;109422;1;1;16800.0000;1;59963.0000;None;647600.0000
20876;2023-03-13 12:39:43.200000;1;103111;1;1;0.0000;1;52111.0000;None;562800.0000
20876;2023-03-13 12:39:43.200000;1;103111;1;1;0.0000;1;52111.0000;None;562800.0000
20876;2023-03-13 12:51:33.623000;1;101178;1;1;46800.0000;1;52111.0000;None;562800.0000
20876;2023-03-13 12:55:02.067000;3;201146;1;1;6800.0000;1;52111.0000;None;562800.0000
20876;2023-03-13 13:01:14.560000;3;200004;1;1;9800.0000;1;52111.0000;None;562800.0000
20876;2023-03-13 13:09:44.643000;1;103083;1;1;29800.0000;1;52111.0000;None;562800.0000
20876;2023-03-13 13:09:44.643000;1;101552;1;1;0.0000;1;52111.0000;None;562800.0000
20876;2023-03-13 13:09:44.643000;7;1306;1;1;0.0000;1;52111.0000;None;562800.0000
20876;2023-03-13 13:09:44.643000;1;103564;1;1;67800.0000;1;52111.0000;None;562800.0000
20876;2023-03-13 13:09:44.643000;1;103791;1;1;41800.0000;1;52111.0000;None;562800.0000
20876;2023-03-13 13:09:44.643000;6;101624;1;1;0.0000;1;52111.0000;None;562800.0000
20876;2023-03-13 13:09:44.643000;1;109361;1;1;79800.0000;1;52111.0000;None;562800.0000
20876;2023-03-13 13:09:44.643000;1;106353;1;1;79800.0000;1;52111.0000;None;562800.0000
20876;2023-03-13 13:09:44.643000;7;1002;1;1;0.0000;1;52111.0000;None;562800.0000
20876;2023-03-13 13:09:44.643000;7;1306;1;1;0.0000;1;52111.0000;None;562800.0000
20876;2023-03-13 13:09:44.643000;1;104837;1;1;0.0000;1;52111.0000;None;562800.0000
20876;2023-03-13 13:03:53.043000;2;201363;1;1;137800.0000;1;52111.0000;None;562800.0000
20876;2023-03-13 13:53:17.483000;1;101891;1;1;16800.0000;1;52111.0000;None;562800.0000
20876;2023-03-13 13:53:17.483000;1;109422;1;1;16800.0000;1;52111.0000;None;562800.0000
20876;2023-03-13 13:53:17.483000;3;100614;1;4;23200.0000;1;52111.0000;None;562800.0000
20876;2023-03-13 13:53:17.483000;3;100596;1;1;5800.0000;1;52111.0000;None;562800.0000
20877;2023-03-13 13:12:16.287000;1;103111;1;1;0.0000;1;18000.0000;None;194400.0000
20877;2023-03-13 13:12:16.287000;3;201269;1;1;6800.0000;1;18000.0000;None;194400.0000
20877;2023-03-13 13:12:16.287000;1;101270;1;1;0.0000;1;18000.0000;None;194400.0000
20877;2023-03-13 13:12:16.287000;7;2016;1;1;0.0000;1;18000.0000;None;194400.0000
20877;2023-03-13 13:12:16.287000;7;2065;1;1;0.0000;1;18000.0000;None;194400.0000
20877;2023-03-13 13:12:16.287000;3;200004;1;1;9800.0000;1;18000.0000;None;194400.0000
20877;2023-03-13 13:12:16.287000;7;2016;1;1;0.0000;1;18000.0000;None;194400.0000
20877;2023-03-13 13:12:16.287000;1;101270;1;1;0.0000;1;18000.0000;None;194400.0000
20877;2023-03-13 13:16:30.127000;1;102151;1;1;5800.0000;1;18000.0000;None;194400.0000
20877;2023-03-13 13:32:26.427000;3;201269;1;1;6800.0000;1;18000.0000;None;194400.0000
20877;2023-03-13 13:32:26.427000;1;101270;1;1;0.0000;1;18000.0000;None;194400.0000
20877;2023-03-13 13:32:26.427000;7;2016;1;1;0.0000;1;18000.0000;None;194400.0000
20877;2023-03-13 13:32:26.427000;7;2065;1;1;0.0000;1;18000.0000;None;194400.0000
20877;2023-03-13 13:32:26.427000;1;103600;1;1;69800.0000;1;18000.0000;None;194400.0000
20877;2023-03-13 13:32:26.427000;7;1006;1;1;0.0000;1;18000.0000;None;194400.0000
20877;2023-03-13 13:32:26.427000;7;1135;1;1;0.0000;1;18000.0000;None;194400.0000
20877;2023-03-13 13:32:26.427000;1;100963;1;1;0.0000;1;18000.0000;None;194400.0000
20877;2023-03-13 13:32:26.427000;1;103600;1;1;69800.0000;1;18000.0000;None;194400.0000
20877;2023-03-13 13:32:26.427000;7;1006;1;1;0.0000;1;18000.0000;None;194400.0000
20877;2023-03-13 13:32:26.427000;7;1135;1;1;0.0000;1;18000.0000;None;194400.0000
20877;2023-03-13 13:32:26.427000;1;100963;1;1;0.0000;1;18000.0000;None;194400.0000
20877;2023-03-13 14:20:25.513000;1;101308;1;1;19800.0000;1;18000.0000;None;194400.0000
20877;2023-03-13 14:20:25.513000;3;100614;1;1;5800.0000;1;18000.0000;None;194400.0000
20877;2023-03-13 14:41:45.397000;7;1303;1;1;0.0000;1;18000.0000;None;194400.0000
20878;2023-03-13 13:20:59.707000;1;103111;1;1;0.0000;1;18685.0000;None;201800.0000
20878;2023-03-13 13:26:02.537000;2;201187;1;1;10800.0000;1;18685.0000;None;201800.0000
20878;2023-03-13 13:26:02.537000;2;201187;1;1;10800.0000;1;18685.0000;None;201800.0000
20878;2023-03-13 13:26:02.537000;2;201187;1;1;10800.0000;1;18685.0000;None;201800.0000
20878;2023-03-13 13:26:02.537000;1;103777;1;1;69800.0000;1;18685.0000;None;201800.0000
20878;2023-03-13 13:26:02.537000;1;101084;1;1;69800.0000;1;18685.0000;None;201800.0000
20878;2023-03-13 13:26:02.537000;1;103784;1;1;29800.0000;1;18685.0000;None;201800.0000
20878;2023-03-13 13:26:02.537000;6;101624;1;1;0.0000;1;18685.0000;None;201800.0000
20878;2023-03-13 14:05:52.903000;7;1303;1;1;0.0000;1;18685.0000;None;201800.0000
