2738;2023-03-09 12:17:35.153000;1;100891;1;1;35800.0000;1;3315.0000;None;35800.0000
2738;2023-03-09 12:17:35.153000;7;1135;1;1;0.0000;1;3315.0000;None;35800.0000
2739;2023-03-09 13:42:30.607000;1;103347;1;1;59800.0000;1;None;None;59800.0000
2739;2023-03-09 13:42:30.607000;7;1135;1;1;0.0000;1;None;None;59800.0000
17874;2023-03-09 12:18:38.597000;1;100894;1;1;35800.0000;1;None;None;35800.0000
17874;2023-03-09 12:18:38.597000;7;1135;1;1;0.0000;1;None;None;35800.0000
17875;2023-03-09 12:38:12.513000;3;201269;1;1;6800.0000;1;7037.0000;None;76000.0000
17875;2023-03-09 12:38:12.513000;3;108191;1;1;0.0000;1;7037.0000;None;76000.0000
17875;2023-03-09 12:41:24.210000;1;100896;1;1;35800.0000;1;7037.0000;None;76000.0000
17875;2023-03-09 12:42:29.123000;3;101641;1;1;0.0000;1;7037.0000;None;76000.0000
17875;2023-03-09 13:14:26.063000;1;101043;5;1;21800.0000;1;7037.0000;None;76000.0000
17875;2023-03-09 13:14:56.427000;3;100613;1;1;5800.0000;1;7037.0000;None;76000.0000
17875;2023-03-09 13:14:56.427000;3;100614;1;1;5800.0000;1;7037.0000;None;76000.0000
17875;2023-03-09 13:14:56.427000;7;1207;1;1;0.0000;1;7037.0000;None;76000.0000
17876;2023-03-09 13:54:53.813000;1;103354;1;1;59800.0000;1;None;None;59800.0000
17876;2023-03-09 13:54:53.813000;7;1135;1;1;0.0000;1;None;None;59800.0000
17879;2023-03-09 15:50:11.800000;3;201146;1;3;20400.0000;1;15611.0000;None;168600.0000
17879;2023-03-09 15:53:26.540000;1;101954;1;1;19800.0000;1;15611.0000;None;168600.0000
17879;2023-03-09 16:13:08.977000;1;104293;1;1;44800.0000;1;15611.0000;None;168600.0000
17879;2023-03-09 16:13:08.977000;7;1006;1;1;0.0000;1;15611.0000;None;168600.0000
17879;2023-03-09 16:13:08.977000;1;105065;1;1;0.0000;1;15611.0000;None;168600.0000
17879;2023-03-09 16:13:08.977000;1;104293;1;1;44800.0000;1;15611.0000;None;168600.0000
17879;2023-03-09 16:13:08.977000;7;1302;1;1;0.0000;1;15611.0000;None;168600.0000
17879;2023-03-09 16:13:08.977000;1;101522;1;1;0.0000;1;15611.0000;None;168600.0000
17879;2023-03-09 16:14:00.427000;1;108267;5;1;38800.0000;1;15611.0000;None;168600.0000
17882;2023-03-09 20:15:05.617000;2;101978;1;2;99600.0000;1;47574.0000;None;513800.0000
17882;2023-03-09 20:15:05.617000;2;102599;1;1;51800.0000;1;47574.0000;None;513800.0000
17882;2023-03-09 20:16:00.447000;3;101641;1;1;0.0000;1;47574.0000;None;513800.0000
17882;2023-03-09 20:21:10.670000;3;201146;1;1;6800.0000;1;47574.0000;None;513800.0000
17882;2023-03-09 20:52:29.700000;1;103205;1;1;62800.0000;1;47574.0000;None;513800.0000
17882;2023-03-09 21:14:57.807000;2;108121;1;1;38800.0000;1;47574.0000;None;513800.0000
17882;2023-03-09 21:27:04.123000;2;201960;1;1;13800.0000;1;47574.0000;None;513800.0000
17882;2023-03-09 21:32:11.370000;3;201146;1;1;6800.0000;1;47574.0000;None;513800.0000
17882;2023-03-09 21:32:11.370000;3;101641;1;1;0.0000;1;47574.0000;None;513800.0000
17882;2023-03-09 21:35:26.957000;2;101978;1;3;149400.0000;1;47574.0000;None;513800.0000
17882;2023-03-09 22:04:38.383000;3;201146;1;1;6800.0000;1;47574.0000;None;513800.0000
17882;2023-03-09 22:04:38.383000;3;101641;1;1;0.0000;1;47574.0000;None;513800.0000
17882;2023-03-09 22:08:10.087000;2;201960;1;1;13800.0000;1;47574.0000;None;513800.0000
17882;2023-03-09 22:02:22.657000;2;101978;1;1;49800.0000;1;47574.0000;None;513800.0000
17882;2023-03-09 22:29:46.217000;3;201146;1;2;13600.0000;1;47574.0000;None;513800.0000
17882;2023-03-09 22:32:27.247000;3;101641;1;2;0.0000;1;47574.0000;None;513800.0000
17884;2023-03-09 21:01:01.357000;1;104690;1;2;19600.0000;1;None;None;9800.0000
17884;2023-03-09 21:01:01.357000;None;3;None;1;-9800.0000;2;None;None;9800.0000
17885;2023-03-09 21:58:03.457000;2;102848;1;1;44800.0000;1;17704.0000;None;191200.0000
17885;2023-03-09 21:58:03.457000;2;105618;1;1;50800.0000;1;17704.0000;None;191200.0000
17885;2023-03-09 22:37:23.440000;2;102848;1;1;44800.0000;1;17704.0000;None;191200.0000
17885;2023-03-09 22:37:23.440000;2;105618;1;1;50800.0000;1;17704.0000;None;191200.0000
24277;2023-03-09 13:22:04.557000;1;100892;1;1;35800.0000;1;8889.0000;None;96000.0000
24277;2023-03-09 13:22:04.557000;1;100896;1;1;35800.0000;1;8889.0000;None;96000.0000
24277;2023-03-09 13:22:04.557000;3;102635;1;1;8800.0000;1;8889.0000;None;96000.0000
24277;2023-03-09 13:22:04.557000;3;102635;1;1;8800.0000;1;8889.0000;None;96000.0000
24277;2023-03-09 13:46:49.293000;3;201211;1;1;6800.0000;1;8889.0000;None;96000.0000
24278;2023-03-09 13:50:03.493000;1;109408;1;1;35800.0000;1;None;None;35800.0000
24278;2023-03-09 13:50:03.493000;7;1006;1;1;0.0000;1;None;None;35800.0000
24278;2023-03-09 13:50:03.493000;7;1135;1;1;0.0000;1;None;None;35800.0000
24280;2023-03-09 13:57:13.330000;3;201958;1;1;6800.0000;1;12963.0000;None;140000.0000
24280;2023-03-09 13:57:13.330000;3;201146;1;1;6800.0000;1;12963.0000;None;140000.0000
24280;2023-03-09 13:57:13.330000;3;201958;1;1;6800.0000;1;12963.0000;None;140000.0000
24280;2023-03-09 13:57:13.330000;3;101410;1;1;0.0000;1;12963.0000;None;140000.0000
24280;2023-03-09 13:57:13.330000;1;103338;1;1;59800.0000;1;12963.0000;None;140000.0000
24280;2023-03-09 13:57:13.330000;1;103338;1;1;59800.0000;1;12963.0000;None;140000.0000
24280;2023-03-09 13:57:13.330000;7;1135;1;1;0.0000;1;12963.0000;None;140000.0000
24287;2023-03-09 16:25:16.273000;3;201211;1;2;13600.0000;1;12019.0000;None;129800.0000
24287;2023-03-09 16:25:16.273000;3;102748;1;1;15800.0000;1;12019.0000;None;129800.0000
24287;2023-03-09 16:25:16.273000;1;102226;1;1;7800.0000;1;12019.0000;None;129800.0000
24287;2023-03-09 16:42:42.607000;1;108796;1;1;49800.0000;1;12019.0000;None;129800.0000
24287;2023-03-09 16:42:42.607000;7;1006;1;1;0.0000;1;12019.0000;None;129800.0000
24287;2023-03-09 16:42:42.607000;1;103421;5;1;42800.0000;1;12019.0000;None;129800.0000
24288;2023-03-09 16:25:46.410000;2;101978;1;1;49800.0000;1;14241.0000;None;153800.0000
24288;2023-03-09 16:25:46.410000;2;102774;1;1;44800.0000;1;14241.0000;None;153800.0000
24288;2023-03-09 18:29:15.870000;2;201615;1;2;29600.0000;1;14241.0000;None;153800.0000
24288;2023-03-09 19:22:31.410000;2;201615;1;2;29600.0000;1;14241.0000;None;153800.0000
24289;2023-03-09 16:32:38.337000;2;109535;1;1;83800.0000;1;43389.0000;None;468600.0000
24289;2023-03-09 16:32:38.337000;7;1207;1;1;0.0000;1;43389.0000;None;468600.0000
24289;2023-03-09 16:32:38.337000;2;101728;5;1;33800.0000;1;43389.0000;None;468600.0000
24289;2023-03-09 17:20:46.677000;2;101728;5;1;33800.0000;1;43389.0000;None;468600.0000
24289;2023-03-09 17:49:56.293000;2;109535;1;1;83800.0000;1;43389.0000;None;468600.0000
24289;2023-03-09 17:55:25.697000;1;104893;5;1;129800.0000;1;43389.0000;None;468600.0000
24289;2023-03-09 17:55:25.697000;7;1306;1;1;0.0000;1;43389.0000;None;468600.0000
24289;2023-03-09 17:55:25.697000;7;1006;1;1;0.0000;1;43389.0000;None;468600.0000
24289;2023-03-09 17:55:25.697000;1;101519;5;1;0.0000;1;43389.0000;None;468600.0000
24289;2023-03-09 17:55:25.697000;1;103600;5;1;69800.0000;1;43389.0000;None;468600.0000
24289;2023-03-09 17:55:25.697000;7;1006;1;1;0.0000;1;43389.0000;None;468600.0000
24289;2023-03-09 17:55:25.697000;1;101552;5;1;0.0000;1;43389.0000;None;468600.0000
24289;2023-03-09 18:20:55.983000;2;101728;5;1;33800.0000;1;43389.0000;None;468600.0000
24290;2023-03-09 16:46:29.683000;2;102775;1;1;45800.0000;1;24389.0000;None;263400.0000
24290;2023-03-09 16:49:17.600000;3;201958;1;1;6800.0000;1;24389.0000;None;263400.0000
24290;2023-03-09 17:45:55.763000;2;201187;1;1;10800.0000;1;24389.0000;None;263400.0000
24290;2023-03-09 17:45:55.763000;2;201187;1;1;10800.0000;1;24389.0000;None;263400.0000
24290;2023-03-09 17:57:48.443000;2;101746;5;1;30800.0000;1;24389.0000;None;263400.0000
24290;2023-03-09 18:11:10.803000;2;201187;1;2;21600.0000;1;24389.0000;None;263400.0000
24290;2023-03-09 18:46:46.183000;1;103205;1;1;62800.0000;1;24389.0000;None;263400.0000
24290;2023-03-09 18:49:17.073000;2;201187;1;1;10800.0000;1;24389.0000;None;263400.0000
24290;2023-03-09 18:49:17.073000;2;201187;1;1;10800.0000;1;24389.0000;None;263400.0000
24290;2023-03-09 18:49:17.073000;2;101746;5;1;30800.0000;1;24389.0000;None;263400.0000
24290;2023-03-09 19:32:23.723000;2;201187;1;1;10800.0000;1;24389.0000;None;263400.0000
24290;2023-03-09 19:32:23.723000;2;201187;1;1;10800.0000;1;24389.0000;None;263400.0000
24292;2023-03-09 17:20:10.690000;2;107767;1;1;50800.0000;1;16407.0000;None;177200.0000
24292;2023-03-09 17:20:10.690000;2;107767;1;1;50800.0000;1;16407.0000;None;177200.0000
24292;2023-03-09 17:53:51.683000;2;101795;1;1;37800.0000;1;16407.0000;None;177200.0000
24292;2023-03-09 17:53:51.683000;2;101795;1;1;37800.0000;1;16407.0000;None;177200.0000
24293;2023-03-09 17:23:16.593000;1;103791;5;1;39800.0000;1;10296.0000;None;111200.0000
24293;2023-03-09 17:23:16.593000;6;101624;5;1;0.0000;1;10296.0000;None;111200.0000
24293;2023-03-09 17:23:16.593000;7;1135;1;1;0.0000;1;10296.0000;None;111200.0000
24293;2023-03-09 17:23:16.593000;1;101092;5;1;55800.0000;1;10296.0000;None;111200.0000
24293;2023-03-09 17:23:16.593000;1;108235;5;1;0.0000;1;10296.0000;None;111200.0000
24293;2023-03-09 17:23:16.593000;7;1351;3;1;0.0000;1;10296.0000;None;111200.0000
24293;2023-03-09 17:23:16.593000;3;102651;1;1;9800.0000;1;10296.0000;None;111200.0000
24293;2023-03-09 17:23:16.593000;3;100999;1;1;5800.0000;1;10296.0000;None;111200.0000
24293;2023-03-09 17:23:16.593000;3;101564;1;4;0.0000;1;10296.0000;None;111200.0000
24294;2023-03-09 18:03:03.937000;2;201615;1;1;14800.0000;1;32519.0000;None;351200.0000
24294;2023-03-09 18:03:03.937000;3;108191;1;1;0.0000;1;32519.0000;None;351200.0000
24294;2023-03-09 18:03:03.937000;7;1207;1;1;0.0000;1;32519.0000;None;351200.0000
24294;2023-03-09 18:03:03.937000;1;101176;1;1;41800.0000;1;32519.0000;None;351200.0000
24294;2023-03-09 18:27:39.600000;1;101954;1;1;19800.0000;1;32519.0000;None;351200.0000
24294;2023-03-09 18:27:39.600000;1;108668;1;1;21800.0000;1;32519.0000;None;351200.0000
24294;2023-03-09 18:27:39.600000;2;102537;1;1;84800.0000;1;32519.0000;None;351200.0000
24294;2023-03-09 18:27:39.600000;7;1207;1;1;0.0000;1;32519.0000;None;351200.0000
24294;2023-03-09 18:33:55.383000;1;103205;1;1;62800.0000;1;32519.0000;None;351200.0000
24294;2023-03-09 18:48:04.360000;2;102537;1;1;84800.0000;1;32519.0000;None;351200.0000
24294;2023-03-09 18:48:04.360000;7;1207;1;1;0.0000;1;32519.0000;None;351200.0000
24294;2023-03-09 19:44:48.287000;3;200004;1;1;9800.0000;1;32519.0000;None;351200.0000
24294;2023-03-09 19:44:48.287000;7;2002;1;1;0.0000;1;32519.0000;None;351200.0000
24294;2023-03-09 19:44:48.287000;3;101641;1;1;0.0000;1;32519.0000;None;351200.0000
24294;2023-03-09 19:44:48.287000;2;201187;1;1;10800.0000;1;32519.0000;None;351200.0000
24295;2023-03-09 18:10:31.400000;3;104554;1;1;4800.0000;1;5222.0000;None;56400.0000
24295;2023-03-09 18:10:31.400000;2;101878;1;1;29800.0000;1;5222.0000;None;56400.0000
24295;2023-03-09 18:15:51.593000;1;108668;1;1;21800.0000;1;5222.0000;None;56400.0000
24296;2023-03-09 18:14:31.053000;2;101978;1;1;49800.0000;1;13463.0000;None;145400.0000
24296;2023-03-09 18:14:31.053000;2;102775;1;1;45800.0000;1;13463.0000;None;145400.0000
24296;2023-03-09 18:21:10.357000;1;102363;1;1;49800.0000;1;13463.0000;None;145400.0000
24297;2023-03-09 18:37:45.897000;3;100614;1;1;5800.0000;1;23259.0000;None;251200.0000
24297;2023-03-09 18:37:45.897000;3;100614;1;1;5800.0000;1;23259.0000;None;251200.0000
24297;2023-03-09 18:41:54.873000;2;101358;1;1;54800.0000;1;23259.0000;None;251200.0000
24297;2023-03-09 18:41:54.873000;2;101358;1;1;54800.0000;1;23259.0000;None;251200.0000
24297;2023-03-09 19:18:10.670000;3;201146;1;1;6800.0000;1;23259.0000;None;251200.0000
24297;2023-03-09 19:42:28.927000;3;201958;1;1;6800.0000;1;23259.0000;None;251200.0000
24297;2023-03-09 19:42:28.927000;2;101358;1;1;54800.0000;1;23259.0000;None;251200.0000
24297;2023-03-09 20:50:41.057000;2;101358;1;1;54800.0000;1;23259.0000;None;251200.0000
24297;2023-03-09 21:19:12.083000;3;201958;1;1;6800.0000;1;23259.0000;None;251200.0000
24298;2023-03-09 18:45:56.913000;2;102848;1;1;44800.0000;1;26259.0000;None;283600.0000
24298;2023-03-09 18:45:56.913000;2;101978;1;1;49800.0000;1;26259.0000;None;283600.0000
24298;2023-03-09 18:45:56.913000;7;1207;1;1;0.0000;1;26259.0000;None;283600.0000
24298;2023-03-09 18:45:56.913000;2;101783;1;1;30800.0000;1;26259.0000;None;283600.0000
24298;2023-03-09 18:45:56.913000;7;1207;1;1;0.0000;1;26259.0000;None;283600.0000
24298;2023-03-09 18:45:56.913000;2;108125;1;1;53800.0000;1;26259.0000;None;283600.0000
24298;2023-03-09 19:01:59.907000;3;200004;1;1;9800.0000;1;26259.0000;None;283600.0000
24298;2023-03-09 19:16:42.197000;2;108116;1;1;44800.0000;1;26259.0000;None;283600.0000
24298;2023-03-09 19:54:45.347000;2;101978;1;1;49800.0000;1;26259.0000;None;283600.0000
24298;2023-03-09 19:54:45.347000;7;1207;1;1;0.0000;1;26259.0000;None;283600.0000
24299;2023-03-09 19:10:17.093000;2;108119;1;1;55800.0000;1;34296.0000;None;370400.0000
24299;2023-03-09 19:10:17.093000;2;102775;1;1;45800.0000;1;34296.0000;None;370400.0000
24299;2023-03-09 13:57:13.330000;1;101244;1;1;29800.0000;1;34296.0000;None;370400.0000
24299;2023-03-09 13:57:13.330000;7;1135;1;1;0.0000;1;34296.0000;None;370400.0000
24299;2023-03-09 19:11:44.813000;3;101410;1;1;0.0000;1;34296.0000;None;370400.0000
24299;2023-03-09 19:36:32.017000;1;108550;5;1;45800.0000;1;34296.0000;None;370400.0000
24299;2023-03-09 19:50:14.837000;2;102775;1;1;45800.0000;1;34296.0000;None;370400.0000
24299;2023-03-09 20:55:14.590000;2;102775;1;1;45800.0000;1;34296.0000;None;370400.0000
24299;2023-03-09 20:55:14.590000;2;108119;1;1;55800.0000;1;34296.0000;None;370400.0000
24299;2023-03-09 21:00:47.510000;3;101641;1;1;0.0000;1;34296.0000;None;370400.0000
24299;2023-03-09 21:36:16.633000;2;102775;1;1;45800.0000;1;34296.0000;None;370400.0000
24300;2023-03-09 19:21:16.463000;2;102775;1;1;45800.0000;1;47611.0000;None;514200.0000
24300;2023-03-09 19:21:16.463000;2;108101;1;1;36800.0000;1;47611.0000;None;514200.0000
24300;2023-03-09 19:21:16.463000;1;109458;1;1;26800.0000;1;47611.0000;None;514200.0000
24300;2023-03-09 19:21:16.463000;1;102131;1;1;5200.0000;1;47611.0000;None;514200.0000
24300;2023-03-09 19:26:11.853000;1;103434;5;1;34800.0000;1;47611.0000;None;514200.0000
24300;2023-03-09 19:32:34.830000;3;201146;1;1;6800.0000;1;47611.0000;None;514200.0000
24300;2023-03-09 19:52:31.507000;2;102848;1;1;44800.0000;1;47611.0000;None;514200.0000
24300;2023-03-09 20:37:48.867000;2;108101;1;2;73600.0000;1;47611.0000;None;514200.0000
24300;2023-03-09 20:55:32.963000;2;108101;1;1;36800.0000;1;47611.0000;None;514200.0000
24300;2023-03-09 21:25:28.137000;2;101783;1;1;30800.0000;1;47611.0000;None;514200.0000
24300;2023-03-09 21:25:28.137000;7;1207;1;1;0.0000;1;47611.0000;None;514200.0000
24300;2023-03-09 21:25:28.137000;2;108101;1;1;36800.0000;1;47611.0000;None;514200.0000
24300;2023-03-09 21:32:00.250000;2;108101;1;1;36800.0000;1;47611.0000;None;514200.0000
24300;2023-03-09 21:45:55.890000;2;101783;1;1;30800.0000;1;47611.0000;None;514200.0000
24300;2023-03-09 22:18:55.173000;2;101783;1;1;30800.0000;1;47611.0000;None;514200.0000
24300;2023-03-09 22:22:24.267000;2;108101;1;1;36800.0000;1;47611.0000;None;514200.0000
24301;2023-03-09 19:41:23.630000;2;201961;1;1;13800.0000;1;5963.0000;None;64400.0000
24301;2023-03-09 19:41:23.630000;3;102748;1;1;15800.0000;1;5963.0000;None;64400.0000
24301;2023-03-09 19:41:23.630000;1;103434;5;1;34800.0000;1;5963.0000;None;64400.0000
24302;2023-03-09 19:43:29.403000;2;103225;1;1;48800.0000;1;17889.0000;None;193200.0000
24302;2023-03-09 19:43:29.403000;2;103151;1;1;47800.0000;1;17889.0000;None;193200.0000
24302;2023-03-09 20:41:40.947000;2;103225;1;1;48800.0000;1;17889.0000;None;193200.0000
24302;2023-03-09 20:41:40.947000;2;103151;1;1;47800.0000;1;17889.0000;None;193200.0000
24303;2023-03-09 19:57:33.633000;1;101954;1;1;19800.0000;1;13574.0000;None;146600.0000
24303;2023-03-09 19:57:33.633000;1;103791;5;1;39800.0000;1;13574.0000;None;146600.0000
24303;2023-03-09 19:57:33.633000;1;102277;5;1;4800.0000;1;13574.0000;None;146600.0000
24303;2023-03-09 19:57:33.633000;1;107149;5;1;55800.0000;1;13574.0000;None;146600.0000
24303;2023-03-09 19:57:33.633000;3;102747;1;1;4800.0000;1;13574.0000;None;146600.0000
24303;2023-03-09 19:57:33.633000;3;104446;1;1;5800.0000;1;13574.0000;None;146600.0000
24303;2023-03-09 20:05:40.243000;3;101564;1;4;0.0000;1;13574.0000;None;146600.0000
24303;2023-03-09 20:30:17.507000;1;103372;5;1;15800.0000;1;13574.0000;None;146600.0000
24306;2023-03-09 21:08:59.367000;2;105618;1;1;50800.0000;1;16389.0000;None;177000.0000
24306;2023-03-09 21:08:59.367000;2;105618;1;1;50800.0000;1;16389.0000;None;177000.0000
24306;2023-03-09 21:08:59.367000;7;1207;1;1;0.0000;1;16389.0000;None;177000.0000
24306;2023-03-09 21:08:59.367000;1;106879;5;1;22800.0000;1;16389.0000;None;177000.0000
24306;2023-03-09 21:08:59.367000;6;101438;5;1;0.0000;1;16389.0000;None;177000.0000
24306;2023-03-09 21:08:59.367000;1;102726;5;1;45800.0000;1;16389.0000;None;177000.0000
24306;2023-03-09 21:09:45.100000;3;201146;1;1;6800.0000;1;16389.0000;None;177000.0000
24306;2023-03-09 21:09:45.100000;7;2094;1;2;0.0000;1;16389.0000;None;177000.0000
24306;2023-03-09 21:26:25.653000;3;101564;1;4;0.0000;1;16389.0000;None;177000.0000
24307;2023-03-09 21:35:09.643000;2;200525;1;1;315800.0000;1;33019.0000;None;356600.0000
24307;2023-03-09 21:35:09.643000;7;2008;1;6;0.0000;1;33019.0000;None;356600.0000
24307;2023-03-09 21:35:09.643000;3;201269;1;6;40800.0000;1;33019.0000;None;356600.0000
24307;2023-03-09 21:35:09.643000;3;101641;1;6;0.0000;1;33019.0000;None;356600.0000
24307;2023-03-09 21:35:09.643000;7;1207;1;1;0.0000;1;33019.0000;None;356600.0000
24307;2023-03-09 22:34:24.877000;3;101641;1;6;0.0000;1;33019.0000;None;356600.0000
24307;2023-03-09 22:34:24.877000;7;1207;1;1;0.0000;1;33019.0000;None;356600.0000
24308;2023-03-09 21:54:42.517000;2;107563;1;1;27800.0000;1;9759.0000;None;105400.0000
24308;2023-03-09 22:19:12.493000;2;107563;1;1;27800.0000;1;9759.0000;None;105400.0000
24308;2023-03-09 22:57:12.427000;2;101978;1;1;49800.0000;1;9759.0000;None;105400.0000
24308;2023-03-09 22:57:12.427000;7;2008;1;2;0.0000;1;9759.0000;None;105400.0000
24310;2023-03-09 22:01:10.060000;2;202176;5;1;136800.0000;1;48926.0000;None;528400.0000
24310;2023-03-09 22:01:10.060000;7;2008;1;2;0.0000;1;48926.0000;None;528400.0000
24310;2023-03-09 20:23:21.137000;3;102747;1;1;4800.0000;1;48926.0000;None;528400.0000
24310;2023-03-09 20:23:21.137000;7;1207;1;1;0.0000;1;48926.0000;None;528400.0000
24310;2023-03-09 20:26:30.613000;1;103340;1;1;30800.0000;1;48926.0000;None;528400.0000
24310;2023-03-09 20:26:30.613000;1;101176;1;1;41800.0000;1;48926.0000;None;528400.0000
24310;2023-03-09 20:26:30.613000;3;201211;1;1;6800.0000;1;48926.0000;None;528400.0000
24310;2023-03-09 20:26:30.613000;3;201211;1;1;6800.0000;1;48926.0000;None;528400.0000
24310;2023-03-09 20:26:30.613000;3;201146;1;1;6800.0000;1;48926.0000;None;528400.0000
24310;2023-03-09 20:49:32.517000;2;202176;5;1;136800.0000;1;48926.0000;None;528400.0000
24310;2023-03-09 20:49:32.517000;7;2008;1;4;0.0000;1;48926.0000;None;528400.0000
24310;2023-03-09 20:53:44.560000;1;102278;1;1;2800.0000;1;48926.0000;None;528400.0000
24310;2023-03-09 21:03:20.310000;1;102228;1;1;10800.0000;1;48926.0000;None;528400.0000
24310;2023-03-09 21:11:02.147000;1;103205;1;1;62800.0000;1;48926.0000;None;528400.0000
24310;2023-03-09 21:29:27.857000;3;201211;1;1;6800.0000;1;48926.0000;None;528400.0000
24310;2023-03-09 21:29:27.857000;1;102278;1;1;2800.0000;1;48926.0000;None;528400.0000
24310;2023-03-09 23:13:07.790000;1;101308;5;1;19800.0000;1;48926.0000;None;528400.0000
24310;2023-03-09 23:26:05.717000;2;200480;1;4;51200.0000;1;48926.0000;None;528400.0000
24311;2023-03-09 22:45:54.387000;2;101973;1;1;49800.0000;1;13648.0000;None;147400.0000
24311;2023-03-09 22:45:54.387000;2;101974;1;1;51800.0000;1;13648.0000;None;147400.0000
24311;2023-03-09 22:45:54.387000;2;102775;1;1;45800.0000;1;13648.0000;None;147400.0000
24311;2023-03-09 13:52:15.947000;1;100896;1;1;35800.0000;1;13648.0000;None;147400.0000
24311;2023-03-09 14:11:00.133000;1;100896;1;-1;-35800.0000;1;13648.0000;None;147400.0000
24311;2023-03-09 13:54:56.213000;1;103354;1;1;59800.0000;1;13648.0000;None;147400.0000
24311;2023-03-09 13:55:52.033000;1;103354;1;-1;-59800.0000;1;13648.0000;None;147400.0000
24311;2023-03-09 17:49:03.377000;2;107767;1;1;50800.0000;1;13648.0000;None;147400.0000
24311;2023-03-09 20:16:00.447000;3;200004;1;1;9800.0000;1;13648.0000;None;147400.0000
24311;2023-03-09 23:16:33.167000;2;107767;1;-1;-50800.0000;1;13648.0000;None;147400.0000
24311;2023-03-09 23:16:33.167000;3;200004;1;-1;-9800.0000;1;13648.0000;None;147400.0000
24312;2023-03-09 23:05:40.180000;2;100988;1;2;61600.0000;1;10500.0000;None;113400.0000
24312;2023-03-09 23:05:40.180000;2;102599;1;1;51800.0000;1;10500.0000;None;113400.0000
