2741;2023-03-10 12:06:19.213000;2;201960;1;4;55200.0000;1;5111.0000;None;55200.0000
2743;2023-03-10 17:16:19.420000;3;201269;1;1;6800.0000;1;1444.0000;None;15600.0000
2743;2023-03-10 17:16:19.420000;3;108191;1;1;0.0000;1;1444.0000;None;15600.0000
2743;2023-03-10 17:16:19.420000;3;102635;1;1;8800.0000;1;1444.0000;None;15600.0000
2744;2023-03-10 21:06:57.257000;2;200466;1;1;164800.0000;1;18074.0000;None;195200.0000
2744;2023-03-10 21:06:57.257000;7;2008;1;1;0.0000;1;18074.0000;None;195200.0000
2744;2023-03-10 21:06:57.257000;7;2008;1;1;0.0000;1;18074.0000;None;195200.0000
2744;2023-03-10 21:06:57.257000;7;2008;1;1;0.0000;1;18074.0000;None;195200.0000
2744;2023-03-10 21:09:25.170000;2;104219;1;1;11800.0000;1;18074.0000;None;195200.0000
2744;2023-03-10 21:09:25.170000;2;104219;1;1;11800.0000;1;18074.0000;None;195200.0000
2744;2023-03-10 21:19:14.330000;3;201146;1;1;6800.0000;1;18074.0000;None;195200.0000
2744;2023-03-10 21:19:14.330000;7;2008;1;3;0.0000;1;18074.0000;None;195200.0000
2745;2023-03-10 21:27:05.407000;2;102934;1;1;44800.0000;1;8296.0000;None;89600.0000
2745;2023-03-10 21:27:05.407000;2;102934;1;1;44800.0000;1;8296.0000;None;89600.0000
2747;2023-03-10 23:38:05.733000;2;101878;1;2;59600.0000;1;11037.0000;None;119200.0000
2747;2023-03-11 00:09:05.747000;2;101878;1;2;59600.0000;1;11037.0000;None;119200.0000
2747;2023-03-10 22:26:42.583000;2;102774;1;1;44800.0000;1;11037.0000;None;119200.0000
2747;2023-03-10 23:53:18.407000;2;102774;1;-1;-44800.0000;1;11037.0000;None;119200.0000
17888;2023-03-10 15:48:53.167000;1;101176;1;1;41800.0000;1;24593.0000;None;265600.0000
17888;2023-03-10 15:52:20.193000;2;101869;1;1;34800.0000;1;24593.0000;None;265600.0000
17888;2023-03-10 15:52:20.193000;7;2049;1;1;0.0000;1;24593.0000;None;265600.0000
17888;2023-03-10 16:13:18.857000;2;101869;1;1;34800.0000;1;24593.0000;None;265600.0000
17888;2023-03-10 16:13:18.857000;7;2049;1;1;0.0000;1;24593.0000;None;265600.0000
17888;2023-03-10 17:06:49;2;108118;1;1;39800.0000;1;24593.0000;None;265600.0000
17888;2023-03-10 17:06:49;1;101176;1;1;41800.0000;1;24593.0000;None;265600.0000
17888;2023-03-10 17:11:57.420000;2;101869;1;1;34800.0000;1;24593.0000;None;265600.0000
17888;2023-03-10 17:11:57.420000;7;2049;1;1;0.0000;1;24593.0000;None;265600.0000
17888;2023-03-10 17:43:19.067000;1;103410;5;1;37800.0000;1;24593.0000;None;265600.0000
17889;2023-03-10 18:07:23.903000;3;201146;1;2;13600.0000;1;93130.0000;None;1005800.0000
17889;2023-03-10 19:00:12.273000;3;201146;1;1;6800.0000;1;93130.0000;None;1005800.0000
17889;2023-03-10 19:00:38.110000;1;109458;1;1;26800.0000;1;93130.0000;None;1005800.0000
17889;2023-03-10 19:44:49.223000;3;201146;1;1;6800.0000;1;93130.0000;None;1005800.0000
17889;2023-03-10 19:58:31.650000;2;202699;1;1;917800.0000;1;93130.0000;None;1005800.0000
17889;2023-03-10 19:58:31.650000;7;2048;1;2;0.0000;1;93130.0000;None;1005800.0000
17889;2023-03-10 20:44:37.537000;3;201146;1;1;6800.0000;1;93130.0000;None;1005800.0000
17889;2023-03-10 21:02:39.707000;3;201269;1;1;6800.0000;1;93130.0000;None;1005800.0000
17889;2023-03-10 21:02:39.707000;3;101641;1;1;0.0000;1;93130.0000;None;1005800.0000
17889;2023-03-10 21:55:46;3;201146;1;2;13600.0000;1;93130.0000;None;1005800.0000
17889;2023-03-10 22:11:39.890000;3;201269;1;1;6800.0000;1;93130.0000;None;1005800.0000
17889;2023-03-10 22:11:39.890000;3;101641;1;1;0.0000;1;93130.0000;None;1005800.0000
17889;2023-03-10 22:38:21.983000;3;101641;1;2;0.0000;1;93130.0000;None;1005800.0000
17890;2023-03-10 17:47:33.877000;3;202134;1;1;9800.0000;1;1815.0000;None;19600.0000
17890;2023-03-10 19:32:48.837000;3;202134;1;1;9800.0000;1;1815.0000;None;19600.0000
17890;2023-03-10 19:32:48.837000;7;1207;1;1;0.0000;1;1815.0000;None;19600.0000
17892;2023-03-10 20:52:10.957000;2;102979;1;1;33800.0000;1;18963.0000;None;204800.0000
17892;2023-03-10 20:52:10.957000;2;102933;1;1;25800.0000;1;18963.0000;None;204800.0000
17892;2023-03-10 20:59:00.100000;1;108668;1;1;21800.0000;1;18963.0000;None;204800.0000
17892;2023-03-10 20:59:00.100000;1;101176;1;1;41800.0000;1;18963.0000;None;204800.0000
17892;2023-03-10 20:59:00.100000;1;107647;1;1;36800.0000;1;18963.0000;None;204800.0000
17892;2023-03-10 21:55:36.003000;2;102848;1;1;44800.0000;1;18963.0000;None;204800.0000
17894;2023-03-10 21:05:24.697000;3;102635;1;1;8800.0000;1;51222.0000;None;553200.0000
17894;2023-03-10 21:05:24.697000;3;201958;1;1;6800.0000;1;51222.0000;None;553200.0000
17894;2023-03-10 21:05:24.697000;7;2042;1;1;0.0000;1;51222.0000;None;553200.0000
17894;2023-03-10 21:05:24.697000;3;201958;1;1;6800.0000;1;51222.0000;None;553200.0000
17894;2023-03-10 21:05:24.697000;3;201237;1;1;6800.0000;1;51222.0000;None;553200.0000
17894;2023-03-10 21:05:24.697000;2;201187;1;2;21600.0000;1;51222.0000;None;553200.0000
17894;2023-03-10 21:16:59.663000;2;201187;1;1;10800.0000;1;51222.0000;None;553200.0000
17894;2023-03-10 21:16:59.663000;3;201237;1;2;13600.0000;1;51222.0000;None;553200.0000
17894;2023-03-10 21:16:59.663000;3;201958;1;1;6800.0000;1;51222.0000;None;553200.0000
17894;2023-03-10 21:16:59.663000;3;102635;1;1;8800.0000;1;51222.0000;None;553200.0000
17894;2023-03-10 21:18:54.733000;1;108794;1;3;146400.0000;1;51222.0000;None;553200.0000
17894;2023-03-10 21:18:54.733000;7;1006;1;1;0.0000;1;51222.0000;None;553200.0000
17894;2023-03-10 21:18:54.733000;1;104293;1;1;44800.0000;1;51222.0000;None;553200.0000
17894;2023-03-10 21:18:54.733000;7;1006;1;1;0.0000;1;51222.0000;None;553200.0000
17894;2023-03-10 21:18:54.733000;1;101522;1;1;0.0000;1;51222.0000;None;553200.0000
17894;2023-03-10 21:18:54.733000;1;104293;1;1;44800.0000;1;51222.0000;None;553200.0000
17894;2023-03-10 21:18:54.733000;7;1006;1;1;0.0000;1;51222.0000;None;553200.0000
17894;2023-03-10 21:18:54.733000;1;101522;1;1;0.0000;1;51222.0000;None;553200.0000
17894;2023-03-10 21:18:54.733000;1;104293;1;1;44800.0000;1;51222.0000;None;553200.0000
17894;2023-03-10 21:18:54.733000;7;1006;1;1;0.0000;1;51222.0000;None;553200.0000
17894;2023-03-10 21:18:54.733000;6;101518;1;1;0.0000;1;51222.0000;None;553200.0000
17894;2023-03-10 21:18:54.733000;1;102903;1;1;36800.0000;1;51222.0000;None;553200.0000
17894;2023-03-10 21:18:54.733000;7;1006;1;1;0.0000;1;51222.0000;None;553200.0000
17894;2023-03-10 21:18:54.733000;7;1135;1;1;0.0000;1;51222.0000;None;553200.0000
17894;2023-03-10 21:18:54.733000;1;101954;1;1;19800.0000;1;51222.0000;None;553200.0000
17894;2023-03-10 21:20:33.450000;1;103785;5;1;28800.0000;1;51222.0000;None;553200.0000
17894;2023-03-10 21:20:33.450000;6;101624;5;1;0.0000;1;51222.0000;None;553200.0000
17894;2023-03-10 21:20:33.450000;1;103786;5;1;41800.0000;1;51222.0000;None;553200.0000
17894;2023-03-10 21:20:33.450000;6;101470;5;1;0.0000;1;51222.0000;None;553200.0000
17894;2023-03-10 21:20:33.450000;1;108207;5;1;37800.0000;1;51222.0000;None;553200.0000
17894;2023-03-10 21:20:33.450000;6;101438;5;1;0.0000;1;51222.0000;None;553200.0000
17894;2023-03-10 21:20:33.450000;7;1045;1;1;0.0000;1;51222.0000;None;553200.0000
17894;2023-03-10 21:20:33.450000;7;1045;1;1;0.0000;1;51222.0000;None;553200.0000
17894;2023-03-10 21:20:33.450000;7;1045;1;1;0.0000;1;51222.0000;None;553200.0000
17894;2023-03-10 21:20:33.450000;1;102239;1;1;5800.0000;1;51222.0000;None;553200.0000
17894;2023-03-10 21:20:33.450000;7;1135;1;1;0.0000;1;51222.0000;None;553200.0000
17894;2023-03-10 21:36:44.467000;7;1311;1;1;0.0000;1;51222.0000;None;553200.0000
17894;2023-03-10 21:36:44.467000;7;1311;1;1;0.0000;1;51222.0000;None;553200.0000
17894;2023-03-10 21:36:44.467000;7;1311;1;1;0.0000;1;51222.0000;None;553200.0000
17894;2023-03-10 22:01:46.040000;2;201187;1;1;10800.0000;1;51222.0000;None;553200.0000
17895;2023-03-10 20:53:12.430000;2;101978;1;2;99600.0000;1;13833.0000;None;149400.0000
17895;2023-03-10 22:15:47.717000;2;101978;1;1;49800.0000;1;13833.0000;None;149400.0000
17896;2023-03-10 21:36:05.070000;2;201961;1;1;13800.0000;1;12611.0000;None;136200.0000
17896;2023-03-10 21:36:05.070000;2;200480;1;1;12800.0000;1;12611.0000;None;136200.0000
17896;2023-03-10 21:36:05.070000;1;103600;5;1;69800.0000;1;12611.0000;None;136200.0000
17896;2023-03-10 21:36:05.070000;1;101519;5;1;0.0000;1;12611.0000;None;136200.0000
17896;2023-03-10 21:36:05.070000;7;1006;1;1;0.0000;1;12611.0000;None;136200.0000
17896;2023-03-10 21:36:05.070000;1;103791;5;1;39800.0000;1;12611.0000;None;136200.0000
17896;2023-03-10 21:36:05.070000;6;101470;5;1;0.0000;1;12611.0000;None;136200.0000
17898;2023-03-10 21:43:57.010000;1;101891;5;1;16800.0000;1;49148.0000;None;530800.0000
17898;2023-03-10 21:45:53.227000;2;100988;1;1;30800.0000;1;49148.0000;None;530800.0000
17898;2023-03-10 21:45:53.227000;2;100988;1;1;30800.0000;1;49148.0000;None;530800.0000
17898;2023-03-10 21:45:53.227000;2;108118;1;1;39800.0000;1;49148.0000;None;530800.0000
17898;2023-03-10 21:48:53.283000;2;108118;1;1;39800.0000;1;49148.0000;None;530800.0000
17898;2023-03-10 22:00:50.587000;2;100988;1;3;92400.0000;1;49148.0000;None;530800.0000
17898;2023-03-10 22:00:50.587000;2;107563;1;1;27800.0000;1;49148.0000;None;530800.0000
17898;2023-03-10 22:00:50.587000;2;101973;1;1;49800.0000;1;49148.0000;None;530800.0000
17898;2023-03-10 22:03:44.163000;2;100988;1;3;92400.0000;1;49148.0000;None;530800.0000
17898;2023-03-10 22:03:44.163000;2;108118;1;1;39800.0000;1;49148.0000;None;530800.0000
17898;2023-03-10 22:03:44.163000;2;108118;1;1;39800.0000;1;49148.0000;None;530800.0000
17898;2023-03-10 22:10:37.997000;2;100988;1;1;30800.0000;1;49148.0000;None;530800.0000
17899;2023-03-10 21:11:47.167000;3;104554;1;1;4800.0000;1;1444.0000;None;15600.0000
17899;2023-03-10 21:11:47.167000;2;201187;1;1;10800.0000;1;1444.0000;None;15600.0000
17900;2023-03-10 22:11:12.040000;3;102620;1;1;8800.0000;1;3889.0000;None;42000.0000
17900;2023-03-10 22:11:12.040000;3;102635;1;1;8800.0000;1;3889.0000;None;42000.0000
17900;2023-03-10 22:11:12.040000;3;104446;1;1;5800.0000;1;3889.0000;None;42000.0000
17900;2023-03-10 22:11:12.040000;3;102637;1;1;9800.0000;1;3889.0000;None;42000.0000
17900;2023-03-10 22:34:52.540000;3;102635;1;1;8800.0000;1;3889.0000;None;42000.0000
17901;2023-03-10 22:28:05.417000;2;102774;1;1;44800.0000;1;20315.0000;None;219400.0000
17901;2023-03-10 22:28:05.417000;2;101978;1;1;49800.0000;1;20315.0000;None;219400.0000
17901;2023-03-10 22:28:05.417000;3;201269;1;1;6800.0000;1;20315.0000;None;219400.0000
17901;2023-03-10 22:28:05.417000;3;102635;1;1;8800.0000;1;20315.0000;None;219400.0000
17901;2023-03-10 22:28:05.417000;3;201211;1;1;6800.0000;1;20315.0000;None;219400.0000
17901;2023-03-10 22:28:05.417000;1;108796;1;1;49800.0000;1;20315.0000;None;219400.0000
17901;2023-03-10 22:28:05.417000;7;1006;1;1;0.0000;1;20315.0000;None;219400.0000
17901;2023-03-10 22:28:05.417000;1;108796;1;1;49800.0000;1;20315.0000;None;219400.0000
17901;2023-03-10 22:28:05.417000;7;1002;1;1;0.0000;1;20315.0000;None;219400.0000
17901;2023-03-10 22:41:58.233000;1;102278;1;1;2800.0000;1;20315.0000;None;219400.0000
17903;2023-03-10 22:00:09.217000;2;108126;1;1;53800.0000;1;6352.0000;None;68600.0000
17903;2023-03-10 22:00:09.217000;2;201615;1;1;14800.0000;1;6352.0000;None;68600.0000
17903;2023-03-10 22:00:17.017000;3;101641;1;1;0.0000;1;6352.0000;None;68600.0000
17904;2023-03-10 22:43:39.200000;2;108116;1;1;44800.0000;1;5778.0000;None;62400.0000
17904;2023-03-10 23:10:53.090000;3;201146;1;1;6800.0000;1;5778.0000;None;62400.0000
17904;2023-03-10 23:25:44.107000;1;102228;1;1;10800.0000;1;5778.0000;None;62400.0000
17906;2023-03-10 21:32:32.533000;2;100988;1;1;30800.0000;1;24000.0000;None;259200.0000
17906;2023-03-10 21:32:32.533000;2;102848;1;1;44800.0000;1;24000.0000;None;259200.0000
17906;2023-03-10 21:34:25.553000;1;101176;1;1;41800.0000;1;24000.0000;None;259200.0000
17906;2023-03-10 21:34:25.553000;1;109458;1;1;26800.0000;1;24000.0000;None;259200.0000
17906;2023-03-10 22:14:27.337000;1;101244;1;1;29800.0000;1;24000.0000;None;259200.0000
17906;2023-03-10 22:14:27.337000;3;101410;1;1;0.0000;1;24000.0000;None;259200.0000
17906;2023-03-10 22:14:27.337000;1;108668;1;1;21800.0000;1;24000.0000;None;259200.0000
17906;2023-03-10 22:14:27.337000;1;108796;1;1;49800.0000;1;24000.0000;None;259200.0000
17906;2023-03-10 22:14:27.337000;7;1006;1;1;0.0000;1;24000.0000;None;259200.0000
17906;2023-03-10 22:32:01.213000;3;201958;1;1;6800.0000;1;24000.0000;None;259200.0000
17906;2023-03-10 22:54:49.083000;3;201958;1;1;6800.0000;1;24000.0000;None;259200.0000
17907;2023-03-10 23:06:38.970000;2;102599;1;2;103600.0000;1;10222.0000;None;110400.0000
17907;2023-03-10 23:13:31.070000;3;201146;1;1;6800.0000;1;10222.0000;None;110400.0000
17908;2023-03-10 21:40:50.387000;1;101244;1;1;29800.0000;1;52408.0000;None;566000.0000
17908;2023-03-10 21:40:50.387000;3;101410;1;1;0.0000;1;52408.0000;None;566000.0000
17908;2023-03-10 21:40:50.387000;1;101176;1;1;41800.0000;1;52408.0000;None;566000.0000
17908;2023-03-10 22:04:33.847000;1;105296;1;1;42800.0000;1;52408.0000;None;566000.0000
17908;2023-03-10 22:04:33.847000;7;1006;1;1;0.0000;1;52408.0000;None;566000.0000
17908;2023-03-10 22:28:15.663000;1;108668;1;2;43600.0000;1;52408.0000;None;566000.0000
17908;2023-03-10 23:06:51.947000;2;200709;1;1;345800.0000;1;52408.0000;None;566000.0000
17908;2023-03-10 23:08:41.193000;3;201146;1;3;20400.0000;1;52408.0000;None;566000.0000
17908;2023-03-10 23:53:54.807000;1;101176;1;1;41800.0000;1;52408.0000;None;566000.0000
17909;2023-03-10 21:24:24.873000;2;102767;1;1;43800.0000;1;17333.0000;None;187200.0000
17909;2023-03-10 21:24:24.873000;2;101978;1;1;49800.0000;1;17333.0000;None;187200.0000
17909;2023-03-10 23:20:26.873000;7;2045;1;2;0.0000;1;17333.0000;None;187200.0000
17909;2023-03-10 23:57:00.027000;2;102767;1;1;43800.0000;1;17333.0000;None;187200.0000
17909;2023-03-10 23:57:00.027000;2;101978;1;1;49800.0000;1;17333.0000;None;187200.0000
17910;2023-03-10 23:38:59.653000;2;108118;1;2;79600.0000;1;28500.0000;None;307800.0000
17910;2023-03-10 23:38:59.653000;2;108121;1;1;38800.0000;1;28500.0000;None;307800.0000
17910;2023-03-10 23:47:22.140000;2;201187;1;1;10800.0000;1;28500.0000;None;307800.0000
17910;2023-03-10 23:55:39.113000;1;103204;1;1;65800.0000;1;28500.0000;None;307800.0000
17910;2023-03-11 00:08:02.143000;1;104690;1;2;19600.0000;1;28500.0000;None;307800.0000
17910;2023-03-11 00:08:02.143000;1;102003;1;1;9800.0000;1;28500.0000;None;307800.0000
17910;2023-03-11 00:08:02.143000;1;103205;1;1;62800.0000;1;28500.0000;None;307800.0000
17910;2023-03-11 00:08:02.143000;2;201187;1;1;10800.0000;1;28500.0000;None;307800.0000
17910;2023-03-11 00:08:02.143000;2;201182;1;1;9800.0000;1;28500.0000;None;307800.0000
17911;2023-03-10 21:37:50.617000;2;200709;1;1;345800.0000;1;32019.0000;None;345800.0000
17911;2023-03-10 21:37:50.617000;7;1207;1;1;0.0000;1;32019.0000;None;345800.0000
17912;2023-03-10 22:43:39.200000;2;108119;1;1;55800.0000;1;8648.0000;None;93400.0000
17912;2023-03-10 22:43:39.200000;2;101783;1;1;30800.0000;1;8648.0000;None;93400.0000
17912;2023-03-10 22:43:39.200000;7;1207;1;1;0.0000;1;8648.0000;None;93400.0000
17912;2023-03-10 23:07:57.697000;3;201146;1;1;6800.0000;1;8648.0000;None;93400.0000
17913;2023-03-10 23:25:44.107000;2;102441;1;1;31800.0000;1;5407.0000;None;58400.0000
17913;2023-03-10 23:25:44.107000;3;102748;1;1;15800.0000;1;5407.0000;None;58400.0000
17913;2023-03-10 23:25:44.107000;1;102228;1;1;10800.0000;1;5407.0000;None;58400.0000
24314;2023-03-10 12:08:28.213000;2;201187;1;1;10800.0000;1;15296.0000;None;165200.0000
24314;2023-03-10 12:08:28.247000;2;201187;1;1;10800.0000;1;15296.0000;None;165200.0000
24314;2023-03-10 12:08:28.247000;1;108668;1;1;21800.0000;1;15296.0000;None;165200.0000
24314;2023-03-10 12:08:28.247000;7;1001;1;1;0.0000;1;15296.0000;None;165200.0000
24314;2023-03-10 12:08:28.247000;7;1001;1;1;0.0000;1;15296.0000;None;165200.0000
24314;2023-03-10 12:08:28.247000;7;1001;1;1;0.0000;1;15296.0000;None;165200.0000
24314;2023-03-10 12:08:28.247000;1;100894;1;1;35800.0000;1;15296.0000;None;165200.0000
24314;2023-03-10 12:08:28.247000;1;100891;1;1;35800.0000;1;15296.0000;None;165200.0000
24314;2023-03-10 12:55:10.910000;2;201959;1;1;13800.0000;1;15296.0000;None;165200.0000
24314;2023-03-10 12:55:10.910000;2;201960;1;1;13800.0000;1;15296.0000;None;165200.0000
24314;2023-03-10 13:23:37.720000;1;109422;5;1;16800.0000;1;15296.0000;None;165200.0000
24314;2023-03-10 13:23:56.167000;3;100613;1;1;5800.0000;1;15296.0000;None;165200.0000
24314;2023-03-10 13:23:56.167000;7;1207;1;1;0.0000;1;15296.0000;None;165200.0000
24315;2023-03-10 12:25:27.117000;2;201615;1;1;14800.0000;1;16722.0000;None;180600.0000
24315;2023-03-10 12:25:27.117000;2;201615;1;1;14800.0000;1;16722.0000;None;180600.0000
24315;2023-03-10 12:28:45.527000;1;103076;1;1;49800.0000;1;16722.0000;None;180600.0000
24315;2023-03-10 12:28:45.527000;1;108668;1;1;21800.0000;1;16722.0000;None;180600.0000
24315;2023-03-10 12:28:45.527000;1;100894;1;1;35800.0000;1;16722.0000;None;180600.0000
24315;2023-03-10 12:59:21.353000;1;108668;1;2;43600.0000;1;16722.0000;None;180600.0000
24315;2023-03-10 12:59:21.353000;7;1135;1;1;0.0000;1;16722.0000;None;180600.0000
24316;2023-03-10 12:29:30.347000;3;100614;1;1;5800.0000;1;1074.0000;None;11600.0000
24316;2023-03-10 12:29:30.347000;3;100614;1;1;5800.0000;1;1074.0000;None;11600.0000
24317;2023-03-10 12:33:00.367000;3;100614;1;1;5800.0000;1;6944.0000;None;75000.0000
24317;2023-03-10 12:33:00.367000;3;100606;1;1;6800.0000;1;6944.0000;None;75000.0000
24317;2023-03-10 12:33:00.367000;7;2028;1;1;0.0000;1;6944.0000;None;75000.0000
24317;2023-03-10 12:38:48.760000;1;101954;1;1;19800.0000;1;6944.0000;None;75000.0000
24317;2023-03-10 13:08:47.740000;3;201211;1;1;6800.0000;1;6944.0000;None;75000.0000
24317;2023-03-10 13:08:47.740000;1;100892;1;1;35800.0000;1;6944.0000;None;75000.0000
24317;2023-03-10 13:08:47.740000;1;108447;1;2;0.0000;1;6944.0000;None;75000.0000
24318;2023-03-10 12:38:35.487000;3;201146;1;1;6800.0000;1;8556.0000;None;92400.0000
24318;2023-03-10 12:38:35.487000;3;101641;1;1;0.0000;1;8556.0000;None;92400.0000
24318;2023-03-10 12:38:35.487000;1;103076;1;1;49800.0000;1;8556.0000;None;92400.0000
24318;2023-03-10 12:38:35.487000;1;100891;1;1;35800.0000;1;8556.0000;None;92400.0000
24319;2023-03-10 12:52:48.553000;3;102637;1;1;9800.0000;1;7982.0000;None;86200.0000
24319;2023-03-10 12:52:48.553000;2;201960;1;1;13800.0000;1;7982.0000;None;86200.0000
24319;2023-03-10 12:52:48.553000;1;103338;1;1;59800.0000;1;7982.0000;None;86200.0000
24319;2023-03-10 13:11:33.327000;1;102141;1;1;2800.0000;1;7982.0000;None;86200.0000
24320;2023-03-10 12:53:32.500000;1;103347;1;1;59800.0000;1;None;None;59800.0000
24321;2023-03-10 12:55:37.337000;3;201958;1;1;6800.0000;1;7722.0000;None;83400.0000
24321;2023-03-10 12:56:49.950000;1;103600;5;1;69800.0000;1;7722.0000;None;83400.0000
24321;2023-03-10 12:56:49.950000;7;1006;1;1;0.0000;1;7722.0000;None;83400.0000
24321;2023-03-10 12:56:49.950000;1;101519;5;1;0.0000;1;7722.0000;None;83400.0000
24321;2023-03-10 13:25:47.630000;3;201958;1;1;6800.0000;1;7722.0000;None;83400.0000
24323;2023-03-10 13:12:18.257000;1;103784;5;1;29800.0000;1;10537.0000;None;113800.0000
24323;2023-03-10 13:12:18.257000;6;101438;5;1;0.0000;1;10537.0000;None;113800.0000
24323;2023-03-10 13:12:18.257000;1;103354;1;1;59800.0000;1;10537.0000;None;113800.0000
24323;2023-03-10 13:12:18.257000;3;102747;1;2;9600.0000;1;10537.0000;None;113800.0000
24323;2023-03-10 14:06:20.527000;3;102102;1;1;9800.0000;1;10537.0000;None;113800.0000
24323;2023-03-10 14:06:20.527000;3;104554;1;1;4800.0000;1;10537.0000;None;113800.0000
24324;2023-03-10 13:17:37.730000;3;201146;1;1;6800.0000;1;18093.0000;None;195400.0000
24324;2023-03-10 13:17:37.730000;3;101641;1;1;0.0000;1;18093.0000;None;195400.0000
24324;2023-03-10 13:17:37.730000;2;201615;1;1;14800.0000;1;18093.0000;None;195400.0000
24324;2023-03-10 13:17:37.730000;2;201187;1;1;10800.0000;1;18093.0000;None;195400.0000
24324;2023-03-10 13:17:37.730000;3;108191;1;1;0.0000;1;18093.0000;None;195400.0000
24324;2023-03-10 13:17:37.730000;1;109458;1;1;26800.0000;1;18093.0000;None;195400.0000
24324;2023-03-10 13:31:11.713000;1;100891;1;1;35800.0000;1;18093.0000;None;195400.0000
24324;2023-03-10 13:31:11.713000;1;100892;1;1;35800.0000;1;18093.0000;None;195400.0000
24324;2023-03-10 13:31:11.713000;1;103076;1;1;49800.0000;1;18093.0000;None;195400.0000
24324;2023-03-10 13:46:36.237000;2;201615;1;1;14800.0000;1;18093.0000;None;195400.0000
24326;2023-03-10 13:34:03.070000;1;102961;5;2;45600.0000;1;25537.0000;None;275800.0000
24326;2023-03-10 13:34:21.433000;3;102748;1;2;31600.0000;1;25537.0000;None;275800.0000
24326;2023-03-10 13:34:21.433000;3;102747;1;1;4800.0000;1;25537.0000;None;275800.0000
24326;2023-03-10 13:34:21.433000;3;101889;1;1;9800.0000;1;25537.0000;None;275800.0000
24326;2023-03-10 13:34:21.433000;3;102637;1;1;9800.0000;1;25537.0000;None;275800.0000
24326;2023-03-10 13:36:05.027000;1;103567;5;1;31800.0000;1;25537.0000;None;275800.0000
24326;2023-03-10 13:36:05.027000;1;103134;5;1;31800.0000;1;25537.0000;None;275800.0000
24326;2023-03-10 13:36:05.027000;6;101525;5;1;0.0000;1;25537.0000;None;275800.0000
24326;2023-03-10 13:36:05.027000;1;102753;5;1;67800.0000;1;25537.0000;None;275800.0000
24326;2023-03-10 13:36:05.027000;6;101438;5;1;0.0000;1;25537.0000;None;275800.0000
24326;2023-03-10 13:36:05.027000;1;103421;5;1;42800.0000;1;25537.0000;None;275800.0000
24328;2023-03-10 13:37:39.747000;3;201237;1;1;6800.0000;1;10019.0000;None;108200.0000
24328;2023-03-10 13:37:39.747000;3;102637;1;1;9800.0000;1;10019.0000;None;108200.0000
24328;2023-03-10 13:37:39.747000;1;102368;1;1;44800.0000;1;10019.0000;None;108200.0000
24328;2023-03-10 13:37:39.747000;1;102377;1;1;46800.0000;1;10019.0000;None;108200.0000
24329;2023-03-10 13:40:25.470000;3;201958;1;2;13600.0000;1;15074.0000;None;162800.0000
24329;2023-03-10 13:43:59.727000;1;103534;1;1;67800.0000;1;15074.0000;None;162800.0000
24329;2023-03-10 13:43:59.727000;7;1006;1;1;0.0000;1;15074.0000;None;162800.0000
24329;2023-03-10 13:43:59.727000;1;101522;1;1;0.0000;1;15074.0000;None;162800.0000
24329;2023-03-10 13:43:59.727000;1;103535;1;1;67800.0000;1;15074.0000;None;162800.0000
24329;2023-03-10 13:43:59.727000;7;1006;1;1;0.0000;1;15074.0000;None;162800.0000
24329;2023-03-10 13:43:59.727000;1;101522;1;1;0.0000;1;15074.0000;None;162800.0000
24329;2023-03-10 14:09:40.597000;3;201958;1;2;13600.0000;1;15074.0000;None;162800.0000
24330;2023-03-10 13:03:30.383000;2;201615;1;2;29600.0000;1;15667.0000;None;169200.0000
24330;2023-03-10 13:10:00.953000;1;102484;1;1;32800.0000;1;15667.0000;None;169200.0000
24330;2023-03-10 13:10:00.953000;7;1351;3;1;0.0000;1;15667.0000;None;169200.0000
24330;2023-03-10 13:10:00.953000;1;102484;1;1;32800.0000;1;15667.0000;None;169200.0000
24330;2023-03-10 13:10:00.953000;7;1351;3;1;0.0000;1;15667.0000;None;169200.0000
24330;2023-03-10 13:36:51.703000;2;201615;1;2;29600.0000;1;15667.0000;None;169200.0000
24330;2023-03-10 14:04:27.750000;2;201615;1;1;14800.0000;1;15667.0000;None;169200.0000
24330;2023-03-10 14:04:27.750000;2;201615;1;1;14800.0000;1;15667.0000;None;169200.0000
24330;2023-03-10 14:38:05.217000;2;201615;1;1;14800.0000;1;15667.0000;None;169200.0000
24331;2023-03-10 14:25:31.580000;3;201211;1;1;6800.0000;1;10907.0000;None;117800.0000
24331;2023-03-10 14:25:31.580000;3;108191;1;1;0.0000;1;10907.0000;None;117800.0000
24331;2023-03-10 14:25:31.580000;3;201958;1;1;6800.0000;1;10907.0000;None;117800.0000
24331;2023-03-10 14:31:19.307000;1;101954;1;1;19800.0000;1;10907.0000;None;117800.0000
24331;2023-03-10 14:32:25.570000;1;103785;5;1;28800.0000;1;10907.0000;None;117800.0000
24331;2023-03-10 14:32:25.570000;6;101624;5;1;0.0000;1;10907.0000;None;117800.0000
24331;2023-03-10 14:32:25.570000;1;103348;1;1;24800.0000;1;10907.0000;None;117800.0000
24331;2023-03-10 14:34:57.343000;1;103076;1;1;49800.0000;1;10907.0000;None;117800.0000
24331;2023-03-10 14:36:59.067000;1;103348;1;-1;-24800.0000;1;10907.0000;None;117800.0000
24331;2023-03-10 12:55:03.597000;1;103347;1;1;59800.0000;1;10907.0000;None;117800.0000
24331;2023-03-10 14:37:15.510000;1;103347;1;-1;-59800.0000;1;10907.0000;None;117800.0000
24331;2023-03-10 14:59:39.740000;3;100999;1;1;5800.0000;1;10907.0000;None;117800.0000
24332;2023-03-10 14:39:25.500000;2;103868;1;1;66800.0000;1;9778.0000;None;105600.0000
24332;2023-03-10 14:39:25.500000;2;108121;1;1;38800.0000;1;9778.0000;None;105600.0000
24333;2023-03-10 14:44:45.903000;2;100988;1;1;30800.0000;1;18685.0000;None;201800.0000
24333;2023-03-10 14:44:45.903000;2;101658;1;1;42800.0000;1;18685.0000;None;201800.0000
24333;2023-03-10 14:44:45.903000;2;102933;1;1;25800.0000;1;18685.0000;None;201800.0000
24333;2023-03-10 14:44:45.903000;2;102933;1;1;25800.0000;1;18685.0000;None;201800.0000
24333;2023-03-10 14:44:45.903000;2;104239;1;1;22800.0000;1;18685.0000;None;201800.0000
24333;2023-03-10 14:44:45.903000;2;108125;1;1;53800.0000;1;18685.0000;None;201800.0000
24334;2023-03-10 15:09:17.300000;1;108668;1;1;21800.0000;1;66185.0000;None;714800.0000
24334;2023-03-10 15:09:17.300000;1;101269;5;1;42800.0000;1;66185.0000;None;714800.0000
24334;2023-03-10 15:10:36.177000;2;200631;5;1;200800.0000;1;66185.0000;None;714800.0000
24334;2023-03-10 15:10:36.177000;3;200008;1;1;15800.0000;1;66185.0000;None;714800.0000
24334;2023-03-10 15:10:36.177000;7;1207;1;1;0.0000;1;66185.0000;None;714800.0000
24334;2023-03-10 15:10:36.177000;3;201146;1;1;6800.0000;1;66185.0000;None;714800.0000
24334;2023-03-10 15:23:44.913000;2;200631;5;-1;-200800.0000;1;66185.0000;None;714800.0000
24334;2023-03-10 15:23:44.913000;7;1207;1;-1;0.0000;1;66185.0000;None;714800.0000
24334;2023-03-10 15:25:06.877000;1;104893;5;1;129800.0000;1;66185.0000;None;714800.0000
24334;2023-03-10 15:25:06.877000;7;1306;1;1;0.0000;1;66185.0000;None;714800.0000
24334;2023-03-10 15:25:06.877000;7;1002;1;1;0.0000;1;66185.0000;None;714800.0000
24334;2023-03-10 15:25:06.877000;1;104837;5;1;0.0000;1;66185.0000;None;714800.0000
24334;2023-03-10 15:25:06.877000;1;104893;5;1;129800.0000;1;66185.0000;None;714800.0000
24334;2023-03-10 15:25:06.877000;7;1306;1;1;0.0000;1;66185.0000;None;714800.0000
24334;2023-03-10 15:25:06.877000;7;1002;1;1;0.0000;1;66185.0000;None;714800.0000
24334;2023-03-10 15:25:06.877000;1;104837;5;1;0.0000;1;66185.0000;None;714800.0000
24334;2023-03-10 15:25:06.877000;1;104893;5;1;129800.0000;1;66185.0000;None;714800.0000
24334;2023-03-10 15:25:06.877000;7;1306;1;1;0.0000;1;66185.0000;None;714800.0000
24334;2023-03-10 15:25:06.877000;7;1004;1;1;0.0000;1;66185.0000;None;714800.0000
24334;2023-03-10 15:25:06.877000;1;101433;1;1;0.0000;1;66185.0000;None;714800.0000
24334;2023-03-10 15:26:41.747000;2;202584;5;1;142800.0000;1;66185.0000;None;714800.0000
24334;2023-03-10 15:26:41.747000;7;2049;1;1;0.0000;1;66185.0000;None;714800.0000
24334;2023-03-10 16:09:15.097000;2;108473;1;2;67600.0000;1;66185.0000;None;714800.0000
24334;2023-03-10 16:09:15.097000;2;107563;1;1;27800.0000;1;66185.0000;None;714800.0000
24335;2023-03-10 15:08:43.687000;2;102775;1;3;137400.0000;1;51556.0000;None;556800.0000
24335;2023-03-10 15:08:43.687000;2;102774;1;1;44800.0000;1;51556.0000;None;556800.0000
24335;2023-03-10 15:48:53.167000;2;108118;1;1;39800.0000;1;51556.0000;None;556800.0000
24335;2023-03-10 16:03:22.173000;2;108118;1;1;39800.0000;1;51556.0000;None;556800.0000
24335;2023-03-10 17:06:49;2;201615;1;2;29600.0000;1;51556.0000;None;556800.0000
24335;2023-03-10 17:20:48.380000;2;201615;1;1;14800.0000;1;51556.0000;None;556800.0000
24335;2023-03-10 17:41:04.370000;2;101693;1;4;95200.0000;1;51556.0000;None;556800.0000
24335;2023-03-10 17:49:57.177000;2;201615;1;1;14800.0000;1;51556.0000;None;556800.0000
24335;2023-03-10 18:11:08.773000;3;201146;1;1;6800.0000;1;51556.0000;None;556800.0000
24335;2023-03-10 18:14:22.323000;2;201615;1;2;29600.0000;1;51556.0000;None;556800.0000
24335;2023-03-10 18:27:20.693000;2;201615;1;1;14800.0000;1;51556.0000;None;556800.0000
24335;2023-03-10 19:06:50.543000;2;101803;1;2;65600.0000;1;51556.0000;None;556800.0000
24335;2023-03-10 19:06:50.543000;2;101693;1;1;23800.0000;1;51556.0000;None;556800.0000
24336;2023-03-10 17:24:10.103000;2;108241;1;1;29800.0000;1;89204.0000;None;963400.0000
24336;2023-03-10 17:24:10.103000;3;202114;1;1;11800.0000;1;89204.0000;None;963400.0000
24336;2023-03-10 17:24:10.103000;2;101878;1;1;29800.0000;1;89204.0000;None;963400.0000
24336;2023-03-10 17:45:23.963000;2;102599;1;1;51800.0000;1;89204.0000;None;963400.0000
24336;2023-03-10 18:05:53.787000;2;108241;1;1;29800.0000;1;89204.0000;None;963400.0000
24336;2023-03-10 18:18:48.453000;2;101878;1;1;29800.0000;1;89204.0000;None;963400.0000
24336;2023-03-10 18:34:47.167000;2;202281;1;1;269800.0000;1;89204.0000;None;963400.0000
24336;2023-03-10 18:34:47.167000;7;1207;1;1;0.0000;1;89204.0000;None;963400.0000
24336;2023-03-10 18:34:47.167000;3;202114;1;1;11800.0000;1;89204.0000;None;963400.0000
24336;2023-03-10 18:34:47.167000;3;101641;1;4;0.0000;1;89204.0000;None;963400.0000
24336;2023-03-10 19:21:17.193000;1;101244;1;1;29800.0000;1;89204.0000;None;963400.0000
24336;2023-03-10 19:21:17.193000;3;101410;1;1;0.0000;1;89204.0000;None;963400.0000
24336;2023-03-10 19:21:17.193000;1;101954;1;1;19800.0000;1;89204.0000;None;963400.0000
24336;2023-03-10 19:23:52.637000;3;202114;1;2;23600.0000;1;89204.0000;None;963400.0000
24336;2023-03-10 19:27:53.430000;3;102748;1;1;15800.0000;1;89204.0000;None;963400.0000
24336;2023-03-10 20:12:07.957000;2;202281;1;1;269800.0000;1;89204.0000;None;963400.0000
24336;2023-03-10 20:12:07.957000;3;101641;1;6;0.0000;1;89204.0000;None;963400.0000
24336;2023-03-10 20:12:07.957000;3;202114;1;3;35400.0000;1;89204.0000;None;963400.0000
24336;2023-03-10 21:00:36.567000;3;102637;1;1;9800.0000;1;89204.0000;None;963400.0000
24336;2023-03-10 21:31:53.780000;3;101641;1;6;0.0000;1;89204.0000;None;963400.0000
24336;2023-03-10 21:48:39.993000;3;200004;1;1;9800.0000;1;89204.0000;None;963400.0000
24336;2023-03-10 21:48:39.993000;3;101641;1;1;0.0000;1;89204.0000;None;963400.0000
24336;2023-03-10 22:05:49.343000;3;102747;1;1;4800.0000;1;89204.0000;None;963400.0000
24336;2023-03-10 22:05:49.343000;1;103205;1;1;62800.0000;1;89204.0000;None;963400.0000
24336;2023-03-10 22:07:38.303000;7;1305;1;1;0.0000;1;89204.0000;None;963400.0000
24336;2023-03-10 22:17:30.300000;3;201146;1;1;6800.0000;1;89204.0000;None;963400.0000
24336;2023-03-10 22:29:56.947000;2;201187;1;1;10800.0000;1;89204.0000;None;963400.0000
24337;2023-03-10 17:37:52.847000;2;102775;1;2;91600.0000;1;31296.0000;None;338000.0000
24337;2023-03-10 17:37:52.847000;2;101658;1;1;42800.0000;1;31296.0000;None;338000.0000
24337;2023-03-10 17:49:47.533000;3;201146;1;1;6800.0000;1;31296.0000;None;338000.0000
24337;2023-03-10 18:15:32.550000;2;102775;1;1;45800.0000;1;31296.0000;None;338000.0000
24337;2023-03-10 18:15:32.550000;2;102775;1;1;45800.0000;1;31296.0000;None;338000.0000
24337;2023-03-10 18:15:32.550000;3;201146;1;1;6800.0000;1;31296.0000;None;338000.0000
24337;2023-03-10 18:56:27.037000;3;201146;1;1;6800.0000;1;31296.0000;None;338000.0000
24337;2023-03-10 18:56:27.037000;7;2018;1;1;0.0000;1;31296.0000;None;338000.0000
24337;2023-03-10 18:59:33.340000;2;102775;1;1;45800.0000;1;31296.0000;None;338000.0000
24337;2023-03-10 19:02:19.347000;2;102775;1;1;45800.0000;1;31296.0000;None;338000.0000
24337;2023-03-10 19:27:08.737000;7;1305;1;1;0.0000;1;31296.0000;None;338000.0000
24339;2023-03-10 17:47:33.877000;2;102775;1;1;45800.0000;1;78278.0000;None;845400.0000
24339;2023-03-10 17:47:33.877000;2;102774;1;1;44800.0000;1;78278.0000;None;845400.0000
24339;2023-03-10 17:47:33.877000;2;102933;1;1;25800.0000;1;78278.0000;None;845400.0000
24339;2023-03-10 17:47:33.877000;2;108116;1;1;44800.0000;1;78278.0000;None;845400.0000
24339;2023-03-10 17:47:33.877000;2;108131;1;1;40800.0000;1;78278.0000;None;845400.0000
24339;2023-03-10 17:47:33.877000;2;100988;1;1;30800.0000;1;78278.0000;None;845400.0000
24339;2023-03-10 18:30:51.817000;2;103524;1;1;49800.0000;1;78278.0000;None;845400.0000
24339;2023-03-10 18:45:16.780000;2;108101;1;1;36800.0000;1;78278.0000;None;845400.0000
24339;2023-03-10 18:45:16.780000;2;102774;1;1;44800.0000;1;78278.0000;None;845400.0000
24339;2023-03-10 18:45:16.780000;2;100988;1;1;30800.0000;1;78278.0000;None;845400.0000
24339;2023-03-10 19:14:08.050000;2;102933;1;1;25800.0000;1;78278.0000;None;845400.0000
24339;2023-03-10 19:17:06.023000;2;108131;1;1;40800.0000;1;78278.0000;None;845400.0000
24339;2023-03-10 19:17:06.023000;2;108116;1;1;44800.0000;1;78278.0000;None;845400.0000
24339;2023-03-10 20:04:48.133000;2;102774;1;1;44800.0000;1;78278.0000;None;845400.0000
24339;2023-03-10 20:04:48.133000;2;100988;1;1;30800.0000;1;78278.0000;None;845400.0000
24339;2023-03-10 20:04:48.133000;2;103524;1;1;49800.0000;1;78278.0000;None;845400.0000
24339;2023-03-10 20:04:48.133000;2;108101;1;1;36800.0000;1;78278.0000;None;845400.0000
24339;2023-03-10 20:18:36.827000;1;105018;5;1;41800.0000;1;78278.0000;None;845400.0000
24339;2023-03-10 20:18:36.827000;1;103434;5;1;34800.0000;1;78278.0000;None;845400.0000
24339;2023-03-10 20:37:28.297000;2;102933;1;1;25800.0000;1;78278.0000;None;845400.0000
24339;2023-03-10 20:37:28.297000;2;108116;1;1;44800.0000;1;78278.0000;None;845400.0000
24339;2023-03-10 21:31:21.660000;2;201615;1;2;29600.0000;1;78278.0000;None;845400.0000
24340;2023-03-10 17:57:18.690000;2;101878;1;4;119200.0000;1;19148.0000;None;206800.0000
24340;2023-03-10 17:57:18.690000;3;100606;1;2;13600.0000;1;19148.0000;None;206800.0000
24340;2023-03-10 18:02:48.147000;1;104690;1;1;9800.0000;1;19148.0000;None;206800.0000
24340;2023-03-10 18:02:48.147000;1;102003;1;2;19600.0000;1;19148.0000;None;206800.0000
24340;2023-03-10 18:02:48.147000;3;201146;1;1;6800.0000;1;19148.0000;None;206800.0000
24340;2023-03-10 18:08:42.340000;1;104810;5;1;16900.0000;1;19148.0000;None;206800.0000
24340;2023-03-10 18:08:42.340000;1;106469;5;1;20900.0000;1;19148.0000;None;206800.0000
24341;2023-03-10 18:05:33.057000;2;102774;1;1;44800.0000;1;47611.0000;None;514200.0000
24341;2023-03-10 17:42:01.917000;2;102774;1;1;44800.0000;1;47611.0000;None;514200.0000
24341;2023-03-10 17:42:01.917000;2;101973;1;1;49800.0000;1;47611.0000;None;514200.0000
24341;2023-03-10 17:42:01.917000;2;102767;1;1;43800.0000;1;47611.0000;None;514200.0000
24341;2023-03-10 19:07:36.020000;2;102774;1;2;89600.0000;1;47611.0000;None;514200.0000
24341;2023-03-10 19:07:36.020000;2;102767;1;1;43800.0000;1;47611.0000;None;514200.0000
24341;2023-03-10 19:15:22.960000;2;101973;1;1;49800.0000;1;47611.0000;None;514200.0000
24341;2023-03-10 20:06:32.320000;3;202134;1;1;9800.0000;1;47611.0000;None;514200.0000
24341;2023-03-10 20:18:21.337000;1;105018;5;1;41800.0000;1;47611.0000;None;514200.0000
24341;2023-03-10 20:57:09.257000;2;102774;1;1;44800.0000;1;47611.0000;None;514200.0000
24341;2023-03-10 20:57:09.257000;7;2008;1;2;0.0000;1;47611.0000;None;514200.0000
24341;2023-03-10 21:12:15.863000;1;103449;5;1;29800.0000;1;47611.0000;None;514200.0000
24341;2023-03-10 21:53:39.417000;3;201269;1;1;6800.0000;1;47611.0000;None;514200.0000
24341;2023-03-10 21:53:39.417000;3;101641;1;1;0.0000;1;47611.0000;None;514200.0000
24341;2023-03-10 21:53:39.417000;3;200538;1;1;14800.0000;1;47611.0000;None;514200.0000
24342;2023-03-10 18:10:23.247000;2;108101;1;1;36800.0000;1;11704.0000;None;126400.0000
24342;2023-03-10 18:10:23.247000;2;102848;1;1;44800.0000;1;11704.0000;None;126400.0000
24342;2023-03-10 18:35:21.380000;2;102848;1;1;44800.0000;1;11704.0000;None;126400.0000
24343;2023-03-10 18:22:53.437000;2;200480;1;1;12800.0000;1;5241.0000;None;56600.0000
24343;2023-03-10 18:40:24.053000;1;103651;1;1;43800.0000;1;5241.0000;None;56600.0000
24343;2023-03-10 19:15:06.127000;7;1303;1;1;0.0000;1;5241.0000;None;56600.0000
24344;2023-03-10 18:29:20.863000;2;101973;1;1;49800.0000;1;71074.0000;None;767600.0000
24344;2023-03-10 18:29:20.863000;2;102775;1;1;45800.0000;1;71074.0000;None;767600.0000
24344;2023-03-10 19:37:00.290000;2;200726;1;1;162800.0000;1;71074.0000;None;767600.0000
24344;2023-03-10 19:37:00.290000;7;1207;1;1;0.0000;1;71074.0000;None;767600.0000
24344;2023-03-10 19:37:00.290000;2;101973;1;1;49800.0000;1;71074.0000;None;767600.0000
24344;2023-03-10 19:37:00.290000;3;100614;1;1;5800.0000;1;71074.0000;None;767600.0000
24344;2023-03-10 19:40:51.503000;7;2045;1;1;0.0000;1;71074.0000;None;767600.0000
24344;2023-03-10 19:48:17.797000;2;101978;1;1;49800.0000;1;71074.0000;None;767600.0000
24344;2023-03-10 19:58:06.367000;1;101176;1;1;41800.0000;1;71074.0000;None;767600.0000
24344;2023-03-10 20:00:15.313000;1;103421;5;1;42800.0000;1;71074.0000;None;767600.0000
24344;2023-03-10 20:00:15.313000;1;103784;5;1;29800.0000;1;71074.0000;None;767600.0000
24344;2023-03-10 20:00:15.313000;6;101624;5;1;0.0000;1;71074.0000;None;767600.0000
24344;2023-03-10 20:00:15.313000;1;103340;1;1;30800.0000;1;71074.0000;None;767600.0000
24344;2023-03-10 20:00:15.313000;1;103651;1;1;43800.0000;1;71074.0000;None;767600.0000
24344;2023-03-10 20:00:15.313000;1;108796;1;1;49800.0000;1;71074.0000;None;767600.0000
24344;2023-03-10 20:00:15.313000;7;1302;1;1;0.0000;1;71074.0000;None;767600.0000
24344;2023-03-10 20:17:07.257000;7;2045;1;1;0.0000;1;71074.0000;None;767600.0000
24344;2023-03-10 20:18:00.313000;2;104237;1;1;41800.0000;1;71074.0000;None;767600.0000
24344;2023-03-10 20:27:58.180000;1;108796;1;1;49800.0000;1;71074.0000;None;767600.0000
24344;2023-03-10 20:27:58.180000;7;1007;1;1;0.0000;1;71074.0000;None;767600.0000
24344;2023-03-10 20:37:39.123000;2;101978;1;1;49800.0000;1;71074.0000;None;767600.0000
24344;2023-03-10 20:42:18.597000;7;2045;1;2;0.0000;1;71074.0000;None;767600.0000
24344;2023-03-10 20:56:11.857000;3;201211;1;1;6800.0000;1;71074.0000;None;767600.0000
24344;2023-03-10 21:09:06.220000;1;109422;5;1;16800.0000;1;71074.0000;None;767600.0000
24344;2023-03-10 21:18:53.477000;7;2045;1;1;0.0000;1;71074.0000;None;767600.0000
24345;2023-03-10 18:30:36.063000;2;107767;1;2;101600.0000;1;14370.0000;None;155200.0000
24345;2023-03-10 18:30:36.063000;1;102003;1;1;9800.0000;1;14370.0000;None;155200.0000
24345;2023-03-10 18:30:36.063000;7;1305;1;1;0.0000;1;14370.0000;None;155200.0000
24345;2023-03-10 18:51:57.903000;1;103651;1;1;43800.0000;1;14370.0000;None;155200.0000
24345;2023-03-10 18:51:57.903000;7;1135;1;1;0.0000;1;14370.0000;None;155200.0000
24346;2023-03-10 18:33:08.930000;2;105618;1;2;101600.0000;1;9407.0000;None;101600.0000
24350;2023-03-10 19:13:46.747000;2;102774;1;1;44800.0000;1;18982.0000;None;205000.0000
24350;2023-03-10 19:13:46.747000;2;103736;1;1;51800.0000;1;18982.0000;None;205000.0000
24350;2023-03-10 20:02:14.353000;1;102363;1;1;49800.0000;1;18982.0000;None;205000.0000
24350;2023-03-10 20:02:14.353000;7;1135;1;1;0.0000;1;18982.0000;None;205000.0000
24350;2023-03-10 20:03:08.530000;2;103736;1;1;51800.0000;1;18982.0000;None;205000.0000
24350;2023-03-10 20:49:20.137000;3;201211;1;1;6800.0000;1;18982.0000;None;205000.0000
24351;2023-03-10 19:35:02.770000;2;101693;1;2;47600.0000;1;4407.0000;None;47600.0000
24352;2023-03-10 19:39:53.930000;1;103205;1;1;62800.0000;1;11333.0000;None;122400.0000
24352;2023-03-10 19:39:53.930000;2;201615;1;1;14800.0000;1;11333.0000;None;122400.0000
24352;2023-03-10 19:39:53.930000;2;102774;1;1;44800.0000;1;11333.0000;None;122400.0000
24353;2023-03-10 19:57:43.787000;2;101658;1;2;85600.0000;1;21019.0000;None;227000.0000
24353;2023-03-10 20:12:32.267000;2;201615;1;2;29600.0000;1;21019.0000;None;227000.0000
24353;2023-03-10 20:12:32.267000;3;108191;1;2;0.0000;1;21019.0000;None;227000.0000
24353;2023-03-10 20:12:32.267000;7;2068;1;2;0.0000;1;21019.0000;None;227000.0000
24353;2023-03-10 21:18:02.197000;2;101658;1;1;42800.0000;1;21019.0000;None;227000.0000
24353;2023-03-10 21:18:02.197000;2;201615;1;2;29600.0000;1;21019.0000;None;227000.0000
24353;2023-03-10 21:18:02.197000;3;200004;1;1;9800.0000;1;21019.0000;None;227000.0000
24353;2023-03-10 23:35:08.143000;2;201615;1;1;14800.0000;1;21019.0000;None;227000.0000
24353;2023-03-10 23:35:08.143000;2;201615;1;1;14800.0000;1;21019.0000;None;227000.0000
24353;2023-03-10 23:35:08.143000;7;2063;1;1;0.0000;1;21019.0000;None;227000.0000
24353;2023-03-10 23:35:08.143000;7;2063;1;1;0.0000;1;21019.0000;None;227000.0000
24354;2023-03-10 20:14:20.987000;3;102747;1;1;4800.0000;1;17648.0000;None;190600.0000
24354;2023-03-10 20:14:20.987000;2;201187;1;1;10800.0000;1;17648.0000;None;190600.0000
24354;2023-03-10 20:14:20.987000;3;101641;1;1;0.0000;1;17648.0000;None;190600.0000
24354;2023-03-10 20:14:20.987000;1;101176;1;1;41800.0000;1;17648.0000;None;190600.0000
24354;2023-03-10 20:14:20.987000;7;1001;1;1;0.0000;1;17648.0000;None;190600.0000
24354;2023-03-10 20:14:20.987000;7;1001;1;1;0.0000;1;17648.0000;None;190600.0000
24354;2023-03-10 20:14:20.987000;7;1001;1;1;0.0000;1;17648.0000;None;190600.0000
24354;2023-03-10 20:14:20.987000;1;102982;1;1;59800.0000;1;17648.0000;None;190600.0000
24354;2023-03-10 20:14:20.987000;7;1002;1;1;0.0000;1;17648.0000;None;190600.0000
24354;2023-03-10 20:14:20.987000;1;101522;1;1;0.0000;1;17648.0000;None;190600.0000
24354;2023-03-10 20:38:17.263000;2;201187;1;1;10800.0000;1;17648.0000;None;190600.0000
24354;2023-03-10 20:49:33.827000;2;102599;1;1;51800.0000;1;17648.0000;None;190600.0000
24354;2023-03-10 21:27:25.437000;2;201187;1;1;10800.0000;1;17648.0000;None;190600.0000
24354;2023-03-10 21:27:25.437000;3;101641;1;1;0.0000;1;17648.0000;None;190600.0000
24355;2023-03-10 20:30:31.737000;2;108473;1;1;33800.0000;1;27537.0000;None;297400.0000
24355;2023-03-10 20:30:31.737000;2;108125;1;1;53800.0000;1;27537.0000;None;297400.0000
24355;2023-03-10 20:30:31.737000;3;200004;1;1;9800.0000;1;27537.0000;None;297400.0000
24355;2023-03-10 20:30:31.737000;7;2094;1;2;0.0000;1;27537.0000;None;297400.0000
24355;2023-03-10 20:51:08.610000;2;101973;1;1;49800.0000;1;27537.0000;None;297400.0000
24355;2023-03-10 21:15:53.170000;3;200004;1;1;9800.0000;1;27537.0000;None;297400.0000
24355;2023-03-10 21:15:53.170000;1;103421;5;1;42800.0000;1;27537.0000;None;297400.0000
24355;2023-03-10 22:03:04.197000;2;108120;1;1;43800.0000;1;27537.0000;None;297400.0000
24355;2023-03-10 22:03:04.197000;2;108126;1;1;53800.0000;1;27537.0000;None;297400.0000
24356;2023-03-10 20:36:12.463000;1;103410;5;1;37800.0000;1;13741.0000;None;148400.0000
24356;2023-03-10 20:36:12.463000;1;103421;5;1;42800.0000;1;13741.0000;None;148400.0000
24356;2023-03-10 20:38:45.537000;2;201960;1;1;13800.0000;1;13741.0000;None;148400.0000
24356;2023-03-10 20:38:45.537000;2;201960;1;1;13800.0000;1;13741.0000;None;148400.0000
24356;2023-03-10 21:25:49.513000;2;201960;1;2;27600.0000;1;13741.0000;None;148400.0000
24356;2023-03-10 22:43:18.607000;3;100606;1;1;6800.0000;1;13741.0000;None;148400.0000
24356;2023-03-10 22:43:18.607000;3;100596;1;1;5800.0000;1;13741.0000;None;148400.0000
24357;2023-03-10 20:43:12.680000;2;102848;1;1;44800.0000;1;17019.0000;None;183800.0000
24357;2023-03-10 20:43:12.680000;2;200480;1;1;12800.0000;1;17019.0000;None;183800.0000
24357;2023-03-10 20:43:12.680000;3;108191;1;1;0.0000;1;17019.0000;None;183800.0000
24357;2023-03-10 20:44:07.777000;1;101176;1;1;41800.0000;1;17019.0000;None;183800.0000
24357;2023-03-10 20:48:07.790000;1;103648;1;1;26800.0000;1;17019.0000;None;183800.0000
24357;2023-03-10 21:18:20.403000;2;102848;1;1;44800.0000;1;17019.0000;None;183800.0000
24357;2023-03-10 21:18:20.403000;2;200480;1;1;12800.0000;1;17019.0000;None;183800.0000
24357;2023-03-10 21:18:20.403000;3;108191;1;1;0.0000;1;17019.0000;None;183800.0000
24358;2023-03-10 20:43:32.403000;1;105018;5;1;41800.0000;1;17556.0000;None;189600.0000
24358;2023-03-10 20:43:32.403000;1;108550;5;1;45800.0000;1;17556.0000;None;189600.0000
24358;2023-03-10 20:45:05.380000;2;108101;1;2;73600.0000;1;17556.0000;None;189600.0000
24358;2023-03-10 20:59:34.017000;2;201187;1;1;10800.0000;1;17556.0000;None;189600.0000
24358;2023-03-10 21:06:57.643000;3;201211;1;1;6800.0000;1;17556.0000;None;189600.0000
24358;2023-03-10 21:55:54.473000;2;201187;1;1;10800.0000;1;17556.0000;None;189600.0000
24359;2023-03-10 20:46:19.137000;2;101818;5;2;57600.0000;1;23352.0000;None;252200.0000
24359;2023-03-10 20:46:19.137000;1;104690;1;1;9800.0000;1;23352.0000;None;252200.0000
24359;2023-03-10 20:46:49.327000;1;103600;5;1;69800.0000;1;23352.0000;None;252200.0000
24359;2023-03-10 20:47:18.363000;1;102228;1;1;10800.0000;1;23352.0000;None;252200.0000
24359;2023-03-10 20:47:18.363000;1;107647;1;1;36800.0000;1;23352.0000;None;252200.0000
24359;2023-03-10 20:47:18.363000;7;1135;1;1;0.0000;1;23352.0000;None;252200.0000
24359;2023-03-10 21:01:42.203000;1;104690;1;1;9800.0000;1;23352.0000;None;252200.0000
24359;2023-03-10 21:12:41.347000;2;101818;5;2;57600.0000;1;23352.0000;None;252200.0000
24360;2023-03-10 21:52:50.647000;1;102025;5;1;31800.0000;1;49963.0000;None;539600.0000
24360;2023-03-10 21:52:50.647000;1;101258;5;1;49800.0000;1;49963.0000;None;539600.0000
24360;2023-03-10 21:52:50.647000;3;101410;1;3;0.0000;1;49963.0000;None;539600.0000
24360;2023-03-10 21:52:50.647000;1;106047;1;1;62800.0000;1;49963.0000;None;539600.0000
24360;2023-03-10 21:52:50.647000;1;108796;1;1;49800.0000;1;49963.0000;None;539600.0000
24360;2023-03-10 21:52:50.647000;7;1006;1;1;0.0000;1;49963.0000;None;539600.0000
24360;2023-03-10 21:52:50.647000;1;109408;1;1;35800.0000;1;49963.0000;None;539600.0000
24360;2023-03-10 21:52:50.647000;7;1006;1;1;0.0000;1;49963.0000;None;539600.0000
24360;2023-03-10 21:52:50.647000;2;102774;1;1;44800.0000;1;49963.0000;None;539600.0000
24360;2023-03-10 21:52:50.647000;2;108101;1;1;36800.0000;1;49963.0000;None;539600.0000
24360;2023-03-10 21:52:50.647000;2;200480;1;2;25600.0000;1;49963.0000;None;539600.0000
24360;2023-03-10 21:55:48.380000;2;100988;1;1;30800.0000;1;49963.0000;None;539600.0000
24360;2023-03-10 21:55:48.380000;2;102774;1;1;44800.0000;1;49963.0000;None;539600.0000
24360;2023-03-10 22:10:41.823000;3;201269;1;1;6800.0000;1;49963.0000;None;539600.0000
24360;2023-03-10 22:10:41.823000;3;101641;1;1;0.0000;1;49963.0000;None;539600.0000
24360;2023-03-10 23:27:35.880000;2;102774;1;1;44800.0000;1;49963.0000;None;539600.0000
24360;2023-03-10 23:27:35.880000;2;108101;1;1;36800.0000;1;49963.0000;None;539600.0000
24360;2023-03-10 23:34:26.747000;2;200480;1;1;12800.0000;1;49963.0000;None;539600.0000
24360;2023-03-10 23:34:26.747000;2;200480;1;1;12800.0000;1;49963.0000;None;539600.0000
24360;2023-03-10 23:34:26.747000;2;200480;1;1;12800.0000;1;49963.0000;None;539600.0000
24362;2023-03-10 22:01:20.313000;2;102774;1;2;89600.0000;1;26704.0000;None;288400.0000
24362;2023-03-10 22:13:43.097000;3;200004;1;1;9800.0000;1;26704.0000;None;288400.0000
24362;2023-03-10 22:35:24.867000;2;102774;1;2;89600.0000;1;26704.0000;None;288400.0000
24362;2023-03-10 23:27:57.520000;3;200004;1;1;9800.0000;1;26704.0000;None;288400.0000
24362;2023-03-10 23:37:39.687000;2;102774;1;1;44800.0000;1;26704.0000;None;288400.0000
24362;2023-03-10 23:37:39.687000;2;102774;1;1;44800.0000;1;26704.0000;None;288400.0000
24363;2023-03-10 22:35:04.207000;2;102774;1;1;44800.0000;1;23315.0000;None;251800.0000
24363;2023-03-10 22:35:04.207000;2;100988;1;1;30800.0000;1;23315.0000;None;251800.0000
24363;2023-03-10 22:35:04.207000;2;101658;1;2;85600.0000;1;23315.0000;None;251800.0000
24363;2023-03-10 22:35:04.207000;2;103524;1;1;49800.0000;1;23315.0000;None;251800.0000
24363;2023-03-10 22:35:04.207000;2;108131;1;1;40800.0000;1;23315.0000;None;251800.0000
24364;2023-03-10 22:46:07.467000;1;107647;1;1;36800.0000;1;18333.0000;None;198000.0000
24364;2023-03-10 22:46:07.467000;2;102774;1;1;44800.0000;1;18333.0000;None;198000.0000
24364;2023-03-10 22:46:07.467000;1;103381;1;1;58800.0000;1;18333.0000;None;198000.0000
24364;2023-03-10 22:46:07.467000;2;101709;1;1;28800.0000;1;18333.0000;None;198000.0000
24364;2023-03-10 22:46:07.467000;7;2048;1;1;0.0000;1;18333.0000;None;198000.0000
24364;2023-03-10 23:59:48.957000;2;101709;1;1;28800.0000;1;18333.0000;None;198000.0000
24364;2023-03-10 23:59:48.957000;7;2048;1;1;0.0000;1;18333.0000;None;198000.0000
24365;2023-03-10 22:47:17.037000;2;101672;1;1;24800.0000;1;16463.0000;None;177800.0000
24365;2023-03-10 22:47:17.037000;2;102775;1;2;91600.0000;1;16463.0000;None;177800.0000
24365;2023-03-10 23:17:34.937000;2;101672;1;2;49600.0000;1;16463.0000;None;177800.0000
24365;2023-03-10 23:17:34.937000;7;2047;1;1;0.0000;1;16463.0000;None;177800.0000
24365;2023-03-10 23:17:34.937000;3;202114;1;1;11800.0000;1;16463.0000;None;177800.0000
24366;2023-03-10 22:55:30.797000;2;108101;1;5;184000.0000;1;17037.0000;None;184000.0000
34608;2023-03-10 13:05:15.643000;3;201211;1;1;6800.0000;1;630.0000;None;6800.0000
34608;2023-03-10 13:05:15.677000;7;1207;1;1;0.0000;1;630.0000;None;6800.0000
34609;2023-03-10 13:09:34.287000;3;100614;1;2;11600.0000;1;1074.0000;None;11600.0000
34611;2023-03-10 19:28:55.357000;2;101978;1;2;99600.0000;1;28870.0000;None;311800.0000
34611;2023-03-10 19:48:15.467000;2;101978;1;1;49800.0000;1;28870.0000;None;311800.0000
34611;2023-03-10 20:58:12.773000;2;101978;1;1;49800.0000;1;28870.0000;None;311800.0000
34611;2023-03-10 20:59:10.253000;1;103205;1;1;62800.0000;1;28870.0000;None;311800.0000
34611;2023-03-10 21:01:27.513000;2;101978;1;1;49800.0000;1;28870.0000;None;311800.0000
34613;2023-03-10 19:30:37.867000;2;102848;1;2;89600.0000;1;13519.0000;None;146000.0000
34613;2023-03-10 20:21:46.340000;1;103471;5;1;34800.0000;1;13519.0000;None;146000.0000
34613;2023-03-10 20:23:03.943000;2;201187;1;1;10800.0000;1;13519.0000;None;146000.0000
34613;2023-03-10 21:07:45.353000;2;201187;1;1;10800.0000;1;13519.0000;None;146000.0000
34614;2023-03-10 19:40:21.653000;3;201211;1;1;6800.0000;1;8796.0000;None;95000.0000
34614;2023-03-10 19:40:21.653000;2;201615;1;1;14800.0000;1;8796.0000;None;95000.0000
34614;2023-03-10 19:40:21.653000;1;102914;1;1;26800.0000;1;8796.0000;None;95000.0000
34614;2023-03-10 19:40:21.653000;2;101746;5;1;30800.0000;1;8796.0000;None;95000.0000
34614;2023-03-10 19:40:21.653000;7;1207;1;1;0.0000;1;8796.0000;None;95000.0000
34614;2023-03-10 19:58:23.643000;1;109216;5;1;15800.0000;1;8796.0000;None;95000.0000
34615;2023-03-10 20:01:48.753000;2;200480;1;3;38400.0000;1;12778.0000;None;138000.0000
34615;2023-03-10 20:01:48.753000;3;201958;1;2;13600.0000;1;12778.0000;None;138000.0000
34615;2023-03-10 20:01:48.753000;1;109458;1;1;26800.0000;1;12778.0000;None;138000.0000
34615;2023-03-10 20:01:48.753000;7;1305;1;1;0.0000;1;12778.0000;None;138000.0000
34615;2023-03-10 20:20:50.207000;1;109458;1;1;26800.0000;1;12778.0000;None;138000.0000
34615;2023-03-10 20:44:08.847000;3;201958;1;1;6800.0000;1;12778.0000;None;138000.0000
34615;2023-03-10 20:44:08.847000;7;2047;1;1;0.0000;1;12778.0000;None;138000.0000
34615;2023-03-10 20:44:08.847000;7;2047;1;1;0.0000;1;12778.0000;None;138000.0000
34615;2023-03-10 20:44:08.847000;2;200480;1;1;12800.0000;1;12778.0000;None;138000.0000
34615;2023-03-10 20:44:08.847000;2;200480;1;1;12800.0000;1;12778.0000;None;138000.0000
34616;2023-03-10 20:10:54.277000;2;108132;1;1;36800.0000;1;12500.0000;None;135000.0000
34616;2023-03-10 20:10:54.277000;2;101746;5;1;30800.0000;1;12500.0000;None;135000.0000
34616;2023-03-10 20:10:54.277000;7;2015;1;1;0.0000;1;12500.0000;None;135000.0000
34616;2023-03-10 20:12:56.143000;1;103785;5;1;28800.0000;1;12500.0000;None;135000.0000
34616;2023-03-10 20:12:56.143000;6;101438;5;1;0.0000;1;12500.0000;None;135000.0000
34616;2023-03-10 20:12:56.143000;1;103154;5;1;31800.0000;1;12500.0000;None;135000.0000
34616;2023-03-10 20:14:08.023000;3;201146;1;1;6800.0000;1;12500.0000;None;135000.0000
34616;2023-03-10 20:14:08.023000;7;2008;1;1;0.0000;1;12500.0000;None;135000.0000
34616;2023-03-10 20:14:08.023000;7;2008;1;1;0.0000;1;12500.0000;None;135000.0000
34617;2023-03-10 20:16:21.723000;2;108132;1;1;36800.0000;1;27482.0000;None;296800.0000
34617;2023-03-10 20:34:20.067000;2;108132;1;1;36800.0000;1;27482.0000;None;296800.0000
34617;2023-03-10 20:34:20.067000;3;201958;1;1;6800.0000;1;27482.0000;None;296800.0000
34617;2023-03-10 20:34:20.067000;3;102635;1;1;8800.0000;1;27482.0000;None;296800.0000
34617;2023-03-10 20:35:37.683000;1;103784;5;2;59600.0000;1;27482.0000;None;296800.0000
34617;2023-03-10 20:35:37.683000;6;101624;5;1;0.0000;1;27482.0000;None;296800.0000
34617;2023-03-10 20:35:37.683000;1;106370;5;1;29800.0000;1;27482.0000;None;296800.0000
34617;2023-03-10 20:35:37.683000;1;102726;5;2;91600.0000;1;27482.0000;None;296800.0000
34617;2023-03-10 20:37:54.780000;3;200004;1;1;9800.0000;1;27482.0000;None;296800.0000
34617;2023-03-10 20:37:54.780000;3;101641;1;1;0.0000;1;27482.0000;None;296800.0000
34617;2023-03-10 21:22:13.853000;1;103961;5;1;16800.0000;1;27482.0000;None;296800.0000
34618;2023-03-10 20:18:37.433000;3;201211;1;2;13600.0000;1;11648.0000;None;125800.0000
34618;2023-03-10 20:18:37.433000;2;200480;1;1;12800.0000;1;11648.0000;None;125800.0000
34618;2023-03-10 20:43:01.447000;1;103348;1;1;24800.0000;1;11648.0000;None;125800.0000
34618;2023-03-10 20:43:01.447000;1;104293;1;1;44800.0000;1;11648.0000;None;125800.0000
34618;2023-03-10 20:43:01.447000;7;1002;1;1;0.0000;1;11648.0000;None;125800.0000
34618;2023-03-10 20:43:01.447000;1;105065;1;1;0.0000;1;11648.0000;None;125800.0000
34618;2023-03-10 20:43:01.447000;1;101284;5;1;29800.0000;1;11648.0000;None;125800.0000
34619;2023-03-10 20:19:19.387000;1;102982;1;1;59800.0000;1;23259.0000;None;251200.0000
34619;2023-03-10 20:19:19.387000;1;102982;1;1;59800.0000;1;23259.0000;None;251200.0000
34619;2023-03-10 20:20:11.280000;2;101356;1;2;131600.0000;1;23259.0000;None;251200.0000
34620;2023-03-10 20:27:06.437000;2;201960;1;1;13800.0000;1;13056.0000;None;141000.0000
34620;2023-03-10 20:27:06.437000;2;108101;1;1;36800.0000;1;13056.0000;None;141000.0000
34620;2023-03-10 20:30:24.923000;1;109458;1;1;26800.0000;1;13056.0000;None;141000.0000
34620;2023-03-10 20:30:24.923000;1;102877;5;1;49800.0000;1;13056.0000;None;141000.0000
34620;2023-03-10 20:43:16.140000;2;201960;1;1;13800.0000;1;13056.0000;None;141000.0000
34621;2023-03-10 20:31:55.480000;2;201187;1;1;10800.0000;1;3852.0000;None;41600.0000
34621;2023-03-10 20:31:55.480000;2;100988;1;1;30800.0000;1;3852.0000;None;41600.0000
34622;2023-03-10 20:50:59.507000;2;101658;1;1;42800.0000;1;16630.0000;None;179600.0000
34622;2023-03-10 20:50:59.507000;2;101658;1;1;42800.0000;1;16630.0000;None;179600.0000
34622;2023-03-10 20:50:59.507000;2;102775;1;1;45800.0000;1;16630.0000;None;179600.0000
34622;2023-03-10 20:50:59.507000;1;101954;1;1;19800.0000;1;16630.0000;None;179600.0000
34622;2023-03-10 21:07:44.080000;3;201958;1;1;6800.0000;1;16630.0000;None;179600.0000
34622;2023-03-10 21:10:05.433000;1;102228;1;1;10800.0000;1;16630.0000;None;179600.0000
34622;2023-03-10 21:16:24.827000;7;1305;1;1;0.0000;1;16630.0000;None;179600.0000
34622;2023-03-10 21:58:58.687000;1;102228;1;1;10800.0000;1;16630.0000;None;179600.0000
34623;2023-03-10 20:51:18.197000;3;201146;1;1;6800.0000;1;2741.0000;None;29600.0000
34623;2023-03-10 20:51:18.197000;3;101641;1;1;0.0000;1;2741.0000;None;29600.0000
34623;2023-03-10 20:51:18.197000;2;104239;1;1;22800.0000;1;2741.0000;None;29600.0000
34624;2023-03-10 20:59:37.187000;2;201615;1;2;29600.0000;1;8556.0000;None;92400.0000
34624;2023-03-10 20:59:37.187000;1;103205;1;1;62800.0000;1;8556.0000;None;92400.0000
34625;2023-03-10 21:10:30.700000;2;102775;1;1;45800.0000;1;8389.0000;None;90600.0000
34625;2023-03-10 21:10:30.700000;2;102774;1;1;44800.0000;1;8389.0000;None;90600.0000
34630;2023-03-10 21:46:25.973000;2;102848;1;1;44800.0000;1;4148.0000;None;44800.0000
34630;2023-03-10 21:46:25.973000;7;1305;1;1;0.0000;1;4148.0000;None;44800.0000
34630;2023-03-10 21:46:25.973000;7;1305;1;1;0.0000;1;4148.0000;None;44800.0000
34631;2023-03-10 22:01:23.243000;2;201959;1;1;13800.0000;1;4963.0000;None;53600.0000
34631;2023-03-10 22:01:23.243000;2;108118;1;1;39800.0000;1;4963.0000;None;53600.0000
34632;2023-03-10 22:35:03.950000;2;101998;1;1;22800.0000;1;3944.0000;None;42600.0000
34632;2023-03-10 22:35:03.950000;2;102002;1;1;19800.0000;1;3944.0000;None;42600.0000
34633;2023-03-10 22:47:14.197000;1;101244;1;1;29800.0000;1;20185.0000;None;218000.0000
34633;2023-03-10 22:47:14.197000;2;200466;1;1;164800.0000;1;20185.0000;None;218000.0000
34633;2023-03-10 23:07:47.057000;3;201146;1;1;6800.0000;1;20185.0000;None;218000.0000
34633;2023-03-10 23:07:47.057000;3;200004;1;1;9800.0000;1;20185.0000;None;218000.0000
34633;2023-03-10 23:07:47.057000;3;101641;1;1;0.0000;1;20185.0000;None;218000.0000
34633;2023-03-10 23:07:47.057000;3;201958;1;1;6800.0000;1;20185.0000;None;218000.0000
34634;2023-03-10 22:53:52.167000;1;108668;1;1;21800.0000;1;22482.0000;None;242800.0000
34634;2023-03-10 23:01:08.577000;2;200061;5;1;135800.0000;1;22482.0000;None;242800.0000
34634;2023-03-10 23:01:08.577000;7;2008;1;2;0.0000;1;22482.0000;None;242800.0000
34634;2023-03-10 23:06:13.297000;3;201146;1;1;6800.0000;1;22482.0000;None;242800.0000
34634;2023-03-10 23:06:13.297000;7;1207;1;1;0.0000;1;22482.0000;None;242800.0000
34634;2023-03-11 00:23:17.183000;2;108132;1;2;73600.0000;1;22482.0000;None;242800.0000
34634;2023-03-11 00:40:59.007000;3;104554;1;1;4800.0000;1;22482.0000;None;242800.0000
34635;2023-03-10 23:12:14.877000;3;201146;1;1;6800.0000;1;None;None;127000.0000
34635;2023-03-10 23:12:14.877000;2;100988;1;1;30800.0000;1;None;None;127000.0000
34635;2023-03-10 23:12:14.877000;1;101954;1;1;19800.0000;1;None;None;127000.0000
34635;2023-03-10 23:12:14.877000;1;102914;1;1;26800.0000;1;None;None;127000.0000
34635;2023-03-10 23:12:14.877000;1;105296;1;1;42800.0000;1;None;None;127000.0000
34635;2023-03-10 23:12:14.877000;7;1006;1;1;0.0000;1;None;None;127000.0000
34636;2023-03-10 23:37:04.127000;3;100999;1;1;5800.0000;1;537.0000;None;5800.0000
