2748;2023-03-11 15:24:48.987000;1;103338;1;1;59800.0000;1;None;None;119600.0000
2748;2023-03-11 15:24:48.987000;1;103354;1;1;59800.0000;1;None;None;119600.0000
2749;2023-03-11 18:48:27.637000;3;102747;1;1;4800.0000;1;9176.0000;None;99100.0000
2749;2023-03-11 18:48:27.637000;3;201146;1;1;6800.0000;1;9176.0000;None;99100.0000
2749;2023-03-11 18:48:27.637000;3;201211;1;1;6800.0000;1;9176.0000;None;99100.0000
2749;2023-03-11 18:48:27.637000;1;101954;1;1;19800.0000;1;9176.0000;None;99100.0000
2749;2023-03-11 18:48:27.637000;1;104810;5;1;16900.0000;1;9176.0000;None;99100.0000
2749;2023-03-11 18:48:27.637000;1;104818;5;1;21400.0000;1;9176.0000;None;99100.0000
2749;2023-03-11 19:15:55.510000;1;103372;5;1;15800.0000;1;9176.0000;None;99100.0000
2749;2023-03-11 19:15:55.510000;3;201146;1;1;6800.0000;1;9176.0000;None;99100.0000
2749;2023-03-11 19:15:55.510000;7;1207;1;1;0.0000;1;9176.0000;None;99100.0000
2751;2023-03-11 19:32:14.467000;2;201187;1;1;10800.0000;1;1444.0000;None;15600.0000
2751;2023-03-11 19:32:14.467000;3;104554;1;1;4800.0000;1;1444.0000;None;15600.0000
17914;2023-03-11 12:23:32.057000;1;103354;1;1;59800.0000;1;None;None;59800.0000
17914;2023-03-11 12:23:32.057000;7;1135;1;1;0.0000;1;None;None;59800.0000
17915;2023-03-11 12:53:41.887000;3;201211;1;1;6800.0000;1;12482.0000;None;134800.0000
17915;2023-03-11 12:53:41.887000;3;101641;1;1;0.0000;1;12482.0000;None;134800.0000
17915;2023-03-11 12:53:41.887000;3;102747;1;1;4800.0000;1;12482.0000;None;134800.0000
17915;2023-03-11 13:01:46.760000;3;201237;1;1;6800.0000;1;12482.0000;None;134800.0000
17915;2023-03-11 13:01:46.760000;3;101641;1;1;0.0000;1;12482.0000;None;134800.0000
17915;2023-03-11 13:06:31.227000;1;102726;5;1;45800.0000;1;12482.0000;None;134800.0000
17915;2023-03-11 13:06:31.227000;1;103347;1;1;59800.0000;1;12482.0000;None;134800.0000
17915;2023-03-11 13:06:31.227000;1;102228;1;1;10800.0000;1;12482.0000;None;134800.0000
17915;2023-03-11 13:06:31.227000;7;1135;1;1;0.0000;1;12482.0000;None;134800.0000
17918;2023-03-11 13:19:23.237000;1;101954;1;1;19800.0000;1;16667.0000;None;180000.0000
17918;2023-03-11 13:21:48.960000;2;201960;1;1;13800.0000;1;16667.0000;None;180000.0000
17918;2023-03-11 13:21:48.960000;3;104554;1;1;4800.0000;1;16667.0000;None;180000.0000
17918;2023-03-11 13:21:48.960000;3;102637;1;1;9800.0000;1;16667.0000;None;180000.0000
17918;2023-03-11 13:21:48.960000;3;102619;1;1;7800.0000;1;16667.0000;None;180000.0000
17918;2023-03-11 13:21:48.960000;1;103347;1;1;59800.0000;1;16667.0000;None;180000.0000
17918;2023-03-11 13:21:48.960000;1;100891;1;1;35800.0000;1;16667.0000;None;180000.0000
17918;2023-03-11 13:23:43.643000;1;102228;1;1;10800.0000;1;16667.0000;None;180000.0000
17918;2023-03-11 13:23:43.643000;7;1135;1;1;0.0000;1;16667.0000;None;180000.0000
17918;2023-03-11 13:52:04.990000;1;102228;1;1;10800.0000;1;16667.0000;None;180000.0000
17918;2023-03-11 14:00:59.490000;3;201237;1;1;6800.0000;1;16667.0000;None;180000.0000
17919;2023-03-11 13:51:33.207000;1;103648;1;1;26800.0000;1;4963.0000;None;53600.0000
17919;2023-03-11 13:51:33.207000;1;103648;1;1;26800.0000;1;4963.0000;None;53600.0000
17919;2023-03-11 13:51:33.207000;7;1135;1;1;0.0000;1;4963.0000;None;53600.0000
17920;2023-03-11 14:02:02.020000;3;201237;1;2;13600.0000;1;18130.0000;None;195800.0000
17920;2023-03-11 14:02:02.020000;3;101641;1;2;0.0000;1;18130.0000;None;195800.0000
17920;2023-03-11 14:02:02.020000;1;103381;1;1;58800.0000;1;18130.0000;None;195800.0000
17920;2023-03-11 14:02:02.020000;7;1001;1;1;0.0000;1;18130.0000;None;195800.0000
17920;2023-03-11 14:02:02.020000;7;1001;1;1;0.0000;1;18130.0000;None;195800.0000
17920;2023-03-11 14:02:02.020000;7;1001;1;1;0.0000;1;18130.0000;None;195800.0000
17920;2023-03-11 14:02:02.020000;1;104294;1;1;65800.0000;1;18130.0000;None;195800.0000
17920;2023-03-11 14:02:02.020000;7;1302;1;1;0.0000;1;18130.0000;None;195800.0000
17920;2023-03-11 14:02:02.020000;1;101522;1;1;0.0000;1;18130.0000;None;195800.0000
17920;2023-03-11 14:02:02.020000;1;102228;1;1;10800.0000;1;18130.0000;None;195800.0000
17920;2023-03-11 14:02:02.020000;1;101659;1;1;46800.0000;1;18130.0000;None;195800.0000
17920;2023-03-11 14:14:57.137000;7;1310;1;1;0.0000;1;18130.0000;None;195800.0000
17921;2023-03-11 13:17:45.057000;3;100606;1;1;6800.0000;1;7685.0000;None;83000.0000
17921;2023-03-11 13:50:34.907000;7;1305;1;1;0.0000;1;7685.0000;None;83000.0000
17921;2023-03-11 13:50:34.907000;7;1305;1;1;0.0000;1;7685.0000;None;83000.0000
17921;2023-03-11 13:50:34.907000;7;1305;1;1;0.0000;1;7685.0000;None;83000.0000
17921;2023-03-11 13:50:34.907000;7;1305;1;1;0.0000;1;7685.0000;None;83000.0000
17921;2023-03-11 13:50:34.907000;2;201187;1;1;10800.0000;1;7685.0000;None;83000.0000
17921;2023-03-11 13:50:34.907000;3;104554;1;1;4800.0000;1;7685.0000;None;83000.0000
17921;2023-03-11 13:50:34.907000;1;103076;1;1;49800.0000;1;7685.0000;None;83000.0000
17921;2023-03-11 14:20:43.493000;2;201187;1;1;10800.0000;1;7685.0000;None;83000.0000
17921;2023-03-11 14:20:43.493000;7;1207;1;1;0.0000;1;7685.0000;None;83000.0000
17922;2023-03-11 14:32:32.120000;3;200008;1;1;15800.0000;1;8093.0000;None;87400.0000
17922;2023-03-11 14:32:32.120000;7;2094;1;2;0.0000;1;8093.0000;None;87400.0000
17922;2023-03-11 14:32:32.120000;3;101641;1;2;0.0000;1;8093.0000;None;87400.0000
17922;2023-03-11 14:33:15.083000;1;100892;1;1;35800.0000;1;8093.0000;None;87400.0000
17922;2023-03-11 14:33:15.083000;1;100891;1;1;35800.0000;1;8093.0000;None;87400.0000
17924;2023-03-11 15:07:53.457000;3;100614;1;2;11600.0000;1;29333.0000;None;316800.0000
17924;2023-03-11 15:12:34.613000;3;102635;1;1;8800.0000;1;29333.0000;None;316800.0000
17924;2023-03-11 15:12:34.613000;3;201146;1;1;6800.0000;1;29333.0000;None;316800.0000
17924;2023-03-11 15:12:34.613000;1;107647;1;2;73600.0000;1;29333.0000;None;316800.0000
17924;2023-03-11 15:12:34.613000;7;1135;1;1;0.0000;1;29333.0000;None;316800.0000
17924;2023-03-11 15:15:05.103000;3;101641;1;1;0.0000;1;29333.0000;None;316800.0000
17924;2023-03-11 15:34:23.500000;1;104893;5;1;129800.0000;1;29333.0000;None;316800.0000
17924;2023-03-11 15:34:23.500000;7;1306;1;1;0.0000;1;29333.0000;None;316800.0000
17924;2023-03-11 15:34:23.500000;7;1006;1;1;0.0000;1;29333.0000;None;316800.0000
17924;2023-03-11 15:34:23.500000;1;108236;5;1;0.0000;1;29333.0000;None;316800.0000
17924;2023-03-11 15:34:23.500000;1;102170;1;1;4800.0000;1;29333.0000;None;316800.0000
17924;2023-03-11 15:34:23.500000;7;1135;1;1;0.0000;1;29333.0000;None;316800.0000
17924;2023-03-11 15:34:23.500000;1;103599;5;1;69800.0000;1;29333.0000;None;316800.0000
17924;2023-03-11 15:34:23.500000;7;1306;2;1;0.0000;1;29333.0000;None;316800.0000
17924;2023-03-11 15:34:23.500000;7;1351;3;1;0.0000;1;29333.0000;None;316800.0000
17924;2023-03-11 15:55:02.857000;3;101410;1;1;0.0000;1;29333.0000;None;316800.0000
17924;2023-03-11 16:21:37.430000;3;100614;1;2;11600.0000;1;29333.0000;None;316800.0000
17925;2023-03-11 15:20:55.100000;2;103225;1;3;146400.0000;1;13556.0000;None;146400.0000
17926;2023-03-11 13:18:28.823000;2;201615;1;1;14800.0000;1;58019.0000;None;626600.0000
17926;2023-03-11 13:18:28.823000;7;1207;1;1;0.0000;1;58019.0000;None;626600.0000
17926;2023-03-11 13:18:28.823000;2;201615;1;1;14800.0000;1;58019.0000;None;626600.0000
17926;2023-03-11 13:40:04.480000;2;104688;1;1;53800.0000;1;58019.0000;None;626600.0000
17926;2023-03-11 13:40:04.480000;7;2010;1;1;0.0000;1;58019.0000;None;626600.0000
17926;2023-03-11 13:40:04.480000;3;201211;1;1;6800.0000;1;58019.0000;None;626600.0000
17926;2023-03-11 13:56:36.017000;2;104688;1;1;53800.0000;1;58019.0000;None;626600.0000
17926;2023-03-11 13:56:36.017000;7;2010;1;1;0.0000;1;58019.0000;None;626600.0000
17926;2023-03-11 14:10:31.840000;2;202518;5;1;115800.0000;1;58019.0000;None;626600.0000
17926;2023-03-11 14:10:31.840000;7;2008;1;2;0.0000;1;58019.0000;None;626600.0000
17926;2023-03-11 14:21:09.880000;2;104688;1;1;53800.0000;1;58019.0000;None;626600.0000
17926;2023-03-11 14:21:09.880000;7;2010;1;1;0.0000;1;58019.0000;None;626600.0000
17926;2023-03-11 14:25:50.777000;1;100892;1;1;35800.0000;1;58019.0000;None;626600.0000
17926;2023-03-11 14:25:50.777000;1;108447;1;1;0.0000;1;58019.0000;None;626600.0000
17926;2023-03-11 14:25:50.777000;1;108447;1;1;0.0000;1;58019.0000;None;626600.0000
17926;2023-03-11 14:25:50.777000;1;108447;1;1;0.0000;1;58019.0000;None;626600.0000
17926;2023-03-11 14:25:50.777000;1;108447;1;1;0.0000;1;58019.0000;None;626600.0000
17926;2023-03-11 14:49:48.293000;2;202518;5;1;115800.0000;1;58019.0000;None;626600.0000
17926;2023-03-11 14:57:30.287000;2;104688;1;1;53800.0000;1;58019.0000;None;626600.0000
17926;2023-03-11 15:03:21.603000;1;108447;1;1;0.0000;1;58019.0000;None;626600.0000
17926;2023-03-11 15:03:21.603000;1;108447;1;1;0.0000;1;58019.0000;None;626600.0000
17926;2023-03-11 15:33:33.790000;2;104688;1;1;53800.0000;1;58019.0000;None;626600.0000
17926;2023-03-11 16:09:42.750000;2;104688;1;1;53800.0000;1;58019.0000;None;626600.0000
17927;2023-03-11 15:32:45.240000;1;109198;5;1;33800.0000;1;13352.0000;None;144200.0000
17927;2023-03-11 15:32:45.240000;6;101624;5;1;0.0000;1;13352.0000;None;144200.0000
17927;2023-03-11 15:32:45.240000;3;101564;1;4;0.0000;1;13352.0000;None;144200.0000
17927;2023-03-11 16:04:24.223000;2;102599;1;2;103600.0000;1;13352.0000;None;144200.0000
17927;2023-03-11 16:04:24.223000;7;2010;1;2;0.0000;1;13352.0000;None;144200.0000
17927;2023-03-11 16:04:24.223000;7;1207;1;1;0.0000;1;13352.0000;None;144200.0000
17927;2023-03-11 16:04:24.223000;3;101641;1;5;0.0000;1;13352.0000;None;144200.0000
17927;2023-03-11 16:04:24.223000;7;1207;1;1;0.0000;1;13352.0000;None;144200.0000
17927;2023-03-11 16:12:35.010000;3;201146;1;1;6800.0000;1;13352.0000;None;144200.0000
17927;2023-03-11 17:53:17.947000;3;101641;1;5;0.0000;1;13352.0000;None;144200.0000
17928;2023-03-11 15:45:21.850000;2;200104;5;1;145800.0000;1;18111.0000;None;195600.0000
17928;2023-03-11 15:45:21.850000;7;1207;1;1;0.0000;1;18111.0000;None;195600.0000
17928;2023-03-11 15:45:21.850000;1;108796;1;1;49800.0000;1;18111.0000;None;195600.0000
17928;2023-03-11 15:45:21.850000;7;1006;1;1;0.0000;1;18111.0000;None;195600.0000
17931;2023-03-11 17:15:02.073000;2;102599;1;1;51800.0000;1;10222.0000;None;110400.0000
17931;2023-03-11 17:15:02.073000;3;201269;1;1;6800.0000;1;10222.0000;None;110400.0000
17931;2023-03-11 18:23:58.843000;2;102599;1;1;51800.0000;1;10222.0000;None;110400.0000
17931;2023-03-11 18:23:58.843000;7;2008;1;2;0.0000;1;10222.0000;None;110400.0000
17934;2023-03-11 16:11:26.527000;3;100614;1;1;5800.0000;1;38778.0000;None;418800.0000
17934;2023-03-11 16:11:26.527000;2;102775;1;1;45800.0000;1;38778.0000;None;418800.0000
17934;2023-03-11 16:38:09.877000;2;107767;1;1;50800.0000;1;38778.0000;None;418800.0000
17934;2023-03-11 16:41:12.840000;2;102775;1;1;45800.0000;1;38778.0000;None;418800.0000
17934;2023-03-11 16:42:21.560000;3;200004;1;1;9800.0000;1;38778.0000;None;418800.0000
17934;2023-03-11 16:42:21.560000;3;101641;1;1;0.0000;1;38778.0000;None;418800.0000
17934;2023-03-11 17:14:13.610000;2;101795;1;1;37800.0000;1;38778.0000;None;418800.0000
17934;2023-03-11 18:03:03.290000;2;102775;1;1;45800.0000;1;38778.0000;None;418800.0000
17934;2023-03-11 18:06:44.103000;2;107767;1;1;50800.0000;1;38778.0000;None;418800.0000
17934;2023-03-11 18:57:25.957000;2;107767;1;1;50800.0000;1;38778.0000;None;418800.0000
17934;2023-03-11 18:57:25.957000;2;101795;1;1;37800.0000;1;38778.0000;None;418800.0000
17934;2023-03-11 18:57:25.957000;2;101795;1;1;37800.0000;1;38778.0000;None;418800.0000
17936;2023-03-11 19:04:20.050000;1;102286;1;1;2800.0000;1;None;None;2800.0000
17936;2023-03-11 20:01:25.240000;1;103198;5;1;49800.0000;1;None;None;2800.0000
17936;2023-03-11 20:01:25.240000;1;106356;5;1;0.0000;1;None;None;2800.0000
17936;2023-03-11 19:59:15.100000;2;201182;1;1;9800.0000;1;None;None;2800.0000
17936;2023-03-11 21:21:05.307000;2;202507;5;1;164800.0000;1;None;None;2800.0000
17936;2023-03-11 22:39:57.713000;1;103198;5;-1;-49800.0000;1;None;None;2800.0000
17936;2023-03-11 22:39:57.713000;1;106356;5;-1;0.0000;1;None;None;2800.0000
17936;2023-03-11 22:39:57.713000;2;201182;1;-1;-9800.0000;1;None;None;2800.0000
17936;2023-03-11 22:39:57.713000;2;202507;5;-1;-164800.0000;1;None;None;2800.0000
17940;2023-03-11 19:58:54.880000;3;201146;1;1;6800.0000;1;16778.0000;None;181200.0000
17940;2023-03-11 19:58:54.880000;3;101641;1;1;0.0000;1;16778.0000;None;181200.0000
17940;2023-03-11 19:58:54.880000;3;101641;1;1;0.0000;1;16778.0000;None;181200.0000
17940;2023-03-11 19:58:54.880000;3;101641;1;1;0.0000;1;16778.0000;None;181200.0000
17940;2023-03-11 19:58:54.880000;3;101641;1;1;0.0000;1;16778.0000;None;181200.0000
17940;2023-03-11 19:58:54.880000;3;201269;1;1;6800.0000;1;16778.0000;None;181200.0000
17940;2023-03-11 19:58:54.880000;3;201269;1;1;6800.0000;1;16778.0000;None;181200.0000
17940;2023-03-11 19:58:54.880000;1;101954;1;1;19800.0000;1;16778.0000;None;181200.0000
17940;2023-03-11 20:16:05.253000;1;103651;1;1;43800.0000;1;16778.0000;None;181200.0000
17940;2023-03-11 20:16:05.253000;1;103651;1;1;43800.0000;1;16778.0000;None;181200.0000
17940;2023-03-11 20:16:05.253000;1;102482;1;1;33800.0000;1;16778.0000;None;181200.0000
17940;2023-03-11 20:16:05.253000;7;1002;1;1;0.0000;1;16778.0000;None;181200.0000
17940;2023-03-11 21:07:49.987000;1;104004;5;1;15800.0000;1;16778.0000;None;181200.0000
17940;2023-03-11 21:07:49.987000;1;101088;1;1;3800.0000;1;16778.0000;None;181200.0000
17940;2023-03-11 21:07:49.987000;7;1216;1;1;0.0000;1;16778.0000;None;181200.0000
17941;2023-03-11 19:00:07.870000;3;200004;1;1;9800.0000;1;16019.0000;None;173000.0000
17941;2023-03-11 19:00:07.870000;3;108191;1;1;0.0000;1;16019.0000;None;173000.0000
17941;2023-03-11 19:00:07.870000;2;102774;1;1;44800.0000;1;16019.0000;None;173000.0000
17941;2023-03-11 19:07:56.250000;2;108101;1;1;36800.0000;1;16019.0000;None;173000.0000
17941;2023-03-11 20:44:56.913000;2;102774;1;1;44800.0000;1;16019.0000;None;173000.0000
17941;2023-03-11 20:44:56.913000;7;2094;1;1;0.0000;1;16019.0000;None;173000.0000
17941;2023-03-11 20:44:56.913000;3;108191;1;1;0.0000;1;16019.0000;None;173000.0000
17941;2023-03-11 21:01:43.430000;2;108101;1;1;36800.0000;1;16019.0000;None;173000.0000
17943;2023-03-11 20:54:24.323000;2;100988;1;2;61600.0000;1;5704.0000;None;61600.0000
17944;2023-03-11 21:10:15.023000;2;107563;1;2;55600.0000;1;12056.0000;None;130200.0000
17944;2023-03-11 21:24:51.080000;1;106379;1;1;24800.0000;1;12056.0000;None;130200.0000
17944;2023-03-11 22:04:11.580000;2;101978;1;1;49800.0000;1;12056.0000;None;130200.0000
17944;2023-03-11 22:04:11.580000;7;2008;1;2;0.0000;1;12056.0000;None;130200.0000
17945;2023-03-11 21:19:55.760000;2;101658;1;1;42800.0000;1;24982.0000;None;269800.0000
17945;2023-03-11 21:19:55.760000;2;106012;1;1;49800.0000;1;24982.0000;None;269800.0000
17945;2023-03-11 21:54:29.557000;1;108794;1;1;48800.0000;1;24982.0000;None;269800.0000
17945;2023-03-11 21:54:29.557000;7;1302;1;1;0.0000;1;24982.0000;None;269800.0000
17945;2023-03-11 21:54:29.557000;1;109408;1;1;35800.0000;1;24982.0000;None;269800.0000
17945;2023-03-11 21:54:29.557000;7;1302;1;1;0.0000;1;24982.0000;None;269800.0000
17945;2023-03-11 22:23:09.227000;2;106012;1;1;49800.0000;1;24982.0000;None;269800.0000
17945;2023-03-11 23:10:17.560000;2;101658;1;1;42800.0000;1;24982.0000;None;269800.0000
17946;2023-03-11 21:22:49.753000;2;101672;1;2;49600.0000;1;5222.0000;None;56400.0000
17946;2023-03-11 21:22:49.753000;3;201211;1;1;6800.0000;1;5222.0000;None;56400.0000
17947;2023-03-11 21:28:57.123000;2;201187;1;1;10800.0000;1;5056.0000;None;54600.0000
17947;2023-03-11 21:28:57.123000;2;108120;1;1;43800.0000;1;5056.0000;None;54600.0000
17949;2023-03-11 21:41:36.187000;2;108101;1;1;36800.0000;1;3407.0000;None;36800.0000
17950;2023-03-11 21:49:14.877000;2;102774;1;1;44800.0000;1;16222.0000;None;175200.0000
17950;2023-03-11 21:49:14.877000;2;106263;1;1;40800.0000;1;16222.0000;None;175200.0000
17950;2023-03-11 23:18:57.967000;2;102774;1;2;89600.0000;1;16222.0000;None;175200.0000
17951;2023-03-11 21:49:43.733000;3;200004;1;2;19600.0000;1;16139.0000;None;174300.0000
17951;2023-03-11 21:49:43.733000;3;101641;1;2;0.0000;1;16139.0000;None;174300.0000
17951;2023-03-11 21:49:43.733000;1;101176;1;1;41800.0000;1;16139.0000;None;174300.0000
17951;2023-03-11 21:54:16.963000;1;102753;5;1;67800.0000;1;16139.0000;None;174300.0000
17951;2023-03-11 21:54:16.963000;6;101624;5;1;0.0000;1;16139.0000;None;174300.0000
17951;2023-03-11 21:54:16.963000;1;104818;5;1;21400.0000;1;16139.0000;None;174300.0000
17951;2023-03-11 21:54:16.963000;1;104814;5;1;14900.0000;1;16139.0000;None;174300.0000
17951;2023-03-11 21:54:16.963000;1;105801;5;1;8800.0000;1;16139.0000;None;174300.0000
17951;2023-03-11 21:54:16.963000;7;1135;1;1;0.0000;1;16139.0000;None;174300.0000
17952;2023-03-11 21:41:36.190000;2;108101;1;1;36800.0000;1;3407.0000;None;36800.0000
17953;2023-03-11 22:24:04.517000;2;201187;1;1;10800.0000;1;30945.0000;None;334200.0000
17953;2023-03-11 22:24:04.517000;2;101783;1;2;61600.0000;1;30945.0000;None;334200.0000
17953;2023-03-11 22:24:04.517000;7;2010;1;1;0.0000;1;30945.0000;None;334200.0000
17953;2023-03-11 22:24:04.517000;7;2044;1;1;0.0000;1;30945.0000;None;334200.0000
17953;2023-03-11 22:34:21.123000;2;200480;1;1;12800.0000;1;30945.0000;None;334200.0000
17953;2023-03-11 22:34:21.123000;2;101746;5;1;30800.0000;1;30945.0000;None;334200.0000
17953;2023-03-11 22:47:03.503000;2;200480;1;1;12800.0000;1;30945.0000;None;334200.0000
17953;2023-03-11 22:53:49.523000;2;201187;1;1;10800.0000;1;30945.0000;None;334200.0000
17953;2023-03-11 22:53:49.523000;2;201615;1;3;44400.0000;1;30945.0000;None;334200.0000
17953;2023-03-11 23:07:11.267000;2;201187;1;1;10800.0000;1;30945.0000;None;334200.0000
17953;2023-03-11 23:33:09.927000;2;201615;1;3;44400.0000;1;30945.0000;None;334200.0000
17953;2023-03-11 23:38:11.647000;2;201187;1;1;10800.0000;1;30945.0000;None;334200.0000
17953;2023-03-11 23:38:11.647000;2;200480;1;2;25600.0000;1;30945.0000;None;334200.0000
17953;2023-03-11 23:49:15.243000;2;107369;1;1;43800.0000;1;30945.0000;None;334200.0000
17953;2023-03-11 23:50:00.137000;3;200539;1;1;14800.0000;1;30945.0000;None;334200.0000
17954;2023-03-11 21:11:43.053000;3;200004;1;1;9800.0000;1;26611.0000;None;287400.0000
17954;2023-03-11 21:11:43.053000;3;101641;1;1;0.0000;1;26611.0000;None;287400.0000
17954;2023-03-11 21:11:43.053000;7;2018;1;1;0.0000;1;26611.0000;None;287400.0000
17954;2023-03-11 21:11:43.053000;2;101978;1;1;49800.0000;1;26611.0000;None;287400.0000
17954;2023-03-11 21:22:59.800000;2;102774;1;1;44800.0000;1;26611.0000;None;287400.0000
17954;2023-03-11 21:32:35.473000;1;108267;5;1;38800.0000;1;26611.0000;None;287400.0000
17954;2023-03-11 21:32:35.473000;1;103788;5;1;39800.0000;1;26611.0000;None;287400.0000
17954;2023-03-11 21:32:35.473000;6;101438;5;1;0.0000;1;26611.0000;None;287400.0000
17954;2023-03-11 22:25:37.317000;3;200004;1;1;9800.0000;1;26611.0000;None;287400.0000
17954;2023-03-11 22:25:37.317000;3;101641;1;1;0.0000;1;26611.0000;None;287400.0000
17954;2023-03-11 22:25:37.317000;7;2018;1;1;0.0000;1;26611.0000;None;287400.0000
17954;2023-03-11 22:25:37.317000;2;101978;1;1;49800.0000;1;26611.0000;None;287400.0000
17954;2023-03-11 22:25:37.317000;2;102774;1;1;44800.0000;1;26611.0000;None;287400.0000
17955;2023-03-11 22:58:38.153000;1;102131;1;1;5200.0000;1;None;None;5200.0000
17957;2023-03-11 22:20:36.197000;2;200480;1;1;12800.0000;1;2370.0000;None;25600.0000
17957;2023-03-11 22:20:36.197000;3;108191;1;1;0.0000;1;2370.0000;None;25600.0000
17957;2023-03-11 23:05:26.537000;2;200480;1;1;12800.0000;1;2370.0000;None;25600.0000
17958;2023-03-11 21:14:39.870000;1;102913;1;1;26800.0000;1;14278.0000;None;154200.0000
17958;2023-03-11 21:14:39.870000;6;101561;1;1;0.0000;1;14278.0000;None;154200.0000
17958;2023-03-11 21:14:39.870000;1;109408;1;1;35800.0000;1;14278.0000;None;154200.0000
17958;2023-03-11 21:14:39.870000;7;1002;1;1;0.0000;1;14278.0000;None;154200.0000
17958;2023-03-11 21:14:39.870000;1;102914;1;1;26800.0000;1;14278.0000;None;154200.0000
17958;2023-03-11 21:16:47.907000;1;102903;1;1;36800.0000;1;14278.0000;None;154200.0000
17958;2023-03-11 21:16:47.907000;7;1002;1;1;0.0000;1;14278.0000;None;154200.0000
17958;2023-03-11 21:16:47.907000;1;109408;1;-1;-35800.0000;1;14278.0000;None;154200.0000
17958;2023-03-11 21:16:47.907000;7;1002;1;-1;0.0000;1;14278.0000;None;154200.0000
17958;2023-03-11 21:31:04.153000;3;201211;1;2;13600.0000;1;14278.0000;None;154200.0000
17958;2023-03-11 21:31:04.153000;3;102749;1;1;5800.0000;1;14278.0000;None;154200.0000
17958;2023-03-11 22:44:17.050000;2;201615;1;3;44400.0000;1;14278.0000;None;154200.0000
17958;2023-03-11 22:44:17.050000;3;108191;1;3;0.0000;1;14278.0000;None;154200.0000
17960;2023-03-11 23:28:40.013000;2;100988;1;2;61600.0000;1;5704.0000;None;61600.0000
17961;2023-03-11 23:03:49.157000;3;104446;1;2;11600.0000;1;18278.0000;None;197400.0000
17961;2023-03-11 23:07:23.427000;1;101176;1;1;41800.0000;1;18278.0000;None;197400.0000
17961;2023-03-11 23:07:23.427000;1;101954;1;1;19800.0000;1;18278.0000;None;197400.0000
17961;2023-03-11 23:10:37.487000;1;103534;1;1;67800.0000;1;18278.0000;None;197400.0000
17961;2023-03-11 23:10:37.487000;7;1002;1;1;0.0000;1;18278.0000;None;197400.0000
17961;2023-03-11 23:10:37.487000;1;101522;1;1;0.0000;1;18278.0000;None;197400.0000
17961;2023-03-11 23:10:37.487000;1;104293;1;1;44800.0000;1;18278.0000;None;197400.0000
17961;2023-03-11 23:10:37.487000;7;1006;1;1;0.0000;1;18278.0000;None;197400.0000
17961;2023-03-11 23:10:37.487000;1;101522;1;1;0.0000;1;18278.0000;None;197400.0000
17961;2023-03-11 23:35:35.137000;3;104446;1;2;11600.0000;1;18278.0000;None;197400.0000
17965;2023-03-11 22:59:01.570000;2;104239;1;1;22800.0000;1;29370.0000;None;317200.0000
17965;2023-03-11 23:09:34.687000;2;108101;1;1;36800.0000;1;29370.0000;None;317200.0000
17965;2023-03-11 23:09:34.687000;2;108101;1;1;36800.0000;1;29370.0000;None;317200.0000
17965;2023-03-11 23:09:34.687000;2;107767;1;1;50800.0000;1;29370.0000;None;317200.0000
17965;2023-03-11 23:40:19.817000;2;104239;1;1;22800.0000;1;29370.0000;None;317200.0000
17965;2023-03-11 23:48:10.647000;2;107767;1;1;50800.0000;1;29370.0000;None;317200.0000
17965;2023-03-12 00:06:25.777000;2;108101;1;2;73600.0000;1;29370.0000;None;317200.0000
17965;2023-03-11 23:40:36.040000;2;104239;1;1;22800.0000;1;29370.0000;None;317200.0000
24367;2023-03-11 13:24:06.930000;1;100892;1;1;35800.0000;1;3315.0000;None;35800.0000
24368;2023-03-11 16:02:46.100000;2;102775;1;3;137400.0000;1;144352.0000;None;1559000.0000
24368;2023-03-11 16:02:46.100000;3;101641;1;1;0.0000;1;144352.0000;None;1559000.0000
24368;2023-03-11 16:02:46.100000;3;101641;1;1;0.0000;1;144352.0000;None;1559000.0000
24368;2023-03-11 16:05:35.467000;3;200004;1;3;29400.0000;1;144352.0000;None;1559000.0000
24368;2023-03-11 16:05:35.467000;3;101641;1;2;0.0000;1;144352.0000;None;1559000.0000
24368;2023-03-11 16:02:46.100000;3;201146;1;1;6800.0000;1;144352.0000;None;1559000.0000
24368;2023-03-11 16:02:46.100000;3;201146;1;1;6800.0000;1;144352.0000;None;1559000.0000
24368;2023-03-11 17:07:02.653000;3;201146;1;-1;-6800.0000;1;144352.0000;None;1559000.0000
24368;2023-03-11 17:07:02.653000;3;201146;1;-1;-6800.0000;1;144352.0000;None;1559000.0000
24368;2023-03-11 17:20:51.720000;2;102775;1;3;137400.0000;1;144352.0000;None;1559000.0000
24368;2023-03-11 17:20:51.720000;1;102131;1;1;5200.0000;1;144352.0000;None;1559000.0000
24368;2023-03-11 17:27:28.557000;3;200004;1;3;29400.0000;1;144352.0000;None;1559000.0000
24368;2023-03-11 18:43:35.813000;2;102775;1;3;137400.0000;1;144352.0000;None;1559000.0000
24368;2023-03-11 18:43:35.813000;3;200004;1;3;29400.0000;1;144352.0000;None;1559000.0000
24368;2023-03-11 18:44:27.953000;1;107647;1;1;36800.0000;1;144352.0000;None;1559000.0000
24368;2023-03-11 18:44:27.953000;1;101954;1;1;19800.0000;1;144352.0000;None;1559000.0000
24368;2023-03-11 18:44:27.953000;1;101244;1;1;29800.0000;1;144352.0000;None;1559000.0000
24368;2023-03-11 18:44:27.953000;3;101410;1;1;0.0000;1;144352.0000;None;1559000.0000
24368;2023-03-11 18:49:44.147000;2;102775;1;1;45800.0000;1;144352.0000;None;1559000.0000
24368;2023-03-11 19:06:22.660000;2;102775;1;3;137400.0000;1;144352.0000;None;1559000.0000
24368;2023-03-11 19:33:42.993000;2;102775;1;1;45800.0000;1;144352.0000;None;1559000.0000
24368;2023-03-11 19:42:18.457000;2;102775;1;7;320600.0000;1;144352.0000;None;1559000.0000
24368;2023-03-11 19:42:18.457000;3;200004;1;5;49000.0000;1;144352.0000;None;1559000.0000
24368;2023-03-11 19:42:18.457000;3;201146;1;2;13600.0000;1;144352.0000;None;1559000.0000
24368;2023-03-11 19:52:26.793000;1;102199;1;1;5800.0000;1;144352.0000;None;1559000.0000
24368;2023-03-11 20:24:15.957000;2;102775;1;4;183200.0000;1;144352.0000;None;1559000.0000
24368;2023-03-11 20:24:15.957000;3;201146;1;2;13600.0000;1;144352.0000;None;1559000.0000
24368;2023-03-11 20:26:03.290000;2;102775;1;3;137400.0000;1;144352.0000;None;1559000.0000
24368;2023-03-11 20:36:13.877000;2;201615;1;1;14800.0000;1;144352.0000;None;1559000.0000
24370;2023-03-11 17:09:08.097000;2;201187;1;3;32400.0000;1;4000.0000;None;43200.0000
24370;2023-03-11 17:09:08.097000;3;108191;1;3;0.0000;1;4000.0000;None;43200.0000
24370;2023-03-11 17:50:29.637000;2;201187;1;1;10800.0000;1;4000.0000;None;43200.0000
24370;2023-03-11 17:50:29.637000;3;108191;1;1;0.0000;1;4000.0000;None;43200.0000
24371;2023-03-11 17:12:35.647000;2;102446;1;1;87800.0000;1;25093.0000;None;271000.0000
24371;2023-03-11 17:12:35.647000;7;1207;1;1;0.0000;1;25093.0000;None;271000.0000
24371;2023-03-11 17:12:35.647000;2;102774;1;1;44800.0000;1;25093.0000;None;271000.0000
24371;2023-03-11 17:12:35.647000;3;200008;1;1;15800.0000;1;25093.0000;None;271000.0000
24371;2023-03-11 17:12:35.647000;7;1207;1;1;0.0000;1;25093.0000;None;271000.0000
24371;2023-03-11 17:12:35.647000;3;101641;1;1;0.0000;1;25093.0000;None;271000.0000
24371;2023-03-11 18:10:44.607000;3;200008;1;1;15800.0000;1;25093.0000;None;271000.0000
24371;2023-03-11 18:24:56.323000;2;200608;5;1;106800.0000;1;25093.0000;None;271000.0000
24371;2023-03-11 18:24:56.323000;7;2008;1;2;0.0000;1;25093.0000;None;271000.0000
24372;2023-03-11 17:16:18.953000;3;102749;1;1;5800.0000;1;13630.0000;None;147200.0000
24372;2023-03-11 17:16:18.953000;2;106012;1;1;49800.0000;1;13630.0000;None;147200.0000
24372;2023-03-11 17:16:18.953000;2;102775;1;1;45800.0000;1;13630.0000;None;147200.0000
24372;2023-03-11 17:16:18.953000;1;108550;5;1;45800.0000;1;13630.0000;None;147200.0000
24373;2023-03-11 17:19:40.760000;3;201269;1;2;13600.0000;1;11000.0000;None;118800.0000
24373;2023-03-11 17:19:40.760000;3;108191;1;2;0.0000;1;11000.0000;None;118800.0000
24373;2023-03-11 17:19:40.760000;1;103421;5;1;42800.0000;1;11000.0000;None;118800.0000
24373;2023-03-11 17:19:40.760000;1;105801;5;1;8800.0000;1;11000.0000;None;118800.0000
24373;2023-03-11 17:19:40.760000;1;101659;1;1;46800.0000;1;11000.0000;None;118800.0000
24373;2023-03-11 17:28:15.190000;3;101641;1;1;0.0000;1;11000.0000;None;118800.0000
24373;2023-03-11 17:57:23.903000;3;201146;1;1;6800.0000;1;11000.0000;None;118800.0000
24374;2023-03-11 17:35:09.300000;2;101783;1;1;30800.0000;1;36167.0000;None;390600.0000
24374;2023-03-11 17:35:09.300000;3;201146;1;1;6800.0000;1;36167.0000;None;390600.0000
24374;2023-03-11 17:43:09.140000;2;107767;1;1;50800.0000;1;36167.0000;None;390600.0000
24374;2023-03-11 18:13:38.857000;2;101783;1;1;30800.0000;1;36167.0000;None;390600.0000
24374;2023-03-11 18:13:38.857000;7;1207;1;1;0.0000;1;36167.0000;None;390600.0000
24374;2023-03-11 18:47:43.630000;2;101783;1;1;30800.0000;1;36167.0000;None;390600.0000
24374;2023-03-11 18:47:43.630000;7;2010;1;1;0.0000;1;36167.0000;None;390600.0000
24374;2023-03-11 19:10:51.257000;2;101795;1;1;37800.0000;1;36167.0000;None;390600.0000
24374;2023-03-11 19:10:51.257000;7;2049;1;1;0.0000;1;36167.0000;None;390600.0000
24374;2023-03-11 19:21:09.353000;2;101783;1;1;30800.0000;1;36167.0000;None;390600.0000
24374;2023-03-11 19:21:09.353000;7;2010;1;1;0.0000;1;36167.0000;None;390600.0000
24374;2023-03-11 19:31:47.310000;2;101795;1;1;37800.0000;1;36167.0000;None;390600.0000
24374;2023-03-11 20:00:55.390000;2;101783;1;1;30800.0000;1;36167.0000;None;390600.0000
24374;2023-03-11 20:00:55.390000;7;2010;1;1;0.0000;1;36167.0000;None;390600.0000
24374;2023-03-11 19:05:14.823000;2;107767;1;1;50800.0000;1;36167.0000;None;390600.0000
24374;2023-03-11 19:05:14.823000;7;1207;1;1;0.0000;1;36167.0000;None;390600.0000
24374;2023-03-11 20:28:43.397000;1;108668;1;1;21800.0000;1;36167.0000;None;390600.0000
24374;2023-03-11 20:35:53.650000;2;101783;1;1;30800.0000;1;36167.0000;None;390600.0000
24375;2023-03-11 17:41:41.117000;1;104004;5;1;15800.0000;1;3630.0000;None;39200.0000
24375;2023-03-11 17:41:41.117000;3;100606;1;1;6800.0000;1;3630.0000;None;39200.0000
24375;2023-03-11 17:41:41.117000;6;105082;1;1;3000.0000;1;3630.0000;None;39200.0000
24375;2023-03-11 17:41:41.117000;3;100606;1;1;6800.0000;1;3630.0000;None;39200.0000
24375;2023-03-11 17:41:41.117000;3;201146;1;1;6800.0000;1;3630.0000;None;39200.0000
24376;2023-03-11 18:01:49.657000;2;102774;1;1;44800.0000;1;13389.0000;None;144600.0000
24376;2023-03-11 18:01:49.657000;2;101978;1;1;49800.0000;1;13389.0000;None;144600.0000
24376;2023-03-11 18:36:07.140000;2;102774;1;1;44800.0000;1;13389.0000;None;144600.0000
24376;2023-03-11 18:36:07.140000;1;102131;1;1;5200.0000;1;13389.0000;None;144600.0000
24377;2023-03-11 18:07:07.203000;2;201615;1;1;14800.0000;1;35408.0000;None;382400.0000
24377;2023-03-11 18:14:00.203000;2;101978;1;2;99600.0000;1;35408.0000;None;382400.0000
24377;2023-03-11 18:14:00.203000;7;1207;1;1;0.0000;1;35408.0000;None;382400.0000
24377;2023-03-11 18:43:39.773000;2;201615;1;1;14800.0000;1;35408.0000;None;382400.0000
24377;2023-03-11 19:30:39.363000;2;201615;1;2;29600.0000;1;35408.0000;None;382400.0000
24377;2023-03-11 19:55:44.497000;2;102848;1;2;89600.0000;1;35408.0000;None;382400.0000
24377;2023-03-11 19:55:44.497000;7;1207;1;1;0.0000;1;35408.0000;None;382400.0000
24377;2023-03-11 20:24:30.577000;2;201615;1;1;14800.0000;1;35408.0000;None;382400.0000
24377;2023-03-11 21:43:00.570000;2;102848;1;2;89600.0000;1;35408.0000;None;382400.0000
24377;2023-03-11 21:43:00.570000;2;201615;1;2;29600.0000;1;35408.0000;None;382400.0000
24378;2023-03-11 18:08:06.787000;2;108116;1;2;89600.0000;1;11889.0000;None;128400.0000
24378;2023-03-11 18:41:01.173000;2;101702;1;1;38800.0000;1;11889.0000;None;128400.0000
24378;2023-03-11 18:41:01.173000;7;1207;1;1;0.0000;1;11889.0000;None;128400.0000
24380;2023-03-11 19:01:27.453000;2;200710;1;1;664800.0000;1;71704.0000;None;774400.0000
24380;2023-03-11 19:01:27.453000;1;103205;1;1;62800.0000;1;71704.0000;None;774400.0000
24380;2023-03-11 19:01:27.453000;1;102141;1;1;2800.0000;1;71704.0000;None;774400.0000
24380;2023-03-11 19:07:35.097000;3;201146;1;2;13600.0000;1;71704.0000;None;774400.0000
24380;2023-03-11 19:07:35.097000;7;2042;1;2;0.0000;1;71704.0000;None;774400.0000
24380;2023-03-11 19:07:35.097000;3;201269;1;1;6800.0000;1;71704.0000;None;774400.0000
24380;2023-03-11 19:18:33.563000;1;102170;1;1;4800.0000;1;71704.0000;None;774400.0000
24380;2023-03-11 19:38:18.427000;3;201146;1;1;6800.0000;1;71704.0000;None;774400.0000
24380;2023-03-11 19:38:18.427000;3;101641;1;1;0.0000;1;71704.0000;None;774400.0000
24380;2023-03-11 19:38:18.427000;3;201269;1;1;6800.0000;1;71704.0000;None;774400.0000
24380;2023-03-11 19:38:18.427000;3;108191;1;1;0.0000;1;71704.0000;None;774400.0000
24380;2023-03-11 19:44:59.650000;1;102131;1;1;5200.0000;1;71704.0000;None;774400.0000
24381;2023-03-11 19:18:24.413000;3;201269;1;1;6800.0000;1;10537.0000;None;113800.0000
24381;2023-03-11 19:18:24.413000;3;108191;1;1;0.0000;1;10537.0000;None;113800.0000
24381;2023-03-11 19:18:24.413000;3;201211;1;1;6800.0000;1;10537.0000;None;113800.0000
24381;2023-03-11 19:18:24.413000;3;101641;1;1;0.0000;1;10537.0000;None;113800.0000
24381;2023-03-11 19:18:24.413000;3;102635;1;1;8800.0000;1;10537.0000;None;113800.0000
24381;2023-03-11 19:18:24.413000;1;103134;5;1;31800.0000;1;10537.0000;None;113800.0000
24381;2023-03-11 19:18:24.413000;6;101525;5;1;0.0000;1;10537.0000;None;113800.0000
24381;2023-03-11 19:18:24.413000;1;106369;5;1;29800.0000;1;10537.0000;None;113800.0000
24381;2023-03-11 19:18:24.413000;1;103784;5;1;29800.0000;1;10537.0000;None;113800.0000
24381;2023-03-11 19:18:24.413000;6;101535;5;1;0.0000;1;10537.0000;None;113800.0000
24382;2023-03-11 19:18:53.447000;2;109385;1;1;34800.0000;1;15982.0000;None;172600.0000
24382;2023-03-11 19:18:53.447000;1;104690;1;1;9800.0000;1;15982.0000;None;172600.0000
24382;2023-03-11 19:19:36.937000;2;200480;1;1;12800.0000;1;15982.0000;None;172600.0000
24382;2023-03-11 19:39:27.043000;3;200538;1;1;14800.0000;1;15982.0000;None;172600.0000
24382;2023-03-11 20:24:41.650000;2;101802;1;1;27800.0000;1;15982.0000;None;172600.0000
24382;2023-03-11 20:24:41.650000;7;2010;1;1;0.0000;1;15982.0000;None;172600.0000
24382;2023-03-11 20:26:57.610000;2;102774;1;1;44800.0000;1;15982.0000;None;172600.0000
24382;2023-03-11 20:49:44.847000;2;101802;1;1;27800.0000;1;15982.0000;None;172600.0000
24382;2023-03-11 20:49:44.847000;7;2010;1;1;0.0000;1;15982.0000;None;172600.0000
24383;2023-03-11 19:37:54.473000;2;108473;1;1;33800.0000;1;3759.0000;None;40600.0000
24383;2023-03-11 19:37:54.473000;3;201146;1;1;6800.0000;1;3759.0000;None;40600.0000
24384;2023-03-11 19:53:22.293000;2;100988;1;1;30800.0000;1;None;None;30800.0000
24384;2023-03-11 19:53:22.293000;7;1207;1;1;0.0000;1;None;None;30800.0000
24384;2023-03-11 19:53:22.293000;7;2034;1;1;0.0000;1;None;None;30800.0000
24386;2023-03-11 20:02:05.157000;2;108101;1;1;36800.0000;1;34519.0000;None;372800.0000
24386;2023-03-11 20:02:05.157000;2;103225;1;1;48800.0000;1;34519.0000;None;372800.0000
24386;2023-03-11 20:15:58.537000;2;102002;1;1;19800.0000;1;34519.0000;None;372800.0000
24386;2023-03-11 20:15:58.537000;2;101978;1;1;49800.0000;1;34519.0000;None;372800.0000
24386;2023-03-11 21:16:56.210000;2;103673;1;1;52800.0000;1;34519.0000;None;372800.0000
24386;2023-03-11 21:44:01.260000;2;200466;1;1;164800.0000;1;34519.0000;None;372800.0000
24386;2023-03-11 21:44:01.260000;7;2008;1;5;0.0000;1;34519.0000;None;372800.0000
24388;2023-03-11 20:18:11.543000;1;103449;5;1;29800.0000;1;12167.0000;None;131400.0000
24388;2023-03-11 20:18:11.543000;2;101978;1;1;49800.0000;1;12167.0000;None;131400.0000
24388;2023-03-11 20:18:11.543000;2;102599;1;1;51800.0000;1;12167.0000;None;131400.0000
24389;2023-03-11 20:38:51.737000;1;101244;1;1;29800.0000;1;9574.0000;None;103400.0000
24389;2023-03-11 20:38:51.737000;3;101410;1;1;0.0000;1;9574.0000;None;103400.0000
24389;2023-03-11 20:38:51.737000;2;108101;1;1;36800.0000;1;9574.0000;None;103400.0000
24389;2023-03-11 20:38:51.737000;2;108101;1;1;36800.0000;1;9574.0000;None;103400.0000
24390;2023-03-11 20:39:47.017000;3;102747;1;3;14400.0000;1;4093.0000;None;44200.0000
24390;2023-03-11 20:39:47.017000;7;1207;1;1;0.0000;1;4093.0000;None;44200.0000
24390;2023-03-11 20:39:47.017000;1;103449;5;1;29800.0000;1;4093.0000;None;44200.0000
24390;2023-03-11 20:39:47.017000;7;1135;1;1;0.0000;1;4093.0000;None;44200.0000
24390;2023-03-11 20:40:03.310000;7;1305;1;1;0.0000;1;4093.0000;None;44200.0000
24390;2023-03-11 20:40:03.310000;7;1305;1;1;0.0000;1;4093.0000;None;44200.0000
24391;2023-03-11 20:52:43.037000;3;201211;1;1;6800.0000;1;22037.0000;None;238000.0000
24391;2023-03-11 20:52:43.037000;3;201211;1;1;6800.0000;1;22037.0000;None;238000.0000
24391;2023-03-11 20:52:43.037000;3;201269;1;1;6800.0000;1;22037.0000;None;238000.0000
24391;2023-03-11 20:52:43.037000;3;108191;1;1;0.0000;1;22037.0000;None;238000.0000
24391;2023-03-11 20:59:07.133000;1;101244;1;1;29800.0000;1;22037.0000;None;238000.0000
24391;2023-03-11 20:59:07.133000;3;101410;1;1;0.0000;1;22037.0000;None;238000.0000
24391;2023-03-11 21:14:35.827000;7;1303;1;1;0.0000;1;22037.0000;None;238000.0000
24391;2023-03-11 21:19:25.653000;3;101641;1;2;0.0000;1;22037.0000;None;238000.0000
24391;2023-03-11 21:55:08.227000;1;102361;5;1;16800.0000;1;22037.0000;None;238000.0000
24391;2023-03-11 21:55:08.227000;7;1135;1;1;0.0000;1;22037.0000;None;238000.0000
24391;2023-03-11 22:08:20.720000;2;107563;1;3;83400.0000;1;22037.0000;None;238000.0000
24391;2023-03-11 22:59:59.787000;2;107369;1;1;43800.0000;1;22037.0000;None;238000.0000
24391;2023-03-11 22:59:59.787000;7;2010;1;1;0.0000;1;22037.0000;None;238000.0000
24391;2023-03-11 22:59:59.787000;2;107369;1;1;43800.0000;1;22037.0000;None;238000.0000
24391;2023-03-11 22:59:59.787000;7;2010;1;1;0.0000;1;22037.0000;None;238000.0000
24392;2023-03-11 20:55:48.770000;3;102747;1;1;4800.0000;1;12482.0000;None;134800.0000
24392;2023-03-11 20:55:48.770000;7;2042;1;1;0.0000;1;12482.0000;None;134800.0000
24392;2023-03-11 20:55:48.770000;3;100999;1;1;5800.0000;1;12482.0000;None;134800.0000
24392;2023-03-11 20:56:01.693000;1;101244;1;1;29800.0000;1;12482.0000;None;134800.0000
24392;2023-03-11 20:56:01.693000;3;101410;1;1;0.0000;1;12482.0000;None;134800.0000
24392;2023-03-11 20:58:48.587000;1;103567;5;1;31800.0000;1;12482.0000;None;134800.0000
24392;2023-03-11 20:58:48.587000;1;103559;5;1;46800.0000;1;12482.0000;None;134800.0000
24392;2023-03-11 22:01:40.973000;1;103372;5;1;15800.0000;1;12482.0000;None;134800.0000
24392;2023-03-11 22:01:40.973000;7;1247;1;1;0.0000;1;12482.0000;None;134800.0000
24394;2023-03-11 21:32:18.527000;1;102493;1;1;44800.0000;1;None;None;108200.0000
24394;2023-03-11 21:32:18.527000;7;1302;1;1;0.0000;1;None;None;108200.0000
24394;2023-03-11 21:32:18.527000;1;108795;1;1;49800.0000;1;None;None;108200.0000
24394;2023-03-11 21:32:18.527000;7;1302;1;1;0.0000;1;None;None;108200.0000
24394;2023-03-11 21:32:18.527000;3;201211;1;1;6800.0000;1;None;None;108200.0000
24394;2023-03-11 21:32:18.527000;3;201211;1;1;6800.0000;1;None;None;108200.0000
24395;2023-03-11 21:38:16.457000;2;103869;1;1;96800.0000;1;158612.0000;None;1713000.0000
24395;2023-03-11 21:38:16.457000;3;200004;1;1;9800.0000;1;158612.0000;None;1713000.0000
24395;2023-03-11 21:56:26.410000;2;102774;1;1;44800.0000;1;158612.0000;None;1713000.0000
24395;2023-03-11 21:56:26.410000;2;102775;1;3;137400.0000;1;158612.0000;None;1713000.0000
24395;2023-03-11 21:56:26.410000;2;107563;1;1;27800.0000;1;158612.0000;None;1713000.0000
24395;2023-03-11 21:56:26.410000;2;101978;1;1;49800.0000;1;158612.0000;None;1713000.0000
24395;2023-03-11 21:56:26.410000;2;103524;1;1;49800.0000;1;158612.0000;None;1713000.0000
24395;2023-03-11 21:56:26.410000;2;108105;1;1;37800.0000;1;158612.0000;None;1713000.0000
24395;2023-03-11 21:56:26.410000;3;200004;1;1;9800.0000;1;158612.0000;None;1713000.0000
24395;2023-03-11 21:56:26.410000;3;201211;1;1;6800.0000;1;158612.0000;None;1713000.0000
24395;2023-03-11 22:05:49.157000;1;102131;1;1;5200.0000;1;158612.0000;None;1713000.0000
24395;2023-03-11 22:07:15.047000;3;200004;1;1;9800.0000;1;158612.0000;None;1713000.0000
24395;2023-03-11 22:07:15.047000;7;2094;1;2;0.0000;1;158612.0000;None;1713000.0000
24395;2023-03-11 22:07:15.047000;3;101641;1;1;0.0000;1;158612.0000;None;1713000.0000
24395;2023-03-11 22:07:15.047000;1;101954;1;1;19800.0000;1;158612.0000;None;1713000.0000
24395;2023-03-11 22:07:15.047000;1;101176;1;1;41800.0000;1;158612.0000;None;1713000.0000
24395;2023-03-11 22:07:15.047000;3;101410;1;3;0.0000;1;158612.0000;None;1713000.0000
24395;2023-03-11 22:07:15.047000;1;101244;1;1;29800.0000;1;158612.0000;None;1713000.0000
24395;2023-03-11 22:27:31.147000;3;200004;1;1;9800.0000;1;158612.0000;None;1713000.0000
24395;2023-03-11 22:38:27.680000;2;102774;1;1;44800.0000;1;158612.0000;None;1713000.0000
24395;2023-03-11 22:38:27.680000;1;101176;1;1;41800.0000;1;158612.0000;None;1713000.0000
24395;2023-03-11 23:00:44.023000;2;104237;1;1;41800.0000;1;158612.0000;None;1713000.0000
24395;2023-03-11 23:08:53.937000;2;102775;1;1;45800.0000;1;158612.0000;None;1713000.0000
24395;2023-03-11 23:08:53.937000;2;103869;1;1;96800.0000;1;158612.0000;None;1713000.0000
24395;2023-03-11 23:08:53.937000;2;108105;1;1;37800.0000;1;158612.0000;None;1713000.0000
24395;2023-03-11 23:08:53.937000;1;102131;1;1;5200.0000;1;158612.0000;None;1713000.0000
24395;2023-03-11 23:16:44.243000;1;103340;1;2;61600.0000;1;158612.0000;None;1713000.0000
24395;2023-03-11 23:16:44.243000;1;102375;1;1;59800.0000;1;158612.0000;None;1713000.0000
24395;2023-03-11 23:26:39.743000;2;200480;1;1;12800.0000;1;158612.0000;None;1713000.0000
24395;2023-03-11 23:26:39.743000;2;200480;1;1;12800.0000;1;158612.0000;None;1713000.0000
24395;2023-03-11 23:26:39.743000;7;1207;1;1;0.0000;1;158612.0000;None;1713000.0000
24395;2023-03-11 23:26:39.743000;2;103869;1;1;96800.0000;1;158612.0000;None;1713000.0000
24395;2023-03-11 23:33:28.767000;3;200004;1;1;9800.0000;1;158612.0000;None;1713000.0000
24395;2023-03-12 00:08:57.460000;3;201146;1;1;6800.0000;1;158612.0000;None;1713000.0000
24395;2023-03-12 00:11:02.077000;2;200480;1;1;12800.0000;1;158612.0000;None;1713000.0000
24395;2023-03-12 00:11:02.077000;7;1207;1;1;0.0000;1;158612.0000;None;1713000.0000
24395;2023-03-12 00:16:05.697000;3;201211;1;1;6800.0000;1;158612.0000;None;1713000.0000
24395;2023-03-12 00:29:21.147000;2;102537;1;2;169600.0000;1;158612.0000;None;1713000.0000
24395;2023-03-12 00:29:21.147000;2;103869;1;1;96800.0000;1;158612.0000;None;1713000.0000
24395;2023-03-12 00:29:21.147000;2;107563;1;1;27800.0000;1;158612.0000;None;1713000.0000
24395;2023-03-12 00:29:21.147000;2;102775;1;1;45800.0000;1;158612.0000;None;1713000.0000
24395;2023-03-12 00:29:21.147000;2;101850;1;1;48800.0000;1;158612.0000;None;1713000.0000
24395;2023-03-12 00:29:21.147000;2;101850;1;1;48800.0000;1;158612.0000;None;1713000.0000
24395;2023-03-12 00:29:21.147000;2;102446;1;1;87800.0000;1;158612.0000;None;1713000.0000
24395;2023-03-12 00:45:42.283000;3;201269;1;1;6800.0000;1;158612.0000;None;1713000.0000
24395;2023-03-12 00:45:42.283000;1;101270;5;1;0.0000;1;158612.0000;None;1713000.0000
24396;2023-03-11 21:49:42.813000;1;104690;1;1;9800.0000;1;67537.0000;None;729400.0000
24396;2023-03-11 21:49:42.813000;1;104690;1;1;9800.0000;1;67537.0000;None;729400.0000
24396;2023-03-11 21:49:42.813000;1;101176;1;1;41800.0000;1;67537.0000;None;729400.0000
24396;2023-03-11 21:49:42.813000;1;103205;1;1;62800.0000;1;67537.0000;None;729400.0000
24396;2023-03-11 21:50:50.827000;2;101869;1;1;34800.0000;1;67537.0000;None;729400.0000
24396;2023-03-11 21:50:50.827000;7;1207;1;1;0.0000;1;67537.0000;None;729400.0000
24396;2023-03-11 21:50:50.827000;2;201187;1;1;10800.0000;1;67537.0000;None;729400.0000
24396;2023-03-11 19:59:15.100000;2;108101;1;1;36800.0000;1;67537.0000;None;729400.0000
24396;2023-03-11 19:59:15.100000;2;106012;1;1;49800.0000;1;67537.0000;None;729400.0000
24396;2023-03-11 20:07:55.797000;1;104690;1;1;9800.0000;1;67537.0000;None;729400.0000
24396;2023-03-11 20:07:55.797000;1;102003;1;1;9800.0000;1;67537.0000;None;729400.0000
24396;2023-03-11 20:26:30.553000;2;108101;1;2;73600.0000;1;67537.0000;None;729400.0000
24396;2023-03-11 20:26:30.553000;2;108118;1;1;39800.0000;1;67537.0000;None;729400.0000
24396;2023-03-11 20:40:18.503000;2;201187;1;1;10800.0000;1;67537.0000;None;729400.0000
24396;2023-03-11 21:22:43.070000;2;108101;1;2;73600.0000;1;67537.0000;None;729400.0000
24396;2023-03-11 22:16:07.317000;1;103205;1;1;62800.0000;1;67537.0000;None;729400.0000
24396;2023-03-11 23:01:48.227000;2;108101;1;1;36800.0000;1;67537.0000;None;729400.0000
24396;2023-03-11 23:01:48.227000;2;108101;1;1;36800.0000;1;67537.0000;None;729400.0000
24396;2023-03-11 23:19:18.133000;2;108118;1;1;39800.0000;1;67537.0000;None;729400.0000
24396;2023-03-11 23:25:20.873000;3;100999;1;1;5800.0000;1;67537.0000;None;729400.0000
24396;2023-03-12 00:12:11.360000;2;108101;1;1;36800.0000;1;67537.0000;None;729400.0000
24396;2023-03-12 00:12:11.360000;2;108101;1;1;36800.0000;1;67537.0000;None;729400.0000
24397;2023-03-11 21:55:44.583000;2;101978;1;1;49800.0000;1;17611.0000;None;190200.0000
24397;2023-03-11 21:55:44.583000;2;108121;1;1;38800.0000;1;17611.0000;None;190200.0000
24397;2023-03-11 22:28:08.223000;2;102599;1;1;51800.0000;1;17611.0000;None;190200.0000
24397;2023-03-11 22:33:49.490000;2;101978;1;1;49800.0000;1;17611.0000;None;190200.0000
24398;2023-03-11 22:07:38.023000;2;101978;1;1;49800.0000;1;11426.0000;None;123400.0000
24398;2023-03-11 22:07:38.023000;2;108101;1;1;36800.0000;1;11426.0000;None;123400.0000
24398;2023-03-11 22:47:14.807000;2;108101;1;1;36800.0000;1;11426.0000;None;123400.0000
24399;2023-03-11 22:28:18.830000;2;201615;1;2;29600.0000;1;2741.0000;None;29600.0000
24400;2023-03-11 22:34:47.360000;3;201958;1;1;6800.0000;1;31019.0000;None;335000.0000
24400;2023-03-11 22:34:47.360000;3;102748;1;1;15800.0000;1;31019.0000;None;335000.0000
24400;2023-03-11 22:34:47.360000;3;102749;1;1;5800.0000;1;31019.0000;None;335000.0000
24400;2023-03-11 22:34:47.360000;2;201187;1;1;10800.0000;1;31019.0000;None;335000.0000
24400;2023-03-11 22:55:43.853000;1;106379;1;1;24800.0000;1;31019.0000;None;335000.0000
24400;2023-03-11 22:55:43.853000;7;1054;1;1;0.0000;1;31019.0000;None;335000.0000
24400;2023-03-11 22:55:43.853000;1;107647;1;1;36800.0000;1;31019.0000;None;335000.0000
24400;2023-03-11 22:55:43.853000;1;101954;1;1;19800.0000;1;31019.0000;None;335000.0000
24400;2023-03-11 22:55:43.853000;1;101176;1;1;41800.0000;1;31019.0000;None;335000.0000
24400;2023-03-11 22:55:43.853000;1;102982;1;1;59800.0000;1;31019.0000;None;335000.0000
24400;2023-03-11 22:55:43.853000;7;1302;1;1;0.0000;1;31019.0000;None;335000.0000
24400;2023-03-11 22:55:43.853000;6;101518;1;1;0.0000;1;31019.0000;None;335000.0000
24400;2023-03-11 22:55:43.853000;7;1135;1;1;0.0000;1;31019.0000;None;335000.0000
24400;2023-03-11 23:06:53.777000;2;201615;1;1;14800.0000;1;31019.0000;None;335000.0000
24400;2023-03-11 23:13:17.747000;2;201187;1;1;10800.0000;1;31019.0000;None;335000.0000
24400;2023-03-11 23:13:17.747000;1;101954;1;1;19800.0000;1;31019.0000;None;335000.0000
24400;2023-03-11 23:13:17.747000;1;101176;1;1;41800.0000;1;31019.0000;None;335000.0000
24400;2023-03-11 23:32:35.033000;2;201615;1;1;14800.0000;1;31019.0000;None;335000.0000
24400;2023-03-11 23:32:35.033000;2;201187;1;1;10800.0000;1;31019.0000;None;335000.0000
24404;2023-03-11 23:22:29.093000;2;108473;1;1;33800.0000;1;19333.0000;None;208800.0000
24404;2023-03-11 23:22:55.863000;2;108473;1;1;33800.0000;1;19333.0000;None;208800.0000
24404;2023-03-11 22:40:38.187000;2;108473;1;1;33800.0000;1;19333.0000;None;208800.0000
24404;2023-03-11 22:40:38.187000;2;108473;1;1;33800.0000;1;19333.0000;None;208800.0000
24404;2023-03-11 22:40:38.187000;2;108101;1;2;73600.0000;1;19333.0000;None;208800.0000
24405;2023-03-11 23:39:39.430000;2;102768;1;1;44800.0000;1;17519.0000;None;189200.0000
24405;2023-03-11 23:39:39.430000;2;101978;1;1;49800.0000;1;17519.0000;None;189200.0000
24405;2023-03-12 00:31:32.717000;2;102768;1;1;44800.0000;1;17519.0000;None;189200.0000
24405;2023-03-12 00:31:32.717000;2;101978;1;1;49800.0000;1;17519.0000;None;189200.0000
24406;2023-03-12 00:22:03.280000;2;102775;1;2;91600.0000;1;18667.0000;None;201600.0000
24406;2023-03-12 00:22:03.280000;2;102774;1;2;89600.0000;1;18667.0000;None;201600.0000
24406;2023-03-12 00:27:50.740000;3;201146;1;1;6800.0000;1;18667.0000;None;201600.0000
24406;2023-03-12 00:27:50.740000;3;201146;1;1;6800.0000;1;18667.0000;None;201600.0000
24406;2023-03-12 00:27:50.740000;7;2008;1;4;0.0000;1;18667.0000;None;201600.0000
24406;2023-03-12 01:30:19.973000;3;201146;1;1;6800.0000;1;18667.0000;None;201600.0000
24406;2023-03-12 01:30:19.973000;7;2050;1;1;0.0000;1;18667.0000;None;201600.0000
34637;2023-03-11 19:51:19.107000;3;201211;1;1;6800.0000;1;12037.0000;None;130000.0000
34637;2023-03-11 19:51:19.140000;2;201615;1;1;14800.0000;1;12037.0000;None;130000.0000
34637;2023-03-11 20:00:59.247000;1;101954;1;1;19800.0000;1;12037.0000;None;130000.0000
34637;2023-03-11 20:01:25.240000;1;103788;5;1;39800.0000;1;12037.0000;None;130000.0000
34637;2023-03-11 20:01:25.240000;6;101624;5;1;0.0000;1;12037.0000;None;130000.0000
34637;2023-03-11 20:11:56.690000;1;101664;5;1;48800.0000;1;12037.0000;None;130000.0000
34637;2023-03-11 20:11:56.690000;1;106356;5;1;0.0000;1;12037.0000;None;130000.0000
34639;2023-03-11 20:06:07.367000;2;101090;1;1;64800.0000;1;22000.0000;None;237600.0000
34639;2023-03-11 20:06:07.367000;2;100971;1;1;27800.0000;1;22000.0000;None;237600.0000
34639;2023-03-11 17:25:05.983000;2;100971;1;1;27800.0000;1;22000.0000;None;237600.0000
34639;2023-03-11 17:29:44.823000;1;104690;1;1;9800.0000;1;22000.0000;None;237600.0000
34639;2023-03-11 18:12:06.587000;2;100971;1;1;27800.0000;1;22000.0000;None;237600.0000
34639;2023-03-11 19:07:03.247000;1;103784;5;1;29800.0000;1;22000.0000;None;237600.0000
34639;2023-03-11 19:07:03.247000;6;101624;5;1;0.0000;1;22000.0000;None;237600.0000
34639;2023-03-11 20:23:16.117000;1;108796;1;1;49800.0000;1;22000.0000;None;237600.0000
34639;2023-03-11 20:23:16.117000;7;1006;1;1;0.0000;1;22000.0000;None;237600.0000
34640;2023-03-11 20:16:14.563000;2;102775;1;1;45800.0000;1;17148.0000;None;185200.0000
34640;2023-03-11 20:16:14.563000;2;107767;1;1;50800.0000;1;17148.0000;None;185200.0000
34640;2023-03-11 20:55:10.763000;2;107767;1;1;50800.0000;1;17148.0000;None;185200.0000
34640;2023-03-11 20:59:24.093000;2;101795;1;1;37800.0000;1;17148.0000;None;185200.0000
34640;2023-03-11 20:59:24.093000;7;2049;1;1;0.0000;1;17148.0000;None;185200.0000
34641;2023-03-11 20:18:21.307000;2;101878;1;1;29800.0000;1;9833.0000;None;106200.0000
34641;2023-03-11 20:27:36.923000;3;201211;1;1;6800.0000;1;9833.0000;None;106200.0000
34641;2023-03-11 20:27:36.923000;1;103784;5;1;29800.0000;1;9833.0000;None;106200.0000
34641;2023-03-11 20:27:36.923000;6;101624;5;1;0.0000;1;9833.0000;None;106200.0000
34641;2023-03-11 20:27:36.923000;1;103791;5;1;39800.0000;1;9833.0000;None;106200.0000
34641;2023-03-11 20:27:36.923000;6;101470;5;1;0.0000;1;9833.0000;None;106200.0000
34642;2023-03-11 20:18:53.037000;2;107563;1;1;27800.0000;1;7593.0000;None;82000.0000
34642;2023-03-11 20:18:53.037000;3;201211;1;1;6800.0000;1;7593.0000;None;82000.0000
34642;2023-03-11 20:52:03.337000;1;104690;1;2;19600.0000;1;7593.0000;None;82000.0000
34642;2023-03-11 20:52:24.860000;2;107563;1;1;27800.0000;1;7593.0000;None;82000.0000
34644;2023-03-11 20:43:29.443000;2;102774;1;1;44800.0000;1;16019.0000;None;173000.0000
34644;2023-03-11 20:43:29.443000;7;1207;1;1;0.0000;1;16019.0000;None;173000.0000
34644;2023-03-11 20:43:29.443000;2;102774;1;1;44800.0000;1;16019.0000;None;173000.0000
34644;2023-03-11 20:43:29.443000;7;1207;1;1;0.0000;1;16019.0000;None;173000.0000
34644;2023-03-11 20:48:17.363000;1;105295;1;1;45800.0000;1;16019.0000;None;173000.0000
34644;2023-03-11 20:48:17.363000;7;1006;1;1;0.0000;1;16019.0000;None;173000.0000
34644;2023-03-11 20:59:43.420000;1;102913;1;1;26800.0000;1;16019.0000;None;173000.0000
34644;2023-03-11 20:59:43.420000;6;103488;1;1;0.0000;1;16019.0000;None;173000.0000
34644;2023-03-11 21:48:27.937000;2;201187;1;1;10800.0000;1;16019.0000;None;173000.0000
34646;2023-03-11 20:57:26.423000;2;201187;1;1;10800.0000;1;3648.0000;None;39400.0000
34646;2023-03-11 21:13:11.267000;1;100974;1;1;17800.0000;1;3648.0000;None;39400.0000
34646;2023-03-11 21:56:24.153000;2;201187;1;1;10800.0000;1;3648.0000;None;39400.0000
34647;2023-03-11 20:42:12.830000;2;108105;1;1;37800.0000;1;38222.0000;None;412800.0000
34647;2023-03-11 21:18:29.713000;1;102913;1;2;53600.0000;1;38222.0000;None;412800.0000
34647;2023-03-11 21:18:29.713000;6;103488;1;1;0.0000;1;38222.0000;None;412800.0000
34647;2023-03-11 21:18:29.713000;1;108796;1;1;49800.0000;1;38222.0000;None;412800.0000
34647;2023-03-11 21:18:29.713000;7;1006;1;1;0.0000;1;38222.0000;None;412800.0000
34647;2023-03-11 21:22:49.190000;2;200608;5;1;106800.0000;1;38222.0000;None;412800.0000
34647;2023-03-11 21:22:49.190000;7;2008;1;4;0.0000;1;38222.0000;None;412800.0000
34647;2023-03-11 22:35:27.097000;2;200608;5;1;106800.0000;1;38222.0000;None;412800.0000
34647;2023-03-11 22:39:15.413000;2;200608;5;-1;-106800.0000;1;38222.0000;None;412800.0000
34647;2023-03-11 22:39:15.413000;7;2008;1;-4;0.0000;1;38222.0000;None;412800.0000
34647;2023-03-11 22:44:49.713000;2;202507;5;1;164800.0000;1;38222.0000;None;412800.0000
34648;2023-03-11 20:50:44.133000;2;202483;5;1;186800.0000;1;22167.0000;None;239400.0000
34648;2023-03-11 20:50:44.133000;7;1207;1;1;0.0000;1;22167.0000;None;239400.0000
34648;2023-03-11 20:57:11.553000;1;103750;5;1;37800.0000;1;22167.0000;None;239400.0000
34648;2023-03-11 20:57:11.553000;1;103776;5;1;14800.0000;1;22167.0000;None;239400.0000
34650;2023-03-11 21:21:19.287000;3;201958;1;2;13600.0000;1;13148.0000;None;142000.0000
34650;2023-03-11 21:21:19.287000;1;102489;1;1;44800.0000;1;13148.0000;None;142000.0000
34650;2023-03-11 21:21:19.287000;7;1302;1;1;0.0000;1;13148.0000;None;142000.0000
34650;2023-03-11 21:21:19.287000;1;102480;1;1;41800.0000;1;13148.0000;None;142000.0000
34650;2023-03-11 21:21:19.287000;7;1002;1;1;0.0000;1;13148.0000;None;142000.0000
34650;2023-03-11 21:21:19.287000;1;102480;1;1;41800.0000;1;13148.0000;None;142000.0000
34650;2023-03-11 21:21:19.287000;7;1302;1;1;0.0000;1;13148.0000;None;142000.0000
34651;2023-03-11 21:41:28.247000;2;108118;1;2;79600.0000;1;13463.0000;None;145400.0000
34651;2023-03-11 21:41:28.247000;1;103204;1;1;65800.0000;1;13463.0000;None;145400.0000
