2752;2023-03-12 12:01:07.117000;1;103350;1;1;59800.0000;1;11074.0000;None;119600.0000
2752;2023-03-12 12:01:07.130000;1;103350;1;1;59800.0000;1;11074.0000;None;119600.0000
2753;2023-03-12 12:01:18.357000;1;103347;1;1;59800.0000;1;None;None;64600.0000
2753;2023-03-12 12:01:18.357000;1;102170;1;1;4800.0000;1;None;None;64600.0000
2754;2023-03-12 12:13:45.753000;1;103651;1;4;175200.0000;1;None;None;175200.0000
2754;2023-03-12 12:13:45.753000;7;1135;1;1;0.0000;1;None;None;175200.0000
2755;2023-03-12 12:19:25.407000;3;201146;1;1;6800.0000;1;1259.0000;None;13600.0000
2755;2023-03-12 12:19:25.407000;7;2050;1;1;0.0000;1;1259.0000;None;13600.0000
2755;2023-03-12 12:19:25.407000;3;100606;1;1;6800.0000;1;1259.0000;None;13600.0000
2756;2023-03-12 12:51:48.957000;1;100892;1;1;35800.0000;1;None;None;35800.0000
2756;2023-03-12 12:51:48.957000;1;108447;1;1;0.0000;1;None;None;35800.0000
2756;2023-03-12 12:51:48.957000;1;108447;1;1;0.0000;1;None;None;35800.0000
2756;2023-03-12 12:51:48.957000;1;108447;1;1;0.0000;1;None;None;35800.0000
2757;2023-03-12 12:56:02.950000;1;100892;1;1;35800.0000;1;None;None;40600.0000
2757;2023-03-12 12:56:02.950000;1;102172;2;1;4800.0000;1;None;None;40600.0000
2758;2023-03-12 12:59:06.630000;1;103350;1;1;59800.0000;1;None;None;119600.0000
2758;2023-03-12 12:59:06.630000;1;103350;1;1;59800.0000;1;None;None;119600.0000
2758;2023-03-12 12:59:06.630000;1;108447;1;1;0.0000;1;None;None;119600.0000
2758;2023-03-12 12:59:06.630000;1;108447;1;1;0.0000;1;None;None;119600.0000
2758;2023-03-12 12:59:06.630000;1;108447;1;1;0.0000;1;None;None;119600.0000
2759;2023-03-12 13:05:51.067000;1;103350;1;1;59800.0000;1;None;None;119600.0000
2759;2023-03-12 13:05:51.097000;1;103347;1;1;59800.0000;1;None;None;119600.0000
2759;2023-03-12 13:05:51.097000;1;108447;1;1;0.0000;1;None;None;119600.0000
2759;2023-03-12 13:05:51.097000;1;108447;1;1;0.0000;1;None;None;119600.0000
2759;2023-03-12 13:05:51.097000;1;108447;1;1;0.0000;1;None;None;119600.0000
2760;2023-03-12 13:20:04.140000;1;103350;1;1;59800.0000;1;None;None;155400.0000
2760;2023-03-12 13:20:04.140000;1;100894;1;1;35800.0000;1;None;None;155400.0000
2760;2023-03-12 13:20:04.140000;1;103338;1;1;59800.0000;1;None;None;155400.0000
2760;2023-03-12 13:20:04.140000;7;1304;1;1;0.0000;1;None;None;155400.0000
2760;2023-03-12 13:20:04.140000;7;1304;1;1;0.0000;1;None;None;155400.0000
2760;2023-03-12 13:20:04.140000;7;1304;1;1;0.0000;1;None;None;155400.0000
2761;2023-03-12 13:21:45.587000;1;102344;5;1;10800.0000;1;None;None;10800.0000
2762;2023-03-12 13:32:57.920000;1;103354;1;1;59800.0000;1;None;None;59800.0000
2762;2023-03-12 13:32:57.920000;1;108447;1;1;0.0000;1;None;None;59800.0000
2763;2023-03-12 13:39:22.250000;1;103354;1;1;59800.0000;1;None;None;59800.0000
2763;2023-03-12 13:39:22.250000;1;108447;1;1;0.0000;1;None;None;59800.0000
2763;2023-03-12 13:39:22.250000;1;108447;1;1;0.0000;1;None;None;59800.0000
2764;2023-03-12 13:41:36.657000;3;102635;1;3;26400.0000;1;16889.0000;None;182400.0000
2764;2023-03-12 13:41:36.657000;1;104690;1;1;9800.0000;1;16889.0000;None;182400.0000
2764;2023-03-12 13:41:36.657000;1;102003;1;1;9800.0000;1;16889.0000;None;182400.0000
2764;2023-03-12 13:42:14.627000;1;101073;1;1;69800.0000;1;16889.0000;None;182400.0000
2764;2023-03-12 13:42:14.627000;7;1006;1;1;0.0000;1;16889.0000;None;182400.0000
2764;2023-03-12 13:42:14.627000;1;105065;1;1;0.0000;1;16889.0000;None;182400.0000
2764;2023-03-12 13:42:14.627000;1;103340;1;1;30800.0000;1;16889.0000;None;182400.0000
2764;2023-03-12 13:42:14.627000;1;100894;1;1;35800.0000;1;16889.0000;None;182400.0000
2765;2023-03-12 13:44:26.677000;1;103347;1;1;59800.0000;1;None;None;59800.0000
2765;2023-03-12 13:44:26.677000;7;1304;1;1;0.0000;1;None;None;59800.0000
2765;2023-03-12 13:44:26.677000;1;108447;1;1;0.0000;1;None;None;59800.0000
2766;2023-03-12 13:44:47.447000;1;103338;1;1;59800.0000;1;None;None;59800.0000
2766;2023-03-12 13:44:47.447000;7;1304;1;1;0.0000;1;None;None;59800.0000
2766;2023-03-12 13:44:47.447000;1;108447;1;1;0.0000;1;None;None;59800.0000
2767;2023-03-12 13:46:18.570000;1;102170;1;1;4800.0000;1;None;None;4800.0000
2767;2023-03-12 13:46:18.570000;7;1304;1;1;0.0000;1;None;None;4800.0000
2768;2023-03-12 14:13:43.160000;3;201958;1;1;6800.0000;1;8944.0000;None;96600.0000
2768;2023-03-12 14:13:43.160000;3;201211;1;1;6800.0000;1;8944.0000;None;96600.0000
2768;2023-03-12 14:13:43.160000;1;108550;5;1;45800.0000;1;8944.0000;None;96600.0000
2768;2023-03-12 14:43:00.263000;3;201958;1;1;6800.0000;1;8944.0000;None;96600.0000
2768;2023-03-12 14:43:00.263000;7;1207;1;1;0.0000;1;8944.0000;None;96600.0000
2768;2023-03-12 15:09:53.493000;3;100607;1;1;6800.0000;1;8944.0000;None;96600.0000
2768;2023-03-12 15:09:53.493000;3;100607;1;1;6800.0000;1;8944.0000;None;96600.0000
2768;2023-03-12 15:09:53.493000;1;103961;5;1;16800.0000;1;8944.0000;None;96600.0000
2772;2023-03-12 15:28:14.603000;1;103350;1;1;59800.0000;1;17667.0000;None;190800.0000
2772;2023-03-12 15:28:14.603000;1;103347;1;1;59800.0000;1;17667.0000;None;190800.0000
2772;2023-03-12 15:30:10.430000;1;102170;1;1;4800.0000;1;17667.0000;None;190800.0000
2772;2023-03-12 15:30:10.430000;1;102170;1;1;4800.0000;1;17667.0000;None;190800.0000
2772;2023-03-12 15:30:10.430000;1;108447;1;4;0.0000;1;17667.0000;None;190800.0000
2772;2023-03-12 15:32:46.497000;1;101176;1;1;41800.0000;1;17667.0000;None;190800.0000
2772;2023-03-12 15:32:46.497000;1;105421;5;1;19800.0000;1;17667.0000;None;190800.0000
2772;2023-03-12 15:32:46.497000;7;1247;1;1;0.0000;1;17667.0000;None;190800.0000
17967;2023-03-12 10:20:04.340000;3;200004;1;1;9800.0000;1;8111.0000;None;87600.0000
17967;2023-03-12 10:20:04.340000;3;108191;1;1;0.0000;1;8111.0000;None;87600.0000
17967;2023-03-12 10:20:04.340000;3;201146;1;1;6800.0000;1;8111.0000;None;87600.0000
17967;2023-03-12 10:20:04.340000;7;1207;1;1;0.0000;1;8111.0000;None;87600.0000
17967;2023-03-12 10:21:53.553000;1;103116;1;1;14800.0000;1;8111.0000;None;87600.0000
17967;2023-03-12 10:21:53.553000;1;102522;1;1;9800.0000;1;8111.0000;None;87600.0000
17967;2023-03-12 10:22:30.030000;1;102676;1;1;30800.0000;1;8111.0000;None;87600.0000
17967;2023-03-12 10:22:58.420000;3;100614;1;1;5800.0000;1;8111.0000;None;87600.0000
17967;2023-03-12 10:22:58.420000;3;100606;1;1;6800.0000;1;8111.0000;None;87600.0000
17967;2023-03-12 10:22:58.420000;6;105082;1;1;3000.0000;1;8111.0000;None;87600.0000
17968;2023-03-12 10:32:40.573000;3;102649;1;1;5800.0000;1;1611.0000;None;17400.0000
17968;2023-03-12 10:32:40.573000;3;100614;1;1;5800.0000;1;1611.0000;None;17400.0000
17968;2023-03-12 10:33:26.963000;3;100596;1;1;5800.0000;1;1611.0000;None;17400.0000
17971;2023-03-12 10:42:32.227000;3;102630;1;3;26400.0000;1;22945.0000;None;247800.0000
17971;2023-03-12 10:42:32.227000;3;100614;1;1;5800.0000;1;22945.0000;None;247800.0000
17971;2023-03-12 10:42:32.227000;3;100596;1;1;5800.0000;1;22945.0000;None;247800.0000
17971;2023-03-12 10:42:32.227000;3;101333;1;2;31600.0000;1;22945.0000;None;247800.0000
17971;2023-03-12 10:42:32.227000;6;105082;1;2;6000.0000;1;22945.0000;None;247800.0000
17971;2023-03-12 10:42:32.227000;1;100995;1;1;10800.0000;1;22945.0000;None;247800.0000
17971;2023-03-12 10:42:32.227000;1;101197;1;1;17800.0000;1;22945.0000;None;247800.0000
17971;2023-03-12 10:42:32.227000;1;102680;1;1;36800.0000;1;22945.0000;None;247800.0000
17971;2023-03-12 10:42:32.227000;1;100855;1;1;28800.0000;1;22945.0000;None;247800.0000
17971;2023-03-12 10:42:32.227000;1;100855;1;1;28800.0000;1;22945.0000;None;247800.0000
17971;2023-03-12 10:42:32.227000;1;100848;1;1;28800.0000;1;22945.0000;None;247800.0000
17971;2023-03-12 11:24:10.463000;3;100614;1;1;5800.0000;1;22945.0000;None;247800.0000
17971;2023-03-12 11:24:10.463000;3;100596;1;1;5800.0000;1;22945.0000;None;247800.0000
17971;2023-03-12 11:30:13.410000;3;102630;1;1;8800.0000;1;22945.0000;None;247800.0000
17972;2023-03-12 11:25:22.010000;3;201146;1;1;6800.0000;1;9222.0000;None;99600.0000
17972;2023-03-12 11:25:22.010000;3;102635;1;1;8800.0000;1;9222.0000;None;99600.0000
17972;2023-03-12 11:32:07.543000;3;102748;1;1;15800.0000;1;9222.0000;None;99600.0000
17972;2023-03-12 11:32:07.543000;1;104556;1;1;9800.0000;1;9222.0000;None;99600.0000
17972;2023-03-12 11:32:07.543000;7;1006;1;1;0.0000;1;9222.0000;None;99600.0000
17972;2023-03-12 11:32:07.543000;1;102678;1;1;36800.0000;1;9222.0000;None;99600.0000
17972;2023-03-12 11:39:01.577000;3;201146;1;1;6800.0000;1;9222.0000;None;99600.0000
17972;2023-03-12 11:51:42.093000;1;103116;1;1;14800.0000;1;9222.0000;None;99600.0000
17973;2023-03-12 11:37:58.243000;1;109640;1;1;17800.0000;1;None;None;17800.0000
17974;2023-03-12 12:11:34.207000;1;103350;1;2;119600.0000;1;11074.0000;None;119600.0000
17974;2023-03-12 12:11:34.207000;7;1131;1;1;0.0000;1;11074.0000;None;119600.0000
17975;2023-03-12 12:18:21.140000;1;103350;1;-2;-119600.0000;1;-11074.0000;None;-119600.0000
17979;2023-03-12 14:30:24.237000;3;201211;1;2;13600.0000;1;6407.0000;None;69200.0000
17979;2023-03-12 14:30:24.237000;7;1207;1;1;0.0000;1;6407.0000;None;69200.0000
17979;2023-03-12 14:30:24.237000;1;103348;1;1;24800.0000;1;6407.0000;None;69200.0000
17979;2023-03-12 14:30:24.237000;1;103340;1;1;30800.0000;1;6407.0000;None;69200.0000
17980;2023-03-12 16:25:33.200000;3;102748;1;1;15800.0000;1;8722.0000;None;94200.0000
17980;2023-03-12 16:25:33.200000;3;104446;1;1;5800.0000;1;8722.0000;None;94200.0000
17980;2023-03-12 16:29:16.430000;1;103452;5;1;34800.0000;1;8722.0000;None;94200.0000
17980;2023-03-12 16:29:16.430000;1;103410;5;1;37800.0000;1;8722.0000;None;94200.0000
24407;2023-03-12 10:31:40.260000;1;103365;1;1;7800.0000;1;19759.0000;None;213400.0000
24407;2023-03-12 10:31:40.277000;1;103367;1;1;11800.0000;1;19759.0000;None;213400.0000
24407;2023-03-12 10:31:40.277000;3;102630;1;1;8800.0000;1;19759.0000;None;213400.0000
24407;2023-03-12 10:58:28.750000;3;102635;1;1;8800.0000;1;19759.0000;None;213400.0000
24407;2023-03-12 10:58:28.750000;3;102630;1;1;8800.0000;1;19759.0000;None;213400.0000
24407;2023-03-12 10:58:28.750000;1;100995;1;5;54000.0000;1;19759.0000;None;213400.0000
24407;2023-03-12 10:58:28.750000;1;101197;1;1;17800.0000;1;19759.0000;None;213400.0000
24407;2023-03-12 10:58:28.750000;1;100853;1;1;28800.0000;1;19759.0000;None;213400.0000
24407;2023-03-12 10:58:28.750000;1;100851;1;1;23800.0000;1;19759.0000;None;213400.0000
24407;2023-03-12 10:58:28.750000;1;102561;1;1;9800.0000;1;19759.0000;None;213400.0000
24407;2023-03-12 10:58:28.750000;1;104556;1;2;19600.0000;1;19759.0000;None;213400.0000
24407;2023-03-12 10:58:28.750000;7;1006;1;1;0.0000;1;19759.0000;None;213400.0000
24407;2023-03-12 10:58:28.750000;3;100607;1;2;13600.0000;1;19759.0000;None;213400.0000
24407;2023-03-12 10:58:28.750000;7;2009;1;2;0.0000;1;19759.0000;None;213400.0000
24408;2023-03-12 10:50:38.020000;3;102630;1;2;17600.0000;1;16593.0000;None;179200.0000
24408;2023-03-12 10:50:38.020000;3;102635;1;1;8800.0000;1;16593.0000;None;179200.0000
24408;2023-03-12 10:50:38.020000;1;103364;1;1;7800.0000;1;16593.0000;None;179200.0000
24408;2023-03-12 10:59:00.783000;1;100995;1;1;10800.0000;1;16593.0000;None;179200.0000
24408;2023-03-12 10:59:00.783000;1;100846;1;1;30800.0000;1;16593.0000;None;179200.0000
24408;2023-03-12 10:59:00.783000;1;100851;1;1;23800.0000;1;16593.0000;None;179200.0000
24408;2023-03-12 10:59:00.783000;1;100851;1;1;23800.0000;1;16593.0000;None;179200.0000
24408;2023-03-12 10:59:00.783000;7;1135;1;1;0.0000;1;16593.0000;None;179200.0000
24408;2023-03-12 10:59:37.130000;3;101333;1;2;31600.0000;1;16593.0000;None;179200.0000
24408;2023-03-12 10:59:37.130000;3;100607;1;1;6800.0000;1;16593.0000;None;179200.0000
24408;2023-03-12 10:59:37.130000;7;2009;1;1;0.0000;1;16593.0000;None;179200.0000
24408;2023-03-12 10:59:37.130000;7;1207;1;1;0.0000;1;16593.0000;None;179200.0000
24408;2023-03-12 11:38:33.737000;3;100614;1;1;5800.0000;1;16593.0000;None;179200.0000
24408;2023-03-12 12:02:25.020000;3;100614;1;2;11600.0000;1;16593.0000;None;179200.0000
24409;2023-03-12 11:31:24.507000;2;102537;1;1;84800.0000;1;10704.0000;None;115600.0000
24409;2023-03-12 11:31:24.507000;7;1207;1;1;0.0000;1;10704.0000;None;115600.0000
24409;2023-03-12 11:31:24.507000;2;100988;1;1;30800.0000;1;10704.0000;None;115600.0000
24410;2023-03-12 12:21:53.867000;3;102619;1;1;7800.0000;1;10741.0000;None;116000.0000
24410;2023-03-12 12:22:17.337000;3;100607;1;1;6800.0000;1;10741.0000;None;116000.0000
24410;2023-03-12 12:22:17.337000;6;105082;1;1;3000.0000;1;10741.0000;None;116000.0000
24410;2023-03-12 12:22:49.590000;1;103204;1;1;65800.0000;1;10741.0000;None;116000.0000
24410;2023-03-12 12:22:49.590000;7;1303;1;1;0.0000;1;10741.0000;None;116000.0000
24410;2023-03-12 12:24:02.677000;3;100607;1;-1;-6800.0000;1;10741.0000;None;116000.0000
24410;2023-03-12 12:24:02.677000;6;105082;1;-1;-3000.0000;1;10741.0000;None;116000.0000
24410;2023-03-12 12:24:02.677000;2;101746;5;1;30800.0000;1;10741.0000;None;116000.0000
24410;2023-03-12 12:42:25.263000;3;201146;1;1;6800.0000;1;10741.0000;None;116000.0000
24410;2023-03-12 12:55:32.817000;3;104554;1;1;4800.0000;1;10741.0000;None;116000.0000
24411;2023-03-12 12:50:14.807000;1;103354;1;1;59800.0000;1;9537.0000;None;103000.0000
24411;2023-03-12 12:50:54.727000;2;201187;1;1;10800.0000;1;9537.0000;None;103000.0000
24411;2023-03-12 12:50:54.727000;2;201187;1;1;10800.0000;1;9537.0000;None;103000.0000
24411;2023-03-12 12:50:54.727000;1;102228;1;1;10800.0000;1;9537.0000;None;103000.0000
24411;2023-03-12 13:11:43.720000;2;201187;1;1;10800.0000;1;9537.0000;None;103000.0000
24412;2023-03-12 12:52:19.843000;2;201615;1;1;14800.0000;1;16815.0000;None;181600.0000
24412;2023-03-12 13:07:20.383000;3;201146;1;1;6800.0000;1;16815.0000;None;181600.0000
24412;2023-03-12 13:07:20.383000;3;201958;1;1;6800.0000;1;16815.0000;None;181600.0000
24412;2023-03-12 13:16:10.917000;1;100892;1;1;35800.0000;1;16815.0000;None;181600.0000
24412;2023-03-12 13:16:10.917000;1;100896;1;1;35800.0000;1;16815.0000;None;181600.0000
24412;2023-03-12 13:23:27.267000;2;201615;1;1;14800.0000;1;16815.0000;None;181600.0000
24412;2023-03-12 13:40:01.937000;1;100894;1;1;35800.0000;1;16815.0000;None;181600.0000
24412;2023-03-12 14:14:01.047000;3;100614;1;3;17400.0000;1;16815.0000;None;181600.0000
24412;2023-03-12 14:14:01.047000;3;100606;1;2;13600.0000;1;16815.0000;None;181600.0000
24413;2023-03-12 12:54:45.007000;2;201615;1;1;14800.0000;1;16648.0000;None;179800.0000
24413;2023-03-12 12:54:45.007000;2;200480;1;1;12800.0000;1;16648.0000;None;179800.0000
24413;2023-03-12 13:37:10.010000;2;200480;1;1;12800.0000;1;16648.0000;None;179800.0000
24413;2023-03-12 13:37:10.010000;2;201615;1;1;14800.0000;1;16648.0000;None;179800.0000
24413;2023-03-12 13:37:10.010000;1;103381;1;1;58800.0000;1;16648.0000;None;179800.0000
24413;2023-03-12 13:37:10.010000;7;1001;1;1;0.0000;1;16648.0000;None;179800.0000
24413;2023-03-12 13:37:10.010000;7;1001;1;1;0.0000;1;16648.0000;None;179800.0000
24413;2023-03-12 13:37:10.010000;1;104294;1;1;65800.0000;1;16648.0000;None;179800.0000
24413;2023-03-12 13:37:10.010000;7;1006;1;1;0.0000;1;16648.0000;None;179800.0000
24413;2023-03-12 13:37:10.010000;6;101518;1;1;0.0000;1;16648.0000;None;179800.0000
24414;2023-03-12 13:03:33.127000;2;201615;1;2;29600.0000;1;13982.0000;None;151000.0000
24414;2023-03-12 13:03:33.127000;3;200008;1;1;15800.0000;1;13982.0000;None;151000.0000
24414;2023-03-12 13:03:33.127000;7;2094;1;2;0.0000;1;13982.0000;None;151000.0000
24414;2023-03-12 13:03:33.127000;1;108550;5;1;45800.0000;1;13982.0000;None;151000.0000
24414;2023-03-12 13:03:33.127000;1;103347;1;1;59800.0000;1;13982.0000;None;151000.0000
24414;2023-03-12 13:06:22.803000;3;101641;1;1;0.0000;1;13982.0000;None;151000.0000
24414;2023-03-12 13:06:22.803000;3;101641;1;1;0.0000;1;13982.0000;None;151000.0000
24415;2023-03-12 13:04:56.633000;2;201615;1;1;14800.0000;1;9278.0000;None;100200.0000
24415;2023-03-12 13:04:56.633000;2;201615;1;1;14800.0000;1;9278.0000;None;100200.0000
24415;2023-03-12 13:04:56.633000;1;103347;1;1;59800.0000;1;9278.0000;None;100200.0000
24415;2023-03-12 13:04:56.633000;1;102228;1;1;10800.0000;1;9278.0000;None;100200.0000
24416;2023-03-12 13:19:30.403000;3;201237;1;1;6800.0000;1;8963.0000;None;96800.0000
24416;2023-03-12 13:19:30.403000;3;201237;1;1;6800.0000;1;8963.0000;None;96800.0000
24416;2023-03-12 13:19:30.403000;3;201211;1;1;6800.0000;1;8963.0000;None;96800.0000
24416;2023-03-12 13:24:54.880000;3;101641;1;1;0.0000;1;8963.0000;None;96800.0000
24416;2023-03-12 13:27:44.313000;7;1305;1;1;0.0000;1;8963.0000;None;96800.0000
24416;2023-03-12 13:30:30.173000;1;103441;5;1;31800.0000;1;8963.0000;None;96800.0000
24416;2023-03-12 13:30:30.173000;7;1058;1;1;0.0000;1;8963.0000;None;96800.0000
24416;2023-03-12 13:30:30.173000;1;102437;5;1;37800.0000;1;8963.0000;None;96800.0000
24416;2023-03-12 13:54:48.033000;3;201211;1;1;6800.0000;1;8963.0000;None;96800.0000
24416;2023-03-12 13:54:48.033000;3;101641;1;1;0.0000;1;8963.0000;None;96800.0000
24417;2023-03-12 13:20:36.207000;3;201269;1;1;6800.0000;1;20389.0000;None;220200.0000
24417;2023-03-12 13:20:36.207000;3;108191;1;1;0.0000;1;20389.0000;None;220200.0000
24417;2023-03-12 13:20:36.207000;3;201211;1;1;6800.0000;1;20389.0000;None;220200.0000
24417;2023-03-12 13:20:36.207000;7;1207;1;1;0.0000;1;20389.0000;None;220200.0000
24417;2023-03-12 13:22:44.523000;3;200004;1;1;9800.0000;1;20389.0000;None;220200.0000
24417;2023-03-12 13:22:44.523000;3;108191;1;1;0.0000;1;20389.0000;None;220200.0000
24417;2023-03-12 13:25:06.540000;3;201269;1;1;6800.0000;1;20389.0000;None;220200.0000
24417;2023-03-12 13:25:06.540000;3;108191;1;1;0.0000;1;20389.0000;None;220200.0000
24417;2023-03-12 13:36:46.073000;1;100892;1;1;35800.0000;1;20389.0000;None;220200.0000
24417;2023-03-12 13:36:46.073000;1;100891;1;1;35800.0000;1;20389.0000;None;220200.0000
24417;2023-03-12 13:36:46.073000;7;1050;1;1;0.0000;1;20389.0000;None;220200.0000
24417;2023-03-12 13:36:46.073000;7;1050;1;1;0.0000;1;20389.0000;None;220200.0000
24417;2023-03-12 13:38:18.937000;1;103111;5;1;0.0000;1;20389.0000;None;220200.0000
24417;2023-03-12 13:41:13.880000;3;101641;1;3;0.0000;1;20389.0000;None;220200.0000
24417;2023-03-12 13:58:54.477000;3;201211;1;1;6800.0000;1;20389.0000;None;220200.0000
24417;2023-03-12 14:22:01.240000;3;201146;1;1;6800.0000;1;20389.0000;None;220200.0000
24417;2023-03-12 14:22:01.240000;3;201146;1;1;6800.0000;1;20389.0000;None;220200.0000
24417;2023-03-12 14:26:34.433000;3;100614;1;1;5800.0000;1;20389.0000;None;220200.0000
24417;2023-03-12 14:27:03.317000;1;104293;1;1;44800.0000;1;20389.0000;None;220200.0000
24417;2023-03-12 14:27:03.317000;7;1006;1;1;0.0000;1;20389.0000;None;220200.0000
24417;2023-03-12 14:27:03.317000;1;101433;2;1;0.0000;1;20389.0000;None;220200.0000
24417;2023-03-12 14:27:03.317000;1;103340;1;1;30800.0000;1;20389.0000;None;220200.0000
24417;2023-03-12 14:43:59.900000;1;102228;1;1;10800.0000;1;20389.0000;None;220200.0000
24417;2023-03-12 14:50:35.667000;3;100614;1;1;5800.0000;1;20389.0000;None;220200.0000
24418;2023-03-12 13:26:39.880000;1;102982;1;1;59800.0000;1;5537.0000;None;59800.0000
24418;2023-03-12 13:26:39.880000;7;1006;1;1;0.0000;1;5537.0000;None;59800.0000
24418;2023-03-12 13:26:39.880000;1;101522;1;1;0.0000;1;5537.0000;None;59800.0000
24418;2023-03-12 13:26:39.880000;7;1135;1;1;0.0000;1;5537.0000;None;59800.0000
24419;2023-03-12 13:26:49.430000;2;201615;1;1;14800.0000;1;10185.0000;None;110000.0000
24419;2023-03-12 13:29:38.773000;1;100892;1;1;35800.0000;1;10185.0000;None;110000.0000
24419;2023-03-12 13:29:38.773000;1;100896;1;1;35800.0000;1;10185.0000;None;110000.0000
24419;2023-03-12 13:31:13;3;102635;1;1;8800.0000;1;10185.0000;None;110000.0000
24419;2023-03-12 13:45:08.253000;2;201615;1;1;14800.0000;1;10185.0000;None;110000.0000
24420;2023-03-12 13:34:14.493000;3;102657;1;1;12800.0000;1;12019.0000;None;129800.0000
24420;2023-03-12 13:34:14.493000;7;1207;1;1;0.0000;1;12019.0000;None;129800.0000
24420;2023-03-12 13:34:14.493000;2;201187;1;1;10800.0000;1;12019.0000;None;129800.0000
24420;2023-03-12 13:35:40.143000;1;102368;1;1;44800.0000;1;12019.0000;None;129800.0000
24420;2023-03-12 13:35:40.143000;1;102172;2;1;4800.0000;1;12019.0000;None;129800.0000
24420;2023-03-12 13:45:53.473000;1;102363;1;1;49800.0000;1;12019.0000;None;129800.0000
24420;2023-03-12 13:56:08.807000;3;201211;1;1;6800.0000;1;12019.0000;None;129800.0000
24421;2023-03-12 13:44:59.873000;3;202134;1;1;9800.0000;1;12759.0000;None;137800.0000
24421;2023-03-12 13:44:59.873000;3;102748;1;1;15800.0000;1;12759.0000;None;137800.0000
24421;2023-03-12 13:44:59.873000;3;102747;1;1;4800.0000;1;12759.0000;None;137800.0000
24421;2023-03-12 13:44:59.873000;7;2072;1;1;0.0000;1;12759.0000;None;137800.0000
24421;2023-03-12 13:44:59.873000;1;100892;1;1;35800.0000;1;12759.0000;None;137800.0000
24421;2023-03-12 13:44:59.873000;1;100891;1;1;35800.0000;1;12759.0000;None;137800.0000
24421;2023-03-12 13:44:59.873000;1;100896;1;1;35800.0000;1;12759.0000;None;137800.0000
24421;2023-03-12 13:44:59.873000;7;1050;1;1;0.0000;1;12759.0000;None;137800.0000
24421;2023-03-12 13:44:59.873000;7;1050;1;1;0.0000;1;12759.0000;None;137800.0000
24422;2023-03-12 13:46:44.347000;3;102747;1;1;4800.0000;1;9815.0000;None;106000.0000
24422;2023-03-12 14:02:35.363000;1;104293;1;1;44800.0000;1;9815.0000;None;106000.0000
24422;2023-03-12 14:02:35.363000;7;1007;1;1;0.0000;1;9815.0000;None;106000.0000
24422;2023-03-12 14:02:35.363000;1;105065;1;1;0.0000;1;9815.0000;None;106000.0000
24422;2023-03-12 14:02:35.363000;1;104293;1;1;44800.0000;1;9815.0000;None;106000.0000
24422;2023-03-12 14:02:35.363000;7;1007;1;1;0.0000;1;9815.0000;None;106000.0000
24422;2023-03-12 14:02:35.363000;1;101433;2;1;0.0000;1;9815.0000;None;106000.0000
24422;2023-03-12 14:21:22.947000;1;102170;1;1;4800.0000;1;9815.0000;None;106000.0000
24422;2023-03-12 14:25:34.740000;3;201958;1;1;6800.0000;1;9815.0000;None;106000.0000
24423;2023-03-12 13:51:01.203000;2;201187;1;1;10800.0000;1;7444.0000;None;80400.0000
24423;2023-03-12 13:51:01.203000;3;200004;1;1;9800.0000;1;7444.0000;None;80400.0000
24423;2023-03-12 13:51:01.203000;3;101641;1;1;0.0000;1;7444.0000;None;80400.0000
24423;2023-03-12 13:51:01.203000;1;103338;1;1;59800.0000;1;7444.0000;None;80400.0000
24424;2023-03-12 13:55:04.757000;3;200004;1;1;9800.0000;1;44259.0000;None;478000.0000
24424;2023-03-12 13:55:04.757000;2;101746;5;1;30800.0000;1;44259.0000;None;478000.0000
24424;2023-03-12 13:55:04.757000;7;2008;1;1;0.0000;1;44259.0000;None;478000.0000
24424;2023-03-12 13:59:09.533000;3;201211;1;1;6800.0000;1;44259.0000;None;478000.0000
24424;2023-03-12 13:59:09.533000;3;101641;1;1;0.0000;1;44259.0000;None;478000.0000
24424;2023-03-12 14:11:20.150000;1;101113;1;1;48800.0000;1;44259.0000;None;478000.0000
24424;2023-03-12 14:11:20.150000;1;101244;1;1;29800.0000;1;44259.0000;None;478000.0000
24424;2023-03-12 14:11:20.150000;3;101410;1;1;0.0000;1;44259.0000;None;478000.0000
24424;2023-03-12 14:11:20.150000;1;103354;1;2;119600.0000;1;44259.0000;None;478000.0000
24424;2023-03-12 14:13:50.587000;3;201958;1;2;13600.0000;1;44259.0000;None;478000.0000
24424;2023-03-12 14:13:50.587000;3;200004;1;1;9800.0000;1;44259.0000;None;478000.0000
24424;2023-03-12 14:13:50.587000;3;101641;1;1;0.0000;1;44259.0000;None;478000.0000
24424;2023-03-12 14:13:50.587000;2;101746;5;1;30800.0000;1;44259.0000;None;478000.0000
24424;2023-03-12 14:41:24.903000;3;201958;1;1;6800.0000;1;44259.0000;None;478000.0000
24424;2023-03-12 14:41:24.903000;3;201211;1;2;13600.0000;1;44259.0000;None;478000.0000
24424;2023-03-12 14:41:24.903000;3;101641;1;1;0.0000;1;44259.0000;None;478000.0000
24424;2023-03-12 14:41:24.903000;3;201237;1;1;6800.0000;1;44259.0000;None;478000.0000
24424;2023-03-12 14:41:24.903000;3;101641;1;1;0.0000;1;44259.0000;None;478000.0000
24424;2023-03-12 14:41:24.903000;2;201187;1;1;10800.0000;1;44259.0000;None;478000.0000
24424;2023-03-12 14:11:20.150000;1;103347;1;1;59800.0000;1;44259.0000;None;478000.0000
24424;2023-03-12 15:10:26.627000;1;103961;5;1;16800.0000;1;44259.0000;None;478000.0000
24424;2023-03-12 15:10:42.417000;3;102102;1;3;29400.0000;1;44259.0000;None;478000.0000
24424;2023-03-12 15:10:42.417000;3;100613;1;3;17400.0000;1;44259.0000;None;478000.0000
24424;2023-03-12 15:18:29.297000;1;103961;5;1;16800.0000;1;44259.0000;None;478000.0000
24425;2023-03-12 13:57:39.947000;3;200004;1;1;9800.0000;1;14778.0000;None;159600.0000
24425;2023-03-12 13:57:39.947000;3;108191;1;1;0.0000;1;14778.0000;None;159600.0000
24425;2023-03-12 13:57:39.947000;3;102619;1;1;7800.0000;1;14778.0000;None;159600.0000
24425;2023-03-12 14:08:02.547000;1;103338;1;2;119600.0000;1;14778.0000;None;159600.0000
24425;2023-03-12 14:10:46.863000;3;201211;1;1;6800.0000;1;14778.0000;None;159600.0000
24425;2023-03-12 14:28:42.497000;2;201182;1;1;9800.0000;1;14778.0000;None;159600.0000
24425;2023-03-12 14:56:32.677000;3;100614;1;1;5800.0000;1;14778.0000;None;159600.0000
24426;2023-03-12 14:23:30.520000;3;201958;1;1;6800.0000;1;8704.0000;None;94000.0000
24426;2023-03-12 14:23:30.520000;2;201615;1;1;14800.0000;1;8704.0000;None;94000.0000
24426;2023-03-12 14:30:43.740000;1;103452;5;1;34800.0000;1;8704.0000;None;94000.0000
24426;2023-03-12 14:30:43.740000;1;103340;1;1;30800.0000;1;8704.0000;None;94000.0000
24426;2023-03-12 14:50:14.710000;3;201958;1;1;6800.0000;1;8704.0000;None;94000.0000
24427;2023-03-12 14:40:41.630000;3;102749;1;1;5800.0000;1;1074.0000;None;11600.0000
24427;2023-03-12 14:40:41.630000;3;102749;1;1;5800.0000;1;1074.0000;None;11600.0000
24427;2023-03-12 14:40:41.630000;7;1207;1;1;0.0000;1;1074.0000;None;11600.0000
24429;2023-03-12 15:14:27.963000;3;201146;1;2;13600.0000;1;1259.0000;None;13600.0000
24429;2023-03-12 15:21:52.967000;3;101641;1;2;0.0000;1;1259.0000;None;13600.0000
24430;2023-03-12 15:14:59.793000;3;100614;1;1;5800.0000;1;3074.0000;None;33200.0000
24430;2023-03-12 15:14:59.793000;3;100614;1;1;5800.0000;1;3074.0000;None;33200.0000
24430;2023-03-12 15:14:59.793000;3;100999;1;1;5800.0000;1;3074.0000;None;33200.0000
24430;2023-03-12 15:14:59.793000;1;103372;5;1;15800.0000;1;3074.0000;None;33200.0000
24431;2023-03-12 15:21:23.880000;2;201182;1;1;9800.0000;1;12167.0000;None;131400.0000
24431;2023-03-12 15:05:09.853000;1;101113;1;1;48800.0000;1;12167.0000;None;131400.0000
24431;2023-03-12 15:05:09.853000;2;201182;1;1;9800.0000;1;12167.0000;None;131400.0000
24431;2023-03-12 15:05:09.853000;2;201182;1;1;9800.0000;1;12167.0000;None;131400.0000
24431;2023-03-12 15:05:09.853000;1;103338;1;1;59800.0000;1;12167.0000;None;131400.0000
24431;2023-03-12 15:07:17.190000;1;102961;5;1;22800.0000;1;12167.0000;None;131400.0000
24431;2023-03-12 15:09:54.323000;1;101113;1;-1;-48800.0000;1;12167.0000;None;131400.0000
24431;2023-03-12 15:18:26.017000;1;102299;5;1;4800.0000;1;12167.0000;None;131400.0000
24431;2023-03-12 15:39:18.517000;1;102299;5;1;4800.0000;1;12167.0000;None;131400.0000
24431;2023-03-12 15:47:27.637000;2;201182;1;1;9800.0000;1;12167.0000;None;131400.0000
24432;2023-03-12 15:33:22.173000;3;201958;1;1;6800.0000;1;7963.0000;None;86000.0000
24432;2023-03-12 15:33:22.173000;3;201211;1;1;6800.0000;1;7963.0000;None;86000.0000
24432;2023-03-12 14:11:20.150000;1;103347;1;1;59800.0000;1;7963.0000;None;86000.0000
24432;2023-03-12 15:58:44.487000;3;100614;1;1;5800.0000;1;7963.0000;None;86000.0000
24432;2023-03-12 15:58:44.487000;3;201958;1;1;6800.0000;1;7963.0000;None;86000.0000
24433;2023-03-12 15:38:10.950000;3;202134;1;1;9800.0000;1;10296.0000;None;111200.0000
24433;2023-03-12 15:38:10.950000;3;202112;1;1;9800.0000;1;10296.0000;None;111200.0000
24433;2023-03-12 15:38:10.950000;1;101659;1;1;46800.0000;1;10296.0000;None;111200.0000
24433;2023-03-12 15:38:10.950000;1;104293;1;1;44800.0000;1;10296.0000;None;111200.0000
24433;2023-03-12 15:38:10.950000;7;1002;1;1;0.0000;1;10296.0000;None;111200.0000
24433;2023-03-12 15:38:10.950000;1;101522;1;1;0.0000;1;10296.0000;None;111200.0000
24434;2023-03-12 15:50:06.590000;3;201958;1;1;6800.0000;1;14898.0000;None;160900.0000
24434;2023-03-12 15:50:06.590000;3;102748;1;2;31600.0000;1;14898.0000;None;160900.0000
24434;2023-03-12 15:50:06.590000;2;201615;1;1;14800.0000;1;14898.0000;None;160900.0000
24434;2023-03-12 15:55:29.337000;1;103452;5;1;34800.0000;1;14898.0000;None;160900.0000
24434;2023-03-12 15:55:29.337000;3;102748;1;1;15800.0000;1;14898.0000;None;160900.0000
24434;2023-03-12 15:55:29.337000;1;102222;5;1;2500.0000;1;14898.0000;None;160900.0000
24434;2023-03-12 16:13:09.027000;3;102748;1;1;15800.0000;1;14898.0000;None;160900.0000
24434;2023-03-12 16:35:11.237000;3;104554;1;1;4800.0000;1;14898.0000;None;160900.0000
24434;2023-03-12 16:35:11.237000;3;100999;1;1;5800.0000;1;14898.0000;None;160900.0000
24434;2023-03-12 16:35:11.237000;3;100614;1;2;11600.0000;1;14898.0000;None;160900.0000
24434;2023-03-12 17:10:11.720000;3;201146;1;1;6800.0000;1;14898.0000;None;160900.0000
24434;2023-03-12 17:10:11.720000;3;102637;1;1;9800.0000;1;14898.0000;None;160900.0000
24435;2023-03-12 15:58:25.913000;3;102747;1;1;4800.0000;1;18407.0000;None;198800.0000
24435;2023-03-12 15:58:25.913000;3;102747;1;1;4800.0000;1;18407.0000;None;198800.0000
24435;2023-03-12 15:58:25.913000;2;201182;1;1;9800.0000;1;18407.0000;None;198800.0000
24435;2023-03-12 16:00:23.800000;1;104293;1;1;44800.0000;1;18407.0000;None;198800.0000
24435;2023-03-12 16:00:23.800000;7;1302;1;1;0.0000;1;18407.0000;None;198800.0000
24435;2023-03-12 16:00:23.800000;1;101433;2;1;0.0000;1;18407.0000;None;198800.0000
24435;2023-03-12 16:00:23.800000;1;102758;1;1;66800.0000;1;18407.0000;None;198800.0000
24435;2023-03-12 16:00:23.800000;7;1302;1;1;0.0000;1;18407.0000;None;198800.0000
24435;2023-03-12 16:00:23.800000;1;101433;2;1;0.0000;1;18407.0000;None;198800.0000
24435;2023-03-12 16:00:23.800000;1;103535;1;1;67800.0000;1;18407.0000;None;198800.0000
24435;2023-03-12 16:00:23.800000;7;1006;1;1;0.0000;1;18407.0000;None;198800.0000
24435;2023-03-12 16:00:23.800000;1;101433;2;1;0.0000;1;18407.0000;None;198800.0000
34652;2023-03-12 10:40:03.623000;3;100606;1;1;6800.0000;1;1259.0000;None;13600.0000
34652;2023-03-12 11:24:51.543000;3;100606;1;1;6800.0000;1;1259.0000;None;13600.0000
34653;2023-03-12 11:01:55.720000;3;100606;1;1;6800.0000;1;1259.0000;None;13600.0000
34653;2023-03-12 11:01:55.720000;7;2009;1;1;0.0000;1;1259.0000;None;13600.0000
34653;2023-03-12 11:32:37.033000;3;201211;1;1;6800.0000;1;1259.0000;None;13600.0000
34655;2023-03-12 13:13:59.553000;1;102234;1;1;4800.0000;1;13926.0000;None;150400.0000
34655;2023-03-12 13:13:59.553000;7;1135;1;1;0.0000;1;13926.0000;None;150400.0000
34655;2023-03-12 13:13:59.553000;1;100974;1;1;17800.0000;1;13926.0000;None;150400.0000
34655;2023-03-12 13:13:59.553000;1;103205;1;1;62800.0000;1;13926.0000;None;150400.0000
34655;2023-03-12 13:13:59.553000;1;102484;1;1;32800.0000;1;13926.0000;None;150400.0000
34655;2023-03-12 13:13:59.553000;7;1302;1;1;0.0000;1;13926.0000;None;150400.0000
34655;2023-03-12 13:13:59.553000;3;102635;1;1;8800.0000;1;13926.0000;None;150400.0000
34655;2023-03-12 13:13:59.553000;3;102637;1;1;9800.0000;1;13926.0000;None;150400.0000
34655;2023-03-12 13:13:59.553000;3;201269;1;1;6800.0000;1;13926.0000;None;150400.0000
34655;2023-03-12 13:13:59.553000;3;108191;1;1;0.0000;1;13926.0000;None;150400.0000
34655;2023-03-12 13:13:59.553000;3;201237;1;1;6800.0000;1;13926.0000;None;150400.0000
34655;2023-03-12 13:13:59.553000;3;108191;1;1;0.0000;1;13926.0000;None;150400.0000
34656;2023-03-12 13:28:51.140000;3;200008;1;1;15800.0000;1;10611.0000;None;114600.0000
34656;2023-03-12 13:28:51.140000;7;1207;1;1;0.0000;1;10611.0000;None;114600.0000
34656;2023-03-12 13:39:49.190000;3;100596;1;1;5800.0000;1;10611.0000;None;114600.0000
34656;2023-03-12 13:39:49.190000;3;100614;1;1;5800.0000;1;10611.0000;None;114600.0000
34656;2023-03-12 13:39:49.190000;1;109406;1;1;33800.0000;1;10611.0000;None;114600.0000
34656;2023-03-12 13:39:49.190000;7;1006;1;1;0.0000;1;10611.0000;None;114600.0000
34656;2023-03-12 13:39:49.190000;1;102480;1;1;41800.0000;1;10611.0000;None;114600.0000
34656;2023-03-12 13:39:49.190000;7;1006;1;1;0.0000;1;10611.0000;None;114600.0000
34656;2023-03-12 14:02:50.880000;3;100596;1;1;5800.0000;1;10611.0000;None;114600.0000
34656;2023-03-12 14:02:50.880000;3;100596;1;1;5800.0000;1;10611.0000;None;114600.0000
34657;2023-03-12 13:41:44.637000;1;108550;5;1;45800.0000;1;14574.0000;None;157400.0000
34657;2023-03-12 13:41:44.637000;1;103467;5;1;31800.0000;1;14574.0000;None;157400.0000
34657;2023-03-12 13:41:44.637000;1;103471;5;1;34800.0000;1;14574.0000;None;157400.0000
34657;2023-03-12 13:41:44.637000;3;104446;1;1;5800.0000;1;14574.0000;None;157400.0000
34657;2023-03-12 13:41:44.637000;3;102748;1;1;15800.0000;1;14574.0000;None;157400.0000
34657;2023-03-12 13:41:44.637000;3;201958;1;1;6800.0000;1;14574.0000;None;157400.0000
34657;2023-03-12 14:49:43.567000;3;201958;1;1;6800.0000;1;14574.0000;None;157400.0000
34657;2023-03-12 14:49:43.567000;3;200004;1;1;9800.0000;1;14574.0000;None;157400.0000
34658;2023-03-12 13:42:49.417000;3;102748;1;1;15800.0000;1;4482.0000;None;48400.0000
34658;2023-03-12 13:42:49.417000;1;102914;1;1;26800.0000;1;4482.0000;None;48400.0000
34658;2023-03-12 14:11:49.630000;3;100596;1;1;5800.0000;1;4482.0000;None;48400.0000
34659;2023-03-12 13:55:59.400000;3;100999;1;1;5800.0000;1;2241.0000;None;24200.0000
34659;2023-03-12 13:55:59.400000;3;100999;1;1;5800.0000;1;2241.0000;None;24200.0000
34659;2023-03-12 13:55:59.400000;7;2072;1;1;0.0000;1;2241.0000;None;24200.0000
34659;2023-03-12 13:55:59.400000;3;100614;1;1;5800.0000;1;2241.0000;None;24200.0000
34659;2023-03-12 14:20:04.377000;3;201146;1;1;6800.0000;1;2241.0000;None;24200.0000
34660;2023-03-12 13:59:07.610000;3;201146;1;1;6800.0000;1;39334.0000;None;424800.0000
34660;2023-03-12 13:59:07.610000;3;102749;1;2;11600.0000;1;39334.0000;None;424800.0000
34660;2023-03-12 13:59:07.610000;3;201211;1;2;13600.0000;1;39334.0000;None;424800.0000
34660;2023-03-12 13:59:07.610000;1;104690;1;5;49000.0000;1;39334.0000;None;424800.0000
34660;2023-03-12 13:59:51.540000;1;104293;1;1;44800.0000;1;39334.0000;None;424800.0000
34660;2023-03-12 13:59:51.540000;7;1006;1;1;0.0000;1;39334.0000;None;424800.0000
34660;2023-03-12 13:59:51.540000;1;101522;1;1;0.0000;1;39334.0000;None;424800.0000
34660;2023-03-12 13:59:51.540000;1;102982;1;5;299000.0000;1;39334.0000;None;424800.0000
34660;2023-03-12 13:59:51.540000;7;1006;1;1;0.0000;1;39334.0000;None;424800.0000
34660;2023-03-12 13:59:51.540000;1;101522;1;1;0.0000;1;39334.0000;None;424800.0000
34661;2023-03-12 14:00:19.867000;3;200008;1;1;15800.0000;1;15093.0000;None;163000.0000
34661;2023-03-12 14:00:19.867000;7;2008;1;2;0.0000;1;15093.0000;None;163000.0000
34661;2023-03-12 14:09:04.297000;1;103534;1;1;67800.0000;1;15093.0000;None;163000.0000
34661;2023-03-12 14:09:04.297000;7;1006;1;1;0.0000;1;15093.0000;None;163000.0000
34661;2023-03-12 14:09:04.297000;1;101433;2;1;0.0000;1;15093.0000;None;163000.0000
34661;2023-03-12 14:09:04.297000;1;104294;1;1;65800.0000;1;15093.0000;None;163000.0000
34661;2023-03-12 14:09:04.297000;7;1302;1;1;0.0000;1;15093.0000;None;163000.0000
34661;2023-03-12 14:09:04.297000;6;101518;1;1;0.0000;1;15093.0000;None;163000.0000
34661;2023-03-12 14:09:04.297000;3;102635;1;1;8800.0000;1;15093.0000;None;163000.0000
34661;2023-03-12 14:09:04.297000;3;102747;1;1;4800.0000;1;15093.0000;None;163000.0000
34662;2023-03-12 14:06:55.727000;1;101954;1;1;19800.0000;1;5852.0000;None;63200.0000
34662;2023-03-12 14:06:55.727000;3;201146;1;1;6800.0000;1;5852.0000;None;63200.0000
34662;2023-03-12 14:06:55.727000;1;101270;5;2;0.0000;1;5852.0000;None;63200.0000
34662;2023-03-12 14:06:55.727000;3;201146;1;1;6800.0000;1;5852.0000;None;63200.0000
34662;2023-03-12 14:06:55.727000;1;101254;1;1;29800.0000;1;5852.0000;None;63200.0000
34662;2023-03-12 14:06:55.727000;3;101410;1;1;0.0000;1;5852.0000;None;63200.0000
34662;2023-03-12 14:06:55.727000;3;101410;1;1;0.0000;1;5852.0000;None;63200.0000
34662;2023-03-12 14:06:55.727000;3;101410;1;1;0.0000;1;5852.0000;None;63200.0000
34663;2023-03-12 14:24:40.737000;3;104554;1;1;4800.0000;1;1611.0000;None;17400.0000
34663;2023-03-12 14:24:40.737000;3;100614;1;1;5800.0000;1;1611.0000;None;17400.0000
34663;2023-03-12 14:50:59.020000;3;200004;1;1;9800.0000;1;1611.0000;None;17400.0000
34663;2023-03-12 14:57:53.343000;3;200004;1;-1;-9800.0000;1;1611.0000;None;17400.0000
34663;2023-03-12 14:57:53.343000;7;2094;1;-2;0.0000;1;1611.0000;None;17400.0000
34663;2023-03-12 14:57:53.343000;3;201146;1;1;6800.0000;1;1611.0000;None;17400.0000
34664;2023-03-12 14:48:14.593000;2;201187;1;1;10800.0000;1;17000.0000;None;183600.0000
34664;2023-03-12 14:48:14.593000;3;108191;1;1;0.0000;1;17000.0000;None;183600.0000
34664;2023-03-12 14:48:14.593000;2;201615;1;1;14800.0000;1;17000.0000;None;183600.0000
34664;2023-03-12 14:48:14.593000;1;101954;1;1;19800.0000;1;17000.0000;None;183600.0000
34664;2023-03-12 15:01:06.603000;1;102914;1;1;26800.0000;1;17000.0000;None;183600.0000
34664;2023-03-12 15:01:06.603000;1;109458;1;1;26800.0000;1;17000.0000;None;183600.0000
34664;2023-03-12 15:01:06.603000;1;104727;1;1;69800.0000;1;17000.0000;None;183600.0000
34664;2023-03-12 15:01:06.603000;7;1006;1;1;0.0000;1;17000.0000;None;183600.0000
34664;2023-03-12 15:01:06.603000;1;101522;1;1;0.0000;1;17000.0000;None;183600.0000
34664;2023-03-12 15:15:01.657000;2;201615;1;1;14800.0000;1;17000.0000;None;183600.0000
34665;2023-03-12 15:04:48.230000;3;201269;1;1;6800.0000;1;10111.0000;None;109200.0000
34665;2023-03-12 15:04:48.230000;3;201269;1;1;6800.0000;1;10111.0000;None;109200.0000
34665;2023-03-12 15:04:48.230000;3;108191;1;2;0.0000;1;10111.0000;None;109200.0000
34665;2023-03-12 15:10:07.833000;1;108794;1;1;48800.0000;1;10111.0000;None;109200.0000
34665;2023-03-12 15:10:07.833000;7;1002;1;1;0.0000;1;10111.0000;None;109200.0000
34665;2023-03-12 15:10:07.833000;1;103559;5;1;46800.0000;1;10111.0000;None;109200.0000
34666;2023-03-12 15:20:27.197000;3;100614;1;1;5800.0000;1;1074.0000;None;11600.0000
34666;2023-03-12 15:20:27.197000;3;100614;1;1;5800.0000;1;1074.0000;None;11600.0000
34667;2023-03-12 15:39:57.977000;3;102635;1;1;8800.0000;1;815.0000;None;8800.0000
