2774;2023-03-13 13:53:51.280000;1;103338;1;1;59800.0000;1;None;None;59800.0000
2775;2023-03-13 14:02:31.953000;1;102903;1;1;36800.0000;1;None;None;36800.0000
2775;2023-03-13 14:02:31.953000;7;1006;1;1;0.0000;1;None;None;36800.0000
2775;2023-03-13 14:02:31.953000;7;1135;1;1;0.0000;1;None;None;36800.0000
2775;2023-03-13 14:02:31.953000;7;1135;1;1;0.0000;1;None;None;36800.0000
17981;2023-03-13 12:07:36.763000;1;202572;1;1;5500.0000;1;None;None;5500.0000
17992;2023-03-13 15:19:24.720000;1;202572;1;1;5500.0000;1;None;None;5500.0000
24436;2023-03-13 12:28:51.270000;3;200004;1;1;9800.0000;1;7426.0000;None;80200.0000
24436;2023-03-13 12:28:51.283000;3;101641;1;1;0.0000;1;7426.0000;None;80200.0000
24436;2023-03-13 12:28:51.283000;3;100999;1;1;5800.0000;1;7426.0000;None;80200.0000
24436;2023-03-13 12:28:51.283000;1;103347;1;1;59800.0000;1;7426.0000;None;80200.0000
24436;2023-03-13 12:28:51.283000;1;102170;1;1;4800.0000;1;7426.0000;None;80200.0000
24437;2023-03-13 12:31:26.993000;2;201187;1;1;10800.0000;1;10167.0000;None;109800.0000
24437;2023-03-13 13:00:47.580000;3;200004;1;1;9800.0000;1;10167.0000;None;109800.0000
24437;2023-03-13 13:00:47.580000;3;101641;1;1;0.0000;1;10167.0000;None;109800.0000
24437;2023-03-13 13:00:47.580000;3;201269;1;1;6800.0000;1;10167.0000;None;109800.0000
24437;2023-03-13 13:00:47.580000;3;108191;1;1;0.0000;1;10167.0000;None;109800.0000
24437;2023-03-13 13:04:07.120000;1;103347;1;1;59800.0000;1;10167.0000;None;109800.0000
24437;2023-03-13 13:26:57.103000;1;103961;5;1;16800.0000;1;10167.0000;None;109800.0000
24437;2023-03-13 13:26:57.103000;3;100614;1;1;5800.0000;1;10167.0000;None;109800.0000
24438;2023-03-13 12:45:15.907000;1;100896;1;1;35800.0000;1;4852.0000;None;52400.0000
24438;2023-03-13 12:45:15.907000;3;201211;1;1;6800.0000;1;4852.0000;None;52400.0000
24438;2023-03-13 12:45:15.907000;3;200004;1;1;9800.0000;1;4852.0000;None;52400.0000
24438;2023-03-13 12:45:15.907000;7;2094;1;1;0.0000;1;4852.0000;None;52400.0000
24439;2023-03-13 13:05:00.680000;3;100614;1;1;5800.0000;1;1074.0000;None;11600.0000
24439;2023-03-13 13:05:00.680000;3;100596;1;1;5800.0000;1;1074.0000;None;11600.0000
24439;2023-03-13 13:05:00.680000;7;2045;1;2;0.0000;1;1074.0000;None;11600.0000
24439;2023-03-13 13:05:00.680000;7;2002;1;2;0.0000;1;1074.0000;None;11600.0000
24440;2023-03-13 13:09:40.317000;1;100846;1;3;92400.0000;1;11167.0000;None;120600.0000
24440;2023-03-13 13:09:40.317000;7;1135;1;1;0.0000;1;11167.0000;None;120600.0000
24440;2023-03-13 13:09:40.317000;3;201958;1;1;6800.0000;1;11167.0000;None;120600.0000
24440;2023-03-13 13:09:40.317000;3;102635;1;1;8800.0000;1;11167.0000;None;120600.0000
24440;2023-03-13 13:09:40.317000;3;201269;1;1;6800.0000;1;11167.0000;None;120600.0000
24440;2023-03-13 13:09:40.317000;3;101641;1;1;0.0000;1;11167.0000;None;120600.0000
24440;2023-03-13 13:38:16.130000;3;100614;1;1;5800.0000;1;11167.0000;None;120600.0000
24441;2023-03-13 13:10:49.870000;3;201146;1;1;6800.0000;1;8667.0000;None;93600.0000
24441;2023-03-13 13:13:55.490000;1;108669;5;1;86800.0000;1;8667.0000;None;93600.0000
24442;2023-03-13 13:24:21.667000;3;201269;1;1;6800.0000;1;4574.0000;None;49400.0000
24442;2023-03-13 13:24:21.667000;3;108191;1;1;0.0000;1;4574.0000;None;49400.0000
24442;2023-03-13 13:24:21.667000;3;201269;1;1;6800.0000;1;4574.0000;None;49400.0000
24442;2023-03-13 13:24:21.667000;3;101641;1;1;0.0000;1;4574.0000;None;49400.0000
24442;2023-03-13 13:24:21.667000;7;2042;1;1;0.0000;1;4574.0000;None;49400.0000
24442;2023-03-13 13:24:54.067000;1;100892;1;1;35800.0000;1;4574.0000;None;49400.0000
24443;2023-03-13 13:36:24.327000;3;102748;1;1;15800.0000;1;6667.0000;None;72000.0000
24443;2023-03-13 13:36:24.327000;3;201211;1;1;6800.0000;1;6667.0000;None;72000.0000
24443;2023-03-13 13:43:50.457000;1;100896;1;1;35800.0000;1;6667.0000;None;72000.0000
24443;2023-03-13 13:43:50.457000;7;1305;1;1;0.0000;1;6667.0000;None;72000.0000
24443;2023-03-13 13:43:58.277000;3;201211;1;1;6800.0000;1;6667.0000;None;72000.0000
24443;2023-03-13 14:08:48.043000;3;201211;1;1;6800.0000;1;6667.0000;None;72000.0000
24444;2023-03-13 13:47:47.617000;1;100892;1;1;35800.0000;1;6130.0000;None;66200.0000
24444;2023-03-13 13:47:47.617000;3;102635;1;1;8800.0000;1;6130.0000;None;66200.0000
24444;2023-03-13 13:47:47.617000;3;102747;1;1;4800.0000;1;6130.0000;None;66200.0000
24444;2023-03-13 13:47:47.617000;7;2072;1;1;0.0000;1;6130.0000;None;66200.0000
24444;2023-03-13 14:26:18.657000;1;101891;5;1;16800.0000;1;6130.0000;None;66200.0000
24445;2023-03-13 13:58:24.217000;2;101746;5;2;61600.0000;1;None;None;155800.0000
24445;2023-03-13 13:58:24.217000;1;101176;1;1;44800.0000;1;None;None;155800.0000
24445;2023-03-13 14:31:32.623000;7;1305;1;1;0.0000;1;None;None;155800.0000
24445;2023-03-13 14:41:02.733000;1;100892;1;1;35800.0000;1;None;None;155800.0000
24445;2023-03-13 14:48:49.617000;3;201146;1;1;6800.0000;1;None;None;155800.0000
24445;2023-03-13 14:48:49.617000;3;201146;1;1;6800.0000;1;None;None;155800.0000
24445;2023-03-13 14:48:49.617000;7;2042;1;1;0.0000;1;None;None;155800.0000
24445;2023-03-13 14:48:49.617000;7;2042;1;1;0.0000;1;None;None;155800.0000
24447;2023-03-13 17:30:48.517000;3;200004;1;1;9800.0000;1;11778.0000;None;127200.0000
24447;2023-03-13 17:30:48.517000;3;101641;1;1;0.0000;1;11778.0000;None;127200.0000
24447;2023-03-13 17:47:05.073000;3;104446;1;1;5800.0000;1;11778.0000;None;127200.0000
24447;2023-03-13 17:47:05.073000;1;103535;1;1;67800.0000;1;11778.0000;None;127200.0000
24447;2023-03-13 17:47:05.073000;7;1302;1;1;0.0000;1;11778.0000;None;127200.0000
24447;2023-03-13 17:47:05.073000;6;101518;1;1;0.0000;1;11778.0000;None;127200.0000
24447;2023-03-13 17:48:55.940000;1;103651;1;1;43800.0000;1;11778.0000;None;127200.0000
24449;2023-03-13 19:13:09.183000;2;107767;1;1;50800.0000;1;20093.0000;None;217000.0000
24449;2023-03-13 19:13:09.183000;1;101176;1;1;44800.0000;1;20093.0000;None;217000.0000
24449;2023-03-13 19:21:26.610000;3;200004;1;1;9800.0000;1;20093.0000;None;217000.0000
24449;2023-03-13 19:21:26.610000;1;101270;5;1;0.0000;1;20093.0000;None;217000.0000
24449;2023-03-13 19:22:57.650000;2;108106;1;1;66800.0000;1;20093.0000;None;217000.0000
24449;2023-03-13 20:04:24.660000;2;102848;1;1;44800.0000;1;20093.0000;None;217000.0000
24450;2023-03-13 20:43:18.180000;1;104293;1;1;44800.0000;1;12482.0000;None;134800.0000
24450;2023-03-13 20:43:18.180000;7;1006;1;1;0.0000;1;12482.0000;None;134800.0000
24450;2023-03-13 20:43:18.180000;6;101518;1;1;0.0000;1;12482.0000;None;134800.0000
24450;2023-03-13 20:43:18.180000;1;104293;1;1;44800.0000;1;12482.0000;None;134800.0000
24450;2023-03-13 20:43:18.180000;7;1302;1;1;0.0000;1;12482.0000;None;134800.0000
24450;2023-03-13 20:43:18.180000;1;101522;1;1;0.0000;1;12482.0000;None;134800.0000
24450;2023-03-13 20:43:18.180000;2;200480;1;1;12800.0000;1;12482.0000;None;134800.0000
24450;2023-03-13 20:43:18.180000;2;200480;1;1;12800.0000;1;12482.0000;None;134800.0000
24450;2023-03-13 21:22:53.367000;3;201146;1;1;6800.0000;1;12482.0000;None;134800.0000
24450;2023-03-13 21:22:53.367000;2;200480;1;1;12800.0000;1;12482.0000;None;134800.0000
24450;2023-03-13 19:13:55.617000;2;108646;1;1;45800.0000;1;12482.0000;None;134800.0000
24450;2023-03-13 21:49:46.150000;2;108646;1;-1;-45800.0000;1;12482.0000;None;134800.0000
