1740;2023-03-09 12:15:57.320000;8;102052;1;1;62800.0000;1;34333.0000;None;370800.0000
1740;2023-03-09 12:15:57.320000;3;103912;1;1;7800.0000;1;34333.0000;None;370800.0000
1740;2023-03-09 12:25:16.097000;1;101927;1;1;129800.0000;1;34333.0000;None;370800.0000
1740;2023-03-09 12:25:16.097000;1;103851;1;1;99800.0000;1;34333.0000;None;370800.0000
1740;2023-03-09 12:25:16.097000;1;106922;1;1;0.0000;1;34333.0000;None;370800.0000
1740;2023-03-09 12:25:16.097000;7;1020;1;1;0.0000;1;34333.0000;None;370800.0000
1740;2023-03-09 12:25:16.097000;7;1020;1;1;0.0000;1;34333.0000;None;370800.0000
1740;2023-03-09 12:25:16.097000;7;1158;1;1;0.0000;1;34333.0000;None;370800.0000
1740;2023-03-09 12:25:16.097000;7;1158;1;1;0.0000;1;34333.0000;None;370800.0000
1740;2023-03-09 12:25:16.097000;1;106922;2;1;0.0000;1;34333.0000;None;370800.0000
1740;2023-03-09 12:33:46.993000;8;102052;1;1;62800.0000;1;34333.0000;None;370800.0000
1740;2023-03-09 12:33:46.993000;7;1158;1;1;0.0000;1;34333.0000;None;370800.0000
1740;2023-03-09 12:42:53.900000;3;103912;1;1;7800.0000;1;34333.0000;None;370800.0000
1742;2023-03-09 12:34:11.730000;1;102457;1;1;18800.0000;1;26833.0000;None;289800.0000
1742;2023-03-09 12:34:11.730000;7;1029;1;1;0.0000;1;26833.0000;None;289800.0000
1742;2023-03-09 12:34:11.730000;7;1158;1;1;0.0000;1;26833.0000;None;289800.0000
1742;2023-03-09 12:34:11.730000;1;103073;1;1;32800.0000;1;26833.0000;None;289800.0000
1742;2023-03-09 12:34:11.730000;1;102923;1;1;68800.0000;1;26833.0000;None;289800.0000
1742;2023-03-09 12:34:11.730000;1;102395;1;1;39800.0000;1;26833.0000;None;289800.0000
1742;2023-03-09 12:34:11.730000;1;101051;1;1;49800.0000;1;26833.0000;None;289800.0000
1742;2023-03-09 12:34:11.730000;1;109509;1;1;43800.0000;1;26833.0000;None;289800.0000
1742;2023-03-09 12:34:11.730000;7;1020;1;1;0.0000;1;26833.0000;None;289800.0000
1742;2023-03-09 12:34:11.730000;7;1030;1;1;0.0000;1;26833.0000;None;289800.0000
1742;2023-03-09 12:34:11.730000;3;102747;1;1;4800.0000;1;26833.0000;None;289800.0000
1742;2023-03-09 12:34:11.730000;3;102747;1;1;4800.0000;1;26833.0000;None;289800.0000
1742;2023-03-09 12:34:11.730000;7;2072;1;2;0.0000;1;26833.0000;None;289800.0000
1742;2023-03-09 12:34:11.730000;3;102619;1;1;7800.0000;1;26833.0000;None;289800.0000
1742;2023-03-09 12:34:11.730000;7;2072;1;1;0.0000;1;26833.0000;None;289800.0000
1742;2023-03-09 12:34:11.730000;3;201269;1;1;5800.0000;1;26833.0000;None;289800.0000
1742;2023-03-09 12:34:11.730000;4;108191;1;1;0.0000;1;26833.0000;None;289800.0000
1742;2023-03-09 12:34:11.730000;3;200007;1;1;12800.0000;1;26833.0000;None;289800.0000
1742;2023-03-09 12:34:11.730000;6;105636;1;1;0.0000;1;26833.0000;None;289800.0000
1743;2023-03-09 12:41:10.657000;3;200007;1;1;12800.0000;1;21963.0000;None;237200.0000
1743;2023-03-09 12:41:10.657000;6;105636;1;1;0.0000;1;21963.0000;None;237200.0000
1743;2023-03-09 12:41:10.657000;3;103912;1;1;7800.0000;1;21963.0000;None;237200.0000
1743;2023-03-09 12:53:47.770000;8;101996;1;1;15800.0000;1;21963.0000;None;237200.0000
1743;2023-03-09 12:53:47.770000;1;102457;1;1;18800.0000;1;21963.0000;None;237200.0000
1743;2023-03-09 12:53:47.770000;7;1158;1;1;0.0000;1;21963.0000;None;237200.0000
1743;2023-03-09 12:53:47.770000;7;1158;1;1;0.0000;1;21963.0000;None;237200.0000
1743;2023-03-09 12:53:47.770000;1;102239;1;1;5800.0000;1;21963.0000;None;237200.0000
1743;2023-03-09 12:53:47.770000;1;105444;1;1;4000.0000;1;21963.0000;None;237200.0000
1743;2023-03-09 12:53:47.770000;7;1158;1;1;0.0000;1;21963.0000;None;237200.0000
1743;2023-03-09 12:55:26.900000;3;103912;1;1;7800.0000;1;21963.0000;None;237200.0000
1743;2023-03-09 12:58:48.303000;1;102923;1;1;68800.0000;1;21963.0000;None;237200.0000
1743;2023-03-09 12:58:48.303000;1;103376;1;1;45800.0000;1;21963.0000;None;237200.0000
1743;2023-03-09 12:58:48.303000;1;101175;1;1;49800.0000;1;21963.0000;None;237200.0000
1743;2023-03-09 12:58:48.303000;1;106922;1;1;0.0000;1;21963.0000;None;237200.0000
1743;2023-03-09 12:58:48.303000;7;1020;1;1;0.0000;1;21963.0000;None;237200.0000
1743;2023-03-09 12:58:48.303000;7;1020;1;1;0.0000;1;21963.0000;None;237200.0000
1743;2023-03-09 12:58:48.303000;7;1158;1;1;0.0000;1;21963.0000;None;237200.0000
1743;2023-03-09 12:58:48.303000;7;1158;1;1;0.0000;1;21963.0000;None;237200.0000
1743;2023-03-09 12:58:48.303000;7;1135;1;1;0.0000;1;21963.0000;None;237200.0000
1744;2023-03-09 13:06:21.087000;2;202387;1;1;19800.0000;1;17370.0000;None;187600.0000
1744;2023-03-09 13:06:21.087000;2;200478;1;1;14800.0000;1;17370.0000;None;187600.0000
1744;2023-03-09 13:16:44.887000;1;109501;1;1;28800.0000;1;17370.0000;None;187600.0000
1744;2023-03-09 13:16:44.887000;7;1158;1;1;0.0000;1;17370.0000;None;187600.0000
1744;2023-03-09 13:16:44.887000;7;1158;1;1;0.0000;1;17370.0000;None;187600.0000
1744;2023-03-09 13:20:42.633000;8;103023;1;1;47800.0000;1;17370.0000;None;187600.0000
1744;2023-03-09 13:20:42.633000;7;1158;1;1;0.0000;1;17370.0000;None;187600.0000
1744;2023-03-09 13:20:42.633000;7;1158;1;1;0.0000;1;17370.0000;None;187600.0000
1744;2023-03-09 13:36:00.597000;1;109510;1;1;41800.0000;1;17370.0000;None;187600.0000
1744;2023-03-09 13:36:00.597000;7;1158;1;1;0.0000;1;17370.0000;None;187600.0000
1744;2023-03-09 13:36:00.597000;7;1158;1;1;0.0000;1;17370.0000;None;187600.0000
1744;2023-03-09 13:36:00.597000;7;1011;1;1;0.0000;1;17370.0000;None;187600.0000
1744;2023-03-09 13:36:00.597000;7;1011;1;1;0.0000;1;17370.0000;None;187600.0000
1744;2023-03-09 13:54:02.543000;2;200478;1;1;14800.0000;1;17370.0000;None;187600.0000
1744;2023-03-09 13:54:02.543000;2;202387;1;1;19800.0000;1;17370.0000;None;187600.0000
1745;2023-03-09 13:49:15.430000;3;201237;1;1;5800.0000;1;15815.0000;None;170800.0000
1745;2023-03-09 13:49:15.430000;3;202570;1;1;8800.0000;1;15815.0000;None;170800.0000
1745;2023-03-09 13:49:15.430000;3;201269;1;1;5800.0000;1;15815.0000;None;170800.0000
1745;2023-03-09 13:49:15.430000;6;105636;1;1;0.0000;1;15815.0000;None;170800.0000
1745;2023-03-09 13:49:15.430000;8;100953;1;1;44800.0000;1;15815.0000;None;170800.0000
1745;2023-03-09 13:50:51.133000;8;103867;1;1;28800.0000;1;15815.0000;None;170800.0000
1745;2023-03-09 13:50:51.133000;1;101304;1;1;76800.0000;1;15815.0000;None;170800.0000
1745;2023-03-09 13:50:51.133000;7;1011;1;1;0.0000;1;15815.0000;None;170800.0000
1746;2023-03-09 14:18:58.477000;3;103912;1;1;7800.0000;1;None;None;52400.0000
1746;2023-03-09 14:18:58.477000;3;100614;1;1;5800.0000;1;None;None;52400.0000
1746;2023-03-09 14:28:35.933000;8;103690;1;1;41800.0000;1;None;None;52400.0000
1746;2023-03-09 14:28:35.933000;8;105730;1;1;0.0000;1;None;None;52400.0000
1746;2023-03-09 14:28:35.933000;8;103690;1;1;41800.0000;1;None;None;52400.0000
1746;2023-03-09 14:28:35.933000;8;105731;1;1;0.0000;1;None;None;52400.0000
1746;2023-03-09 14:28:35.933000;8;102143;1;1;3800.0000;1;None;None;52400.0000
1746;2023-03-09 14:28:35.933000;8;102143;1;1;3800.0000;1;None;None;52400.0000
1746;2023-03-09 14:28:35.933000;7;1131;1;1;0.0000;1;None;None;52400.0000
1746;2023-03-09 14:28:35.933000;7;1131;1;1;0.0000;1;None;None;52400.0000
1746;2023-03-09 14:37:38.863000;None;3;None;1;-52400.0000;2;None;None;52400.0000
1747;2023-03-09 14:30:34.300000;2;200059;1;1;136800.0000;1;37148.0000;None;401200.0000
1747;2023-03-09 14:31:13.257000;8;104200;1;1;15800.0000;1;37148.0000;None;401200.0000
1747;2023-03-09 14:31:13.257000;1;104240;1;1;28800.0000;1;37148.0000;None;401200.0000
1747;2023-03-09 14:31:13.257000;8;103023;1;1;47800.0000;1;37148.0000;None;401200.0000
1747;2023-03-09 14:31:13.257000;8;103615;1;1;37800.0000;1;37148.0000;None;401200.0000
1747;2023-03-09 14:31:13.257000;7;1187;1;1;0.0000;1;37148.0000;None;401200.0000
1747;2023-03-09 14:31:13.257000;7;1187;1;1;0.0000;1;37148.0000;None;401200.0000
1747;2023-03-09 14:31:13.257000;7;1187;1;1;0.0000;1;37148.0000;None;401200.0000
1747;2023-03-09 14:41:08.297000;1;104261;1;1;18800.0000;1;37148.0000;None;401200.0000
1747;2023-03-09 14:41:08.297000;7;1135;1;1;0.0000;1;37148.0000;None;401200.0000
1747;2023-03-09 14:41:08.297000;7;1030;1;1;0.0000;1;37148.0000;None;401200.0000
1747;2023-03-09 15:07:40.277000;1;103714;1;1;59800.0000;1;37148.0000;None;401200.0000
1747;2023-03-09 15:07:40.277000;1;102395;1;1;39800.0000;1;37148.0000;None;401200.0000
1747;2023-03-09 15:07:40.277000;7;1020;1;1;0.0000;1;37148.0000;None;401200.0000
1747;2023-03-09 15:07:40.277000;7;1158;1;1;0.0000;1;37148.0000;None;401200.0000
1747;2023-03-09 15:07:40.277000;7;1158;1;1;0.0000;1;37148.0000;None;401200.0000
1747;2023-03-09 15:30:51.527000;3;201704;1;1;15800.0000;1;37148.0000;None;401200.0000
1747;2023-03-09 15:30:51.527000;7;2008;1;3;0.0000;1;37148.0000;None;401200.0000
1748;2023-03-09 15:01:50.927000;1;102925;1;1;12800.0000;1;25111.0000;None;271200.0000
1748;2023-03-09 15:01:50.927000;1;101929;1;1;16800.0000;1;25111.0000;None;271200.0000
1748;2023-03-09 15:01:50.927000;1;101929;1;1;16800.0000;1;25111.0000;None;271200.0000
1748;2023-03-09 15:02:20.067000;1;102927;1;1;66800.0000;1;25111.0000;None;271200.0000
1748;2023-03-09 15:02:20.067000;6;101546;1;1;0.0000;1;25111.0000;None;271200.0000
1748;2023-03-09 15:02:20.067000;6;105509;1;1;0.0000;1;25111.0000;None;271200.0000
1748;2023-03-09 15:02:20.067000;6;101408;1;1;0.0000;1;25111.0000;None;271200.0000
1748;2023-03-09 15:02:20.067000;1;100879;1;1;46800.0000;1;25111.0000;None;271200.0000
1748;2023-03-09 15:02:20.067000;6;101546;1;1;0.0000;1;25111.0000;None;271200.0000
1748;2023-03-09 15:02:20.067000;6;105509;1;1;0.0000;1;25111.0000;None;271200.0000
1748;2023-03-09 15:02:20.067000;6;101408;1;1;0.0000;1;25111.0000;None;271200.0000
1748;2023-03-09 15:02:20.067000;7;1020;1;1;0.0000;1;25111.0000;None;271200.0000
1748;2023-03-09 15:02:20.067000;7;1020;1;1;0.0000;1;25111.0000;None;271200.0000
1748;2023-03-09 15:02:20.067000;7;1020;1;1;0.0000;1;25111.0000;None;271200.0000
1748;2023-03-09 15:03:49.083000;1;102842;1;1;76800.0000;1;25111.0000;None;271200.0000
1748;2023-03-09 15:09:41.817000;3;200007;1;1;12800.0000;1;25111.0000;None;271200.0000
1748;2023-03-09 15:09:41.817000;3;202570;1;1;8800.0000;1;25111.0000;None;271200.0000
1748;2023-03-09 15:09:41.817000;6;105636;1;1;0.0000;1;25111.0000;None;271200.0000
1748;2023-03-09 15:09:41.817000;3;102633;1;1;12800.0000;1;25111.0000;None;271200.0000
1750;2023-03-09 19:13:06.433000;1;104180;1;1;84800.0000;1;23333.0000;None;252000.0000
1750;2023-03-09 19:13:06.433000;7;1135;1;1;0.0000;1;23333.0000;None;252000.0000
1750;2023-03-09 19:13:23.177000;2;101727;1;1;32800.0000;1;23333.0000;None;252000.0000
1750;2023-03-09 20:00:16.487000;2;101727;1;1;32800.0000;1;23333.0000;None;252000.0000
1750;2023-03-09 20:16:27.480000;8;108518;1;1;41800.0000;1;23333.0000;None;252000.0000
1750;2023-03-09 20:16:27.480000;8;108517;1;1;59800.0000;1;23333.0000;None;252000.0000
1751;2023-03-09 19:45:09.543000;3;102619;1;1;7800.0000;1;10852.0000;None;117200.0000
1751;2023-03-09 19:45:09.543000;7;2072;1;1;0.0000;1;10852.0000;None;117200.0000
1751;2023-03-09 19:45:09.543000;3;102643;1;1;14800.0000;1;10852.0000;None;117200.0000
1751;2023-03-09 20:08:19.563000;8;103615;1;1;37800.0000;1;10852.0000;None;117200.0000
1751;2023-03-09 20:08:19.563000;7;1213;1;1;0.0000;1;10852.0000;None;117200.0000
1751;2023-03-09 20:08:19.563000;8;102797;1;1;56800.0000;1;10852.0000;None;117200.0000
1751;2023-03-09 20:08:19.563000;7;1213;1;1;0.0000;1;10852.0000;None;117200.0000
1751;2023-03-09 20:08:19.563000;7;1158;1;1;0.0000;1;10852.0000;None;117200.0000
1751;2023-03-09 20:08:19.563000;7;1158;1;1;0.0000;1;10852.0000;None;117200.0000
1751;2023-03-09 20:08:19.563000;7;1020;1;1;0.0000;1;10852.0000;None;117200.0000
1751;2023-03-09 20:08:19.563000;7;1020;1;1;0.0000;1;10852.0000;None;117200.0000
1753;2023-03-09 20:20:27.257000;3;201312;1;1;4800.0000;1;33574.0000;None;362600.0000
1753;2023-03-09 20:20:27.257000;7;2008;1;2;0.0000;1;33574.0000;None;362600.0000
1753;2023-03-09 20:20:27.257000;3;102747;1;1;4800.0000;1;33574.0000;None;362600.0000
1753;2023-03-09 20:20:27.257000;7;2042;1;1;0.0000;1;33574.0000;None;362600.0000
1753;2023-03-09 20:20:27.257000;2;201187;1;1;9800.0000;1;33574.0000;None;362600.0000
1753;2023-03-09 20:20:27.257000;2;200480;1;1;12800.0000;1;33574.0000;None;362600.0000
1753;2023-03-09 20:36:02.857000;1;102455;1;1;37800.0000;1;33574.0000;None;362600.0000
1753;2023-03-09 20:36:02.857000;8;101996;1;1;15800.0000;1;33574.0000;None;362600.0000
1753;2023-03-09 20:36:02.857000;7;1158;1;1;0.0000;1;33574.0000;None;362600.0000
1753;2023-03-09 20:36:02.857000;7;1029;1;1;0.0000;1;33574.0000;None;362600.0000
1753;2023-03-09 20:36:02.857000;8;103028;1;1;56800.0000;1;33574.0000;None;362600.0000
1753;2023-03-09 20:36:02.857000;8;103867;1;1;28800.0000;1;33574.0000;None;362600.0000
1753;2023-03-09 20:36:02.857000;7;1030;1;1;0.0000;1;33574.0000;None;362600.0000
1753;2023-03-09 20:36:02.857000;7;1020;1;1;0.0000;1;33574.0000;None;362600.0000
1753;2023-03-09 20:36:02.857000;7;1137;1;1;0.0000;1;33574.0000;None;362600.0000
1753;2023-03-09 20:36:02.857000;1;101051;1;1;49800.0000;1;33574.0000;None;362600.0000
1753;2023-03-09 20:36:02.857000;1;103075;1;1;57800.0000;1;33574.0000;None;362600.0000
1753;2023-03-09 20:36:02.857000;1;103519;1;1;78800.0000;1;33574.0000;None;362600.0000
1753;2023-03-09 20:36:02.857000;1;106922;1;1;0.0000;1;33574.0000;None;362600.0000
1753;2023-03-09 20:36:02.857000;1;106922;2;1;0.0000;1;33574.0000;None;362600.0000
1753;2023-03-09 20:36:02.857000;7;1020;1;1;0.0000;1;33574.0000;None;362600.0000
1753;2023-03-09 20:36:02.857000;7;1030;1;1;0.0000;1;33574.0000;None;362600.0000
1753;2023-03-09 21:08:06.233000;3;201312;1;1;4800.0000;1;33574.0000;None;362600.0000
1756;2023-03-09 21:00:24.007000;1;101047;1;1;46800.0000;1;8944.0000;None;96600.0000
1756;2023-03-09 21:00:24.007000;7;1026;1;1;0.0000;1;8944.0000;None;96600.0000
1756;2023-03-09 21:00:24.007000;1;106922;2;1;0.0000;1;8944.0000;None;96600.0000
1756;2023-03-09 21:00:24.007000;1;101050;1;1;49800.0000;1;8944.0000;None;96600.0000
1756;2023-03-09 21:00:24.007000;7;1006;1;1;0.0000;1;8944.0000;None;96600.0000
1756;2023-03-09 21:00:24.007000;1;106922;2;1;0.0000;1;8944.0000;None;96600.0000
1756;2023-03-09 21:00:24.007000;7;1020;1;1;0.0000;1;8944.0000;None;96600.0000
1756;2023-03-09 21:00:24.007000;7;1158;1;1;0.0000;1;8944.0000;None;96600.0000
1757;2023-03-09 21:55:08.233000;2;102605;1;1;47800.0000;1;16074.0000;None;173600.0000
1757;2023-03-09 21:55:08.233000;7;2052;1;1;0.0000;1;16074.0000;None;173600.0000
1757;2023-03-09 21:59:26.757000;8;102997;1;1;11800.0000;1;16074.0000;None;173600.0000
1757;2023-03-09 21:59:26.757000;8;102995;1;1;21800.0000;1;16074.0000;None;173600.0000
1757;2023-03-09 21:59:26.757000;8;102988;1;1;38800.0000;1;16074.0000;None;173600.0000
1757;2023-03-09 21:59:26.757000;8;102989;1;1;10800.0000;1;16074.0000;None;173600.0000
1757;2023-03-09 21:59:26.757000;7;1131;1;1;0.0000;1;16074.0000;None;173600.0000
1757;2023-03-09 21:59:26.757000;1;100932;1;1;42600.0000;1;16074.0000;None;173600.0000
1757;2023-03-09 21:59:26.757000;7;1131;1;1;0.0000;1;16074.0000;None;173600.0000
1757;2023-03-09 21:59:26.757000;7;1131;1;1;0.0000;1;16074.0000;None;173600.0000
11835;2023-03-09 12:06:54.767000;8;107333;1;1;69800.0000;1;None;None;120560.0000
11835;2023-03-09 12:06:54.767000;8;103746;1;1;39800.0000;1;None;None;120560.0000
11835;2023-03-09 12:06:54.767000;7;1157;1;1;0.0000;1;None;None;120560.0000
11835;2023-03-09 12:06:54.767000;7;1157;1;1;0.0000;1;None;None;120560.0000
11835;2023-03-09 12:06:54.767000;7;1158;1;1;0.0000;1;None;None;120560.0000
11835;2023-03-09 12:06:54.767000;7;1158;1;1;0.0000;1;None;None;120560.0000
11835;2023-03-09 12:06:54.767000;9;802020;1;1;10960.0000;1;None;None;120560.0000
11836;2023-03-09 12:11:49.943000;8;103615;1;2;75600.0000;1;7000.0000;None;75600.0000
11836;2023-03-09 12:11:49.943000;7;1131;1;1;0.0000;1;7000.0000;None;75600.0000
11836;2023-03-09 12:11:49.943000;7;1131;1;1;0.0000;1;7000.0000;None;75600.0000
11837;2023-03-09 12:23:34.390000;8;201562;1;1;276800.0000;1;None;None;639320.0000
11837;2023-03-09 12:23:34.390000;8;105469;1;1;0.0000;1;None;None;639320.0000
11837;2023-03-09 12:23:34.390000;8;105473;1;1;0.0000;1;None;None;639320.0000
11837;2023-03-09 12:23:34.390000;8;105447;1;1;0.0000;1;None;None;639320.0000
11837;2023-03-09 12:23:34.390000;8;102983;1;1;0.0000;1;None;None;639320.0000
11837;2023-03-09 12:23:34.390000;8;103012;1;1;0.0000;1;None;None;639320.0000
11837;2023-03-09 12:23:34.390000;8;106860;1;1;0.0000;1;None;None;639320.0000
11837;2023-03-09 12:23:34.390000;8;102985;1;1;0.0000;1;None;None;639320.0000
11837;2023-03-09 12:23:34.390000;8;102991;1;1;0.0000;1;None;None;639320.0000
11837;2023-03-09 12:23:34.390000;8;103014;1;1;0.0000;1;None;None;639320.0000
11837;2023-03-09 12:23:34.390000;8;100482;1;1;0.0000;1;None;None;639320.0000
11837;2023-03-09 12:23:34.390000;8;108518;1;1;41800.0000;1;None;None;639320.0000
11837;2023-03-09 12:23:34.390000;8;102691;1;1;77800.0000;1;None;None;639320.0000
11837;2023-03-09 12:23:34.390000;7;1131;1;1;0.0000;1;None;None;639320.0000
11837;2023-03-09 12:23:34.390000;7;1131;1;1;0.0000;1;None;None;639320.0000
11837;2023-03-09 12:23:34.390000;1;102925;1;4;51200.0000;1;None;None;639320.0000
11837;2023-03-09 12:23:34.390000;1;102927;1;1;66800.0000;1;None;None;639320.0000
11837;2023-03-09 12:23:34.390000;6;101408;1;1;0.0000;1;None;None;639320.0000
11837;2023-03-09 12:23:34.390000;6;105509;1;1;0.0000;1;None;None;639320.0000
11837;2023-03-09 12:23:34.390000;6;101546;1;1;0.0000;1;None;None;639320.0000
11837;2023-03-09 12:23:34.390000;1;102927;1;1;66800.0000;1;None;None;639320.0000
11837;2023-03-09 12:23:34.390000;6;101408;1;1;0.0000;1;None;None;639320.0000
11837;2023-03-09 12:23:34.390000;6;105509;1;1;0.0000;1;None;None;639320.0000
11837;2023-03-09 12:23:34.390000;6;101546;1;1;0.0000;1;None;None;639320.0000
11837;2023-03-09 12:23:34.390000;7;1131;1;1;0.0000;1;None;None;639320.0000
11837;2023-03-09 12:23:34.390000;7;1131;1;1;0.0000;1;None;None;639320.0000
11837;2023-03-09 12:23:34.390000;7;1131;1;1;0.0000;1;None;None;639320.0000
11837;2023-03-09 12:23:34.390000;9;802020;1;1;58120.0000;1;None;None;639320.0000
11838;2023-03-09 12:55:52.007000;1;103074;1;1;37800.0000;1;None;None;42800.0000
11838;2023-03-09 12:55:52.007000;7;1135;1;1;0.0000;1;None;None;42800.0000
11838;2023-03-09 12:55:52.007000;7;1157;1;1;0.0000;1;None;None;42800.0000
11838;2023-03-09 12:55:52.007000;7;1157;1;1;0.0000;1;None;None;42800.0000
11838;2023-03-09 12:55:52.007000;9;802020;1;1;5000.0000;1;None;None;42800.0000
11839;2023-03-09 14:03:11.670000;1;103980;1;1;94800.0000;1;9500.0000;None;102600.0000
11839;2023-03-09 14:03:11.670000;7;1158;1;1;0.0000;1;9500.0000;None;102600.0000
11839;2023-03-09 14:03:11.670000;7;1158;1;1;0.0000;1;9500.0000;None;102600.0000
11839;2023-03-09 14:08:54.137000;3;103912;1;1;7800.0000;1;9500.0000;None;102600.0000
11839;2023-03-09 14:08:54.137000;7;2052;1;1;0.0000;1;9500.0000;None;102600.0000
11840;2023-03-09 14:23:37.007000;1;104308;1;1;79800.0000;1;None;None;405240.0000
11840;2023-03-09 14:23:37.007000;7;1157;1;1;0.0000;1;None;None;405240.0000
11840;2023-03-09 14:23:37.007000;7;1157;1;1;0.0000;1;None;None;405240.0000
11840;2023-03-09 14:23:37.007000;1;102535;1;1;19800.0000;1;None;None;405240.0000
11840;2023-03-09 14:23:37.007000;7;1247;1;1;0.0000;1;None;None;405240.0000
11840;2023-03-09 14:23:37.007000;1;101011;1;2;45600.0000;1;None;None;405240.0000
11840;2023-03-09 14:23:37.007000;7;1157;1;1;0.0000;1;None;None;405240.0000
11840;2023-03-09 14:23:37.007000;7;1157;1;1;0.0000;1;None;None;405240.0000
11840;2023-03-09 14:23:37.007000;8;103547;1;1;71800.0000;1;None;None;405240.0000
11840;2023-03-09 14:23:37.007000;8;101883;1;1;54800.0000;1;None;None;405240.0000
11840;2023-03-09 14:23:37.007000;8;103724;1;1;67800.0000;1;None;None;405240.0000
11840;2023-03-09 14:23:37.007000;8;103867;1;1;28800.0000;1;None;None;405240.0000
11840;2023-03-09 14:23:37.007000;7;1157;1;1;0.0000;1;None;None;405240.0000
11840;2023-03-09 14:23:37.007000;7;1157;1;1;0.0000;1;None;None;405240.0000
11840;2023-03-09 14:23:37.007000;7;1213;1;1;0.0000;1;None;None;405240.0000
11840;2023-03-09 14:23:37.007000;9;802020;1;1;36840.0000;1;None;None;405240.0000
11841;2023-03-09 14:39:01.747000;3;200008;1;1;15800.0000;1;28870.0000;None;311800.0000
11841;2023-03-09 14:39:01.747000;7;2049;1;1;0.0000;1;28870.0000;None;311800.0000
11841;2023-03-09 14:39:01.747000;7;2049;1;1;0.0000;1;28870.0000;None;311800.0000
11841;2023-03-09 14:49:24.127000;1;109513;1;1;38800.0000;1;28870.0000;None;311800.0000
11841;2023-03-09 14:49:24.127000;1;102842;1;1;76800.0000;1;28870.0000;None;311800.0000
11841;2023-03-09 14:49:24.127000;8;103547;1;1;71800.0000;1;28870.0000;None;311800.0000
11841;2023-03-09 14:49:24.127000;7;1213;1;1;0.0000;1;28870.0000;None;311800.0000
11841;2023-03-09 14:49:24.127000;8;105424;1;1;75800.0000;1;28870.0000;None;311800.0000
11841;2023-03-09 14:49:24.127000;7;1054;1;1;0.0000;1;28870.0000;None;311800.0000
11841;2023-03-09 14:49:24.127000;7;1054;1;1;0.0000;1;28870.0000;None;311800.0000
11841;2023-03-09 14:49:24.127000;7;1054;1;1;0.0000;1;28870.0000;None;311800.0000
11841;2023-03-09 14:55:47.390000;2;105805;1;1;32800.0000;1;28870.0000;None;311800.0000
11843;2023-03-09 15:20:03.307000;1;108437;1;1;79800.0000;1;30296.0000;None;327200.0000
11843;2023-03-09 15:20:03.307000;8;102692;1;1;34800.0000;1;30296.0000;None;327200.0000
11843;2023-03-09 15:20:03.307000;8;102340;1;1;33800.0000;1;30296.0000;None;327200.0000
11843;2023-03-09 15:20:03.307000;8;103544;1;1;25800.0000;1;30296.0000;None;327200.0000
11843;2023-03-09 15:20:03.307000;8;103746;1;1;39800.0000;1;30296.0000;None;327200.0000
11843;2023-03-09 15:20:03.307000;8;104259;1;1;13800.0000;1;30296.0000;None;327200.0000
11843;2023-03-09 15:20:03.307000;8;102696;1;1;13800.0000;1;30296.0000;None;327200.0000
11843;2023-03-09 15:20:03.307000;8;102992;1;2;85600.0000;1;30296.0000;None;327200.0000
11844;2023-03-09 15:44:19.063000;8;103690;1;1;41800.0000;1;None;None;20900.0000
11844;2023-03-09 15:44:19.063000;8;105730;1;1;0.0000;1;None;None;20900.0000
11844;2023-03-09 15:44:19.063000;7;1131;1;1;0.0000;1;None;None;20900.0000
11844;2023-03-09 15:44:19.063000;7;1131;1;1;0.0000;1;None;None;20900.0000
11844;2023-03-09 15:44:19.063000;None;3;None;1;-20900.0000;2;None;None;20900.0000
11845;2023-03-09 15:59:57.640000;8;103867;1;1;28800.0000;1;14019.0000;None;151400.0000
11845;2023-03-09 15:59:57.640000;8;102691;1;1;77800.0000;1;14019.0000;None;151400.0000
11845;2023-03-09 15:59:57.640000;8;100953;1;1;44800.0000;1;14019.0000;None;151400.0000
11845;2023-03-09 15:59:57.640000;7;1158;1;1;0.0000;1;14019.0000;None;151400.0000
11845;2023-03-09 15:59:57.640000;7;1158;1;1;0.0000;1;14019.0000;None;151400.0000
11846;2023-03-09 17:06:57.340000;1;109505;1;1;19800.0000;1;31019.0000;None;335000.0000
11846;2023-03-09 17:06:57.340000;1;109505;1;1;19800.0000;1;31019.0000;None;335000.0000
11846;2023-03-09 17:06:57.340000;1;101927;1;1;129800.0000;1;31019.0000;None;335000.0000
11846;2023-03-09 17:06:57.340000;1;101927;1;1;129800.0000;1;31019.0000;None;335000.0000
11846;2023-03-09 17:06:57.340000;8;109320;1;1;35800.0000;1;31019.0000;None;335000.0000
11846;2023-03-09 17:06:57.340000;7;1157;1;1;0.0000;1;31019.0000;None;335000.0000
11846;2023-03-09 17:06:57.340000;7;1157;1;1;0.0000;1;31019.0000;None;335000.0000
11846;2023-03-09 17:06:57.340000;7;1135;1;1;0.0000;1;31019.0000;None;335000.0000
11847;2023-03-09 17:16:28.533000;8;103867;1;1;28800.0000;1;2667.0000;None;28800.0000
11848;2023-03-09 17:22:16.240000;8;101026;1;1;35800.0000;1;None;None;85360.0000
11848;2023-03-09 17:22:16.240000;8;103690;1;1;41800.0000;1;None;None;85360.0000
11848;2023-03-09 17:22:16.240000;8;105731;1;1;0.0000;1;None;None;85360.0000
11848;2023-03-09 17:22:16.240000;7;1157;1;1;0.0000;1;None;None;85360.0000
11848;2023-03-09 17:47:58.393000;9;802020;1;1;7760.0000;1;None;None;85360.0000
11849;2023-03-09 19:02:04.673000;8;102992;1;1;42800.0000;1;None;None;61160.0000
11849;2023-03-09 19:02:04.673000;7;1157;1;1;0.0000;1;None;None;61160.0000
11849;2023-03-09 19:02:04.673000;7;1157;1;1;0.0000;1;None;None;61160.0000
11849;2023-03-09 19:02:04.673000;1;102925;1;1;12800.0000;1;None;None;61160.0000
11849;2023-03-09 19:02:04.673000;7;1135;1;1;0.0000;1;None;None;61160.0000
11849;2023-03-09 19:02:04.673000;7;1157;1;1;0.0000;1;None;None;61160.0000
11849;2023-03-09 19:02:04.673000;7;1157;1;1;0.0000;1;None;None;61160.0000
11849;2023-03-09 19:02:04.673000;9;802020;1;1;5560.0000;1;None;None;61160.0000
11851;2023-03-09 18:56:44.217000;2;102605;1;1;47800.0000;1;31130.0000;None;336200.0000
11851;2023-03-09 19:22:51.613000;3;202570;1;1;8800.0000;1;31130.0000;None;336200.0000
11851;2023-03-09 19:22:51.613000;8;103002;1;1;17800.0000;1;31130.0000;None;336200.0000
11851;2023-03-09 19:22:51.613000;8;103013;1;1;19800.0000;1;31130.0000;None;336200.0000
11851;2023-03-09 19:33:18.377000;8;103724;1;1;67800.0000;1;31130.0000;None;336200.0000
11851;2023-03-09 19:46:13.687000;8;103724;1;1;67800.0000;1;31130.0000;None;336200.0000
11851;2023-03-09 19:48:10.403000;2;102848;1;1;44800.0000;1;31130.0000;None;336200.0000
11851;2023-03-09 19:48:10.403000;2;103225;1;1;48800.0000;1;31130.0000;None;336200.0000
11851;2023-03-09 20:41:31.107000;1;102925;1;1;12800.0000;1;31130.0000;None;336200.0000
11852;2023-03-09 20:19:25.797000;3;200008;1;1;15800.0000;1;45241.0000;None;488600.0000
11852;2023-03-09 20:19:25.797000;7;2049;1;1;0.0000;1;45241.0000;None;488600.0000
11852;2023-03-09 20:19:25.797000;1;104180;1;1;84800.0000;1;45241.0000;None;488600.0000
11852;2023-03-09 20:19:25.797000;7;1131;1;1;0.0000;1;45241.0000;None;488600.0000
11852;2023-03-09 20:19:25.797000;3;201312;1;1;4800.0000;1;45241.0000;None;488600.0000
11852;2023-03-09 20:19:25.797000;7;2049;1;1;0.0000;1;45241.0000;None;488600.0000
11852;2023-03-09 20:19:25.797000;8;102992;1;2;85600.0000;1;45241.0000;None;488600.0000
11852;2023-03-09 20:19:25.797000;8;101886;1;1;17800.0000;1;45241.0000;None;488600.0000
11852;2023-03-09 20:19:25.797000;8;103677;1;1;279800.0000;1;45241.0000;None;488600.0000
11852;2023-03-09 20:19:25.797000;8;105730;1;2;0.0000;1;45241.0000;None;488600.0000
11852;2023-03-09 20:19:25.797000;8;105752;1;2;0.0000;1;45241.0000;None;488600.0000
11852;2023-03-09 20:19:25.797000;8;105731;1;1;0.0000;1;45241.0000;None;488600.0000
11852;2023-03-09 20:19:25.797000;8;102542;1;1;0.0000;1;45241.0000;None;488600.0000
11852;2023-03-09 20:19:25.797000;8;103691;1;1;0.0000;1;45241.0000;None;488600.0000
11852;2023-03-09 20:19:25.797000;8;102585;1;1;0.0000;1;45241.0000;None;488600.0000
11852;2023-03-09 20:19:25.797000;8;105255;1;1;0.0000;1;45241.0000;None;488600.0000
11852;2023-03-09 20:19:25.797000;7;1131;1;1;0.0000;1;45241.0000;None;488600.0000
11852;2023-03-09 20:19:25.797000;7;1131;1;1;0.0000;1;45241.0000;None;488600.0000
11852;2023-03-09 20:19:25.797000;7;1131;1;1;0.0000;1;45241.0000;None;488600.0000
11853;2023-03-09 20:28:21.900000;3;200008;1;-1;-15800.0000;1;-45241.0000;None;-488600.0000
11853;2023-03-09 20:28:21.900000;1;104180;1;-1;-84800.0000;1;-45241.0000;None;-488600.0000
11853;2023-03-09 20:28:21.900000;3;201312;1;-1;-4800.0000;1;-45241.0000;None;-488600.0000
11853;2023-03-09 20:28:21.900000;8;102992;1;-2;-85600.0000;1;-45241.0000;None;-488600.0000
11853;2023-03-09 20:28:21.900000;8;101886;1;-1;-17800.0000;1;-45241.0000;None;-488600.0000
11853;2023-03-09 20:28:21.900000;8;103677;1;-1;-279800.0000;1;-45241.0000;None;-488600.0000
11853;2023-03-09 20:28:21.900000;8;105730;1;-2;0.0000;1;-45241.0000;None;-488600.0000
11853;2023-03-09 20:28:21.900000;8;105752;1;-2;0.0000;1;-45241.0000;None;-488600.0000
11853;2023-03-09 20:28:21.900000;8;105731;1;-1;0.0000;1;-45241.0000;None;-488600.0000
11853;2023-03-09 20:28:21.900000;8;102542;1;-1;0.0000;1;-45241.0000;None;-488600.0000
11853;2023-03-09 20:28:21.900000;8;103691;1;-1;0.0000;1;-45241.0000;None;-488600.0000
11853;2023-03-09 20:28:21.900000;8;102585;1;-1;0.0000;1;-45241.0000;None;-488600.0000
11853;2023-03-09 20:28:21.900000;8;105255;1;-1;0.0000;1;-45241.0000;None;-488600.0000
11854;2023-03-09 20:35:35.363000;1;104180;1;1;84800.0000;1;19463.0000;None;210200.0000
11854;2023-03-09 20:35:35.363000;7;1131;1;1;0.0000;1;19463.0000;None;210200.0000
11854;2023-03-09 20:35:35.363000;7;1131;1;1;0.0000;1;19463.0000;None;210200.0000
11854;2023-03-09 20:35:35.363000;2;101727;1;2;65600.0000;1;19463.0000;None;210200.0000
11854;2023-03-09 20:35:35.363000;7;2049;1;1;0.0000;1;19463.0000;None;210200.0000
11854;2023-03-09 20:35:35.363000;7;2049;1;1;0.0000;1;19463.0000;None;210200.0000
11854;2023-03-09 20:35:35.363000;8;108517;1;1;59800.0000;1;19463.0000;None;210200.0000
11854;2023-03-09 20:35:35.363000;7;1131;1;1;0.0000;1;19463.0000;None;210200.0000
11854;2023-03-09 20:35:35.363000;7;1131;1;1;0.0000;1;19463.0000;None;210200.0000
11856;2023-03-09 20:51:05.080000;8;103746;1;8;318400.0000;1;33352.0000;None;360200.0000
11856;2023-03-09 20:51:05.080000;7;1135;1;1;0.0000;1;33352.0000;None;360200.0000
11856;2023-03-09 20:51:05.080000;8;103690;1;1;41800.0000;1;33352.0000;None;360200.0000
11856;2023-03-09 20:51:05.080000;8;103675;1;1;0.0000;1;33352.0000;None;360200.0000
11856;2023-03-09 20:51:05.080000;7;1131;1;1;0.0000;1;33352.0000;None;360200.0000
11856;2023-03-09 20:51:05.080000;7;1131;1;1;0.0000;1;33352.0000;None;360200.0000
11856;2023-03-09 20:51:05.080000;7;1131;1;1;0.0000;1;33352.0000;None;360200.0000
11857;2023-03-09 21:00:39.463000;1;104180;1;-1;-84800.0000;1;-23333.0000;None;-252000.0000
11857;2023-03-09 21:00:39.463000;2;101727;1;-1;-32800.0000;1;-23333.0000;None;-252000.0000
11857;2023-03-09 21:00:39.463000;2;101727;1;-1;-32800.0000;1;-23333.0000;None;-252000.0000
11857;2023-03-09 21:00:39.463000;8;108518;1;-1;-41800.0000;1;-23333.0000;None;-252000.0000
11857;2023-03-09 21:00:39.463000;8;108517;1;-1;-59800.0000;1;-23333.0000;None;-252000.0000
11858;2023-03-09 21:22:14.477000;8;107284;1;1;38800.0000;1;None;None;109400.0000
11858;2023-03-09 21:22:14.477000;8;108518;1;1;41800.0000;1;None;None;109400.0000
11858;2023-03-09 21:22:14.477000;8;103867;1;1;28800.0000;1;None;None;109400.0000
11859;2023-03-09 22:08:28.787000;8;102790;1;1;37800.0000;1;None;None;106700.0000
11859;2023-03-09 22:08:28.787000;8;100953;1;1;44800.0000;1;None;None;106700.0000
11859;2023-03-09 22:08:28.787000;7;1157;1;1;0.0000;1;None;None;106700.0000
11859;2023-03-09 22:08:28.787000;7;1157;1;1;0.0000;1;None;None;106700.0000
11859;2023-03-09 22:08:28.787000;8;102143;1;1;3800.0000;1;None;None;106700.0000
11859;2023-03-09 22:08:28.787000;7;1157;1;1;0.0000;1;None;None;106700.0000
11859;2023-03-09 22:08:28.787000;7;1157;1;1;0.0000;1;None;None;106700.0000
11859;2023-03-09 22:08:28.787000;3;201237;1;1;5800.0000;1;None;None;106700.0000
11859;2023-03-09 22:08:28.787000;3;201312;1;1;4800.0000;1;None;None;106700.0000
11859;2023-03-09 22:08:28.787000;7;2034;1;1;0.0000;1;None;None;106700.0000
11859;2023-03-09 22:08:28.787000;7;2034;1;1;0.0000;1;None;None;106700.0000
11859;2023-03-09 22:08:48.967000;9;802020;1;1;9700.0000;1;None;None;106700.0000
31163;2023-03-09 13:14:12.270000;1;102925;1;1;12800.0000;1;25241.0000;None;272600.0000
31163;2023-03-09 13:14:12.270000;1;102925;1;1;12800.0000;1;25241.0000;None;272600.0000
31163;2023-03-09 13:14:12.270000;1;102925;1;1;12800.0000;1;25241.0000;None;272600.0000
31163;2023-03-09 13:14:12.270000;1;102457;1;1;18800.0000;1;25241.0000;None;272600.0000
31163;2023-03-09 13:14:12.270000;7;1135;1;1;0.0000;1;25241.0000;None;272600.0000
31163;2023-03-09 13:14:12.270000;3;202570;1;1;8800.0000;1;25241.0000;None;272600.0000
31163;2023-03-09 13:14:12.270000;3;200008;1;1;15800.0000;1;25241.0000;None;272600.0000
31163;2023-03-09 13:14:12.270000;6;105636;1;2;0.0000;1;25241.0000;None;272600.0000
31163;2023-03-09 13:15:32.957000;8;105424;1;1;75800.0000;1;25241.0000;None;272600.0000
31163;2023-03-09 13:15:32.957000;8;104200;1;1;15800.0000;1;25241.0000;None;272600.0000
31163;2023-03-09 13:15:32.957000;8;103165;1;1;34800.0000;1;25241.0000;None;272600.0000
31163;2023-03-09 13:15:32.957000;8;103690;1;1;41800.0000;1;25241.0000;None;272600.0000
31163;2023-03-09 13:15:32.957000;8;105752;1;1;0.0000;1;25241.0000;None;272600.0000
31163;2023-03-09 13:15:32.957000;7;1020;1;1;0.0000;1;25241.0000;None;272600.0000
31163;2023-03-09 13:15:32.957000;7;1020;1;1;0.0000;1;25241.0000;None;272600.0000
31163;2023-03-09 13:15:32.957000;7;1030;1;1;0.0000;1;25241.0000;None;272600.0000
31163;2023-03-09 13:15:32.957000;7;1030;1;1;0.0000;1;25241.0000;None;272600.0000
31163;2023-03-09 13:47:34.357000;3;100614;1;1;5800.0000;1;25241.0000;None;272600.0000
31163;2023-03-09 13:47:34.357000;7;1207;1;1;0.0000;1;25241.0000;None;272600.0000
31163;2023-03-09 13:47:34.357000;1;103873;1;1;16800.0000;1;25241.0000;None;272600.0000
31164;2023-03-09 13:59:04.393000;8;101996;1;1;15800.0000;1;95880.0000;None;1035500.0000
31164;2023-03-09 13:59:04.393000;1;102447;1;1;16800.0000;1;95880.0000;None;1035500.0000
31164;2023-03-09 13:59:04.393000;1;102458;1;1;19800.0000;1;95880.0000;None;1035500.0000
31164;2023-03-09 13:59:04.393000;1;102459;1;1;18800.0000;1;95880.0000;None;1035500.0000
31164;2023-03-09 13:59:04.393000;8;102052;1;1;62800.0000;1;95880.0000;None;1035500.0000
31164;2023-03-09 13:59:04.393000;8;102052;1;1;62800.0000;1;95880.0000;None;1035500.0000
31164;2023-03-09 13:59:04.393000;8;104655;1;1;38800.0000;1;95880.0000;None;1035500.0000
31164;2023-03-09 13:59:04.393000;8;104655;1;1;38800.0000;1;95880.0000;None;1035500.0000
31164;2023-03-09 13:59:04.393000;1;102925;1;1;12800.0000;1;95880.0000;None;1035500.0000
31164;2023-03-09 13:59:04.393000;1;102925;1;1;12800.0000;1;95880.0000;None;1035500.0000
31164;2023-03-09 13:59:04.393000;1;102925;1;1;12800.0000;1;95880.0000;None;1035500.0000
31164;2023-03-09 13:59:04.393000;1;102925;1;1;12800.0000;1;95880.0000;None;1035500.0000
31164;2023-03-09 13:59:04.393000;1;102925;1;1;12800.0000;1;95880.0000;None;1035500.0000
31164;2023-03-09 13:59:04.393000;1;102925;1;1;12800.0000;1;95880.0000;None;1035500.0000
31164;2023-03-09 13:59:04.393000;1;102925;1;1;12800.0000;1;95880.0000;None;1035500.0000
31164;2023-03-09 14:02:25.363000;2;200478;1;1;14800.0000;1;95880.0000;None;1035500.0000
31164;2023-03-09 14:02:25.363000;2;200478;1;1;14800.0000;1;95880.0000;None;1035500.0000
31164;2023-03-09 14:02:25.363000;2;200478;1;1;14800.0000;1;95880.0000;None;1035500.0000
31164;2023-03-09 14:02:25.363000;3;102747;1;1;4800.0000;1;95880.0000;None;1035500.0000
31164;2023-03-09 14:02:25.363000;3;102635;1;1;8800.0000;1;95880.0000;None;1035500.0000
31164;2023-03-09 14:02:25.363000;3;201269;1;1;5800.0000;1;95880.0000;None;1035500.0000
31164;2023-03-09 14:02:25.363000;6;105636;1;1;0.0000;1;95880.0000;None;1035500.0000
31164;2023-03-09 14:02:25.363000;7;2042;1;1;0.0000;1;95880.0000;None;1035500.0000
31164;2023-03-09 14:02:25.363000;3;102635;1;3;26400.0000;1;95880.0000;None;1035500.0000
31164;2023-03-09 14:02:25.363000;7;2042;1;3;0.0000;1;95880.0000;None;1035500.0000
31164;2023-03-09 14:02:25.363000;7;2042;1;1;0.0000;1;95880.0000;None;1035500.0000
31164;2023-03-09 14:02:25.363000;7;2042;1;1;0.0000;1;95880.0000;None;1035500.0000
31164;2023-03-09 14:30:00.457000;8;101970;1;1;129800.0000;1;95880.0000;None;1035500.0000
31164;2023-03-09 14:30:00.457000;8;103690;1;1;41800.0000;1;95880.0000;None;1035500.0000
31164;2023-03-09 14:30:00.457000;8;105731;1;1;0.0000;1;95880.0000;None;1035500.0000
31164;2023-03-09 14:30:00.457000;7;1158;1;1;0.0000;1;95880.0000;None;1035500.0000
31164;2023-03-09 14:30:00.457000;7;1158;1;1;0.0000;1;95880.0000;None;1035500.0000
31164;2023-03-09 14:30:00.457000;1;102459;1;1;18800.0000;1;95880.0000;None;1035500.0000
31164;2023-03-09 14:30:00.457000;1;101318;1;1;35800.0000;1;95880.0000;None;1035500.0000
31164;2023-03-09 14:30:00.457000;7;1158;1;1;0.0000;1;95880.0000;None;1035500.0000
31164;2023-03-09 14:30:00.457000;7;1158;1;1;0.0000;1;95880.0000;None;1035500.0000
31164;2023-03-09 14:30:00.457000;1;100941;1;1;14100.0000;1;95880.0000;None;1035500.0000
31164;2023-03-09 14:30:00.457000;1;101051;1;1;49800.0000;1;95880.0000;None;1035500.0000
31164;2023-03-09 14:30:00.457000;7;1158;1;1;0.0000;1;95880.0000;None;1035500.0000
31164;2023-03-09 14:30:00.457000;7;1158;1;1;0.0000;1;95880.0000;None;1035500.0000
31164;2023-03-09 14:48:14.790000;1;101927;1;1;129800.0000;1;95880.0000;None;1035500.0000
31164;2023-03-09 14:50:14.910000;8;102052;1;1;62800.0000;1;95880.0000;None;1035500.0000
31164;2023-03-09 14:50:14.910000;7;1158;1;1;0.0000;1;95880.0000;None;1035500.0000
31164;2023-03-09 14:52:49.517000;8;104655;1;1;38800.0000;1;95880.0000;None;1035500.0000
31164;2023-03-09 15:05:52.707000;1;103780;1;1;16800.0000;1;95880.0000;None;1035500.0000
31164;2023-03-09 15:05:52.707000;1;102535;1;1;19800.0000;1;95880.0000;None;1035500.0000
31164;2023-03-09 15:05:52.707000;3;100614;1;1;5800.0000;1;95880.0000;None;1035500.0000
31164;2023-03-09 15:05:52.707000;3;100614;1;1;5800.0000;1;95880.0000;None;1035500.0000
31164;2023-03-09 15:05:52.707000;3;100614;1;1;5800.0000;1;95880.0000;None;1035500.0000
31164;2023-03-09 15:05:52.707000;3;100614;1;1;5800.0000;1;95880.0000;None;1035500.0000
31164;2023-03-09 15:05:52.707000;7;1207;1;1;0.0000;1;95880.0000;None;1035500.0000
31172;2023-03-09 19:46:57.613000;8;101996;1;1;15800.0000;1;68482.0000;None;739600.0000
31172;2023-03-09 19:46:57.613000;3;201269;1;1;5800.0000;1;68482.0000;None;739600.0000
31172;2023-03-09 19:46:57.613000;4;108191;1;1;0.0000;1;68482.0000;None;739600.0000
31172;2023-03-09 19:56:25.720000;2;200040;1;1;181800.0000;1;68482.0000;None;739600.0000
31172;2023-03-09 20:02:40.373000;2;201615;1;1;14800.0000;1;68482.0000;None;739600.0000
31172;2023-03-09 20:02:40.373000;4;108191;1;1;0.0000;1;68482.0000;None;739600.0000
31172;2023-03-09 20:02:40.373000;3;102748;1;1;15800.0000;1;68482.0000;None;739600.0000
31172;2023-03-09 20:02:40.373000;3;201312;1;1;4800.0000;1;68482.0000;None;739600.0000
31172;2023-03-09 20:02:40.373000;8;101883;1;1;54800.0000;1;68482.0000;None;739600.0000
31172;2023-03-09 20:02:40.373000;1;104253;1;1;16800.0000;1;68482.0000;None;739600.0000
31172;2023-03-09 20:02:40.373000;1;104256;1;1;28800.0000;1;68482.0000;None;739600.0000
31172;2023-03-09 20:02:40.373000;1;108443;1;1;66800.0000;1;68482.0000;None;739600.0000
31172;2023-03-09 20:02:40.373000;8;101883;1;1;54800.0000;1;68482.0000;None;739600.0000
31172;2023-03-09 20:02:40.373000;8;101883;1;1;54800.0000;1;68482.0000;None;739600.0000
31172;2023-03-09 20:02:40.373000;7;1158;1;1;0.0000;1;68482.0000;None;739600.0000
31172;2023-03-09 20:02:40.373000;7;1158;1;1;0.0000;1;68482.0000;None;739600.0000
31172;2023-03-09 20:02:40.373000;2;107767;1;1;50800.0000;1;68482.0000;None;739600.0000
31172;2023-03-09 20:02:40.373000;6;105631;1;1;0.0000;1;68482.0000;None;739600.0000
31172;2023-03-09 20:02:40.373000;1;103695;1;1;79800.0000;1;68482.0000;None;739600.0000
31172;2023-03-09 20:02:40.373000;1;106922;1;1;0.0000;1;68482.0000;None;739600.0000
31172;2023-03-09 20:02:40.373000;1;106922;2;1;0.0000;1;68482.0000;None;739600.0000
31172;2023-03-09 20:02:40.373000;1;105197;1;1;9800.0000;1;68482.0000;None;739600.0000
31172;2023-03-09 20:02:40.373000;7;1158;1;1;0.0000;1;68482.0000;None;739600.0000
31172;2023-03-09 20:02:40.373000;7;1158;1;1;0.0000;1;68482.0000;None;739600.0000
31172;2023-03-09 20:29:42.893000;8;104655;1;1;38800.0000;1;68482.0000;None;739600.0000
31172;2023-03-09 20:29:42.893000;7;1158;1;1;0.0000;1;68482.0000;None;739600.0000
31172;2023-03-09 20:29:42.893000;7;1158;1;1;0.0000;1;68482.0000;None;739600.0000
31172;2023-03-09 20:42:43.973000;8;100953;1;1;44800.0000;1;68482.0000;None;739600.0000
31172;2023-03-09 20:42:43.973000;7;1158;1;1;0.0000;1;68482.0000;None;739600.0000
31173;2023-03-09 19:50:18.127000;2;201187;1;1;9800.0000;1;13982.0000;None;151000.0000
31173;2023-03-09 19:50:18.127000;4;108191;1;1;0.0000;1;13982.0000;None;151000.0000
31173;2023-03-09 19:50:18.127000;7;1207;1;1;0.0000;1;13982.0000;None;151000.0000
31173;2023-03-09 19:50:18.127000;3;200007;1;1;12800.0000;1;13982.0000;None;151000.0000
31173;2023-03-09 19:50:18.127000;6;105636;1;1;0.0000;1;13982.0000;None;151000.0000
31173;2023-03-09 19:50:18.127000;3;200007;1;1;12800.0000;1;13982.0000;None;151000.0000
31173;2023-03-09 19:50:18.127000;6;105636;1;1;0.0000;1;13982.0000;None;151000.0000
31173;2023-03-09 19:50:18.127000;6;105636;1;1;0.0000;1;13982.0000;None;151000.0000
31173;2023-03-09 20:24:17.973000;8;103746;1;1;39800.0000;1;13982.0000;None;151000.0000
31173;2023-03-09 20:24:17.973000;8;105424;1;1;75800.0000;1;13982.0000;None;151000.0000
31173;2023-03-09 20:24:17.973000;7;1131;1;1;0.0000;1;13982.0000;None;151000.0000
31173;2023-03-09 20:24:17.973000;7;1131;1;1;0.0000;1;13982.0000;None;151000.0000
31174;2023-03-09 20:07:11.977000;2;105451;1;1;79800.0000;1;44648.0000;None;482200.0000
31174;2023-03-09 20:07:11.977000;7;1207;1;1;0.0000;1;44648.0000;None;482200.0000
31174;2023-03-09 20:12:53.870000;8;101996;1;1;15800.0000;1;44648.0000;None;482200.0000
31174;2023-03-09 20:12:53.870000;1;108429;1;1;69800.0000;1;44648.0000;None;482200.0000
31174;2023-03-09 20:12:53.870000;1;102459;1;1;18800.0000;1;44648.0000;None;482200.0000
31174;2023-03-09 20:12:53.870000;7;1158;1;1;0.0000;1;44648.0000;None;482200.0000
31174;2023-03-09 20:12:53.870000;7;1158;1;1;0.0000;1;44648.0000;None;482200.0000
31174;2023-03-09 20:41:18.410000;3;201206;1;1;5800.0000;1;44648.0000;None;482200.0000
31174;2023-03-09 20:52:28.560000;8;100953;1;1;44800.0000;1;44648.0000;None;482200.0000
31174;2023-03-09 21:15:48.333000;3;201312;1;1;4800.0000;1;44648.0000;None;482200.0000
31174;2023-03-09 21:17:59.257000;1;105023;1;1;55800.0000;1;44648.0000;None;482200.0000
31174;2023-03-09 21:17:59.257000;1;104180;1;1;84800.0000;1;44648.0000;None;482200.0000
31174;2023-03-09 21:17:59.257000;8;103724;1;1;67800.0000;1;44648.0000;None;482200.0000
31174;2023-03-09 21:17:59.257000;7;1158;1;1;0.0000;1;44648.0000;None;482200.0000
31174;2023-03-09 22:10:42.810000;1;101895;1;1;16800.0000;1;44648.0000;None;482200.0000
31174;2023-03-09 22:10:42.810000;3;100614;1;1;5800.0000;1;44648.0000;None;482200.0000
31174;2023-03-09 22:10:42.810000;3;100614;1;1;5800.0000;1;44648.0000;None;482200.0000
31174;2023-03-09 22:15:40.560000;3;100613;1;1;5800.0000;1;44648.0000;None;482200.0000
31175;2023-03-09 20:12:12.927000;1;104869;1;1;79800.0000;1;47371.0000;None;511600.0000
31175;2023-03-09 20:12:12.927000;8;101996;1;1;15800.0000;1;47371.0000;None;511600.0000
31175;2023-03-09 20:12:12.927000;1;102456;1;1;16800.0000;1;47371.0000;None;511600.0000
31175;2023-03-09 20:12:12.927000;7;1158;1;1;0.0000;1;47371.0000;None;511600.0000
31175;2023-03-09 20:12:12.927000;7;1158;1;1;0.0000;1;47371.0000;None;511600.0000
31175;2023-03-09 20:12:12.927000;8;102052;1;1;62800.0000;1;47371.0000;None;511600.0000
31175;2023-03-09 20:12:12.927000;8;100953;1;1;44800.0000;1;47371.0000;None;511600.0000
31175;2023-03-09 20:12:12.927000;7;1158;1;1;0.0000;1;47371.0000;None;511600.0000
31175;2023-03-09 20:12:12.927000;7;1158;1;1;0.0000;1;47371.0000;None;511600.0000
31175;2023-03-09 20:12:12.927000;3;200007;1;1;12800.0000;1;47371.0000;None;511600.0000
31175;2023-03-09 20:12:12.927000;4;108191;1;1;0.0000;1;47371.0000;None;511600.0000
31175;2023-03-09 20:12:12.927000;3;102643;1;1;14800.0000;1;47371.0000;None;511600.0000
31175;2023-03-09 20:12:12.927000;3;104446;1;1;5800.0000;1;47371.0000;None;511600.0000
31175;2023-03-09 20:12:12.927000;7;2072;1;1;0.0000;1;47371.0000;None;511600.0000
31175;2023-03-09 20:12:12.927000;2;201187;1;1;9800.0000;1;47371.0000;None;511600.0000
31175;2023-03-09 20:12:12.927000;3;102637;1;1;9800.0000;1;47371.0000;None;511600.0000
31175;2023-03-09 20:28:31.323000;8;102052;1;1;62800.0000;1;47371.0000;None;511600.0000
31175;2023-03-09 20:28:31.323000;7;1158;1;1;0.0000;1;47371.0000;None;511600.0000
31175;2023-03-09 20:29:15.433000;1;101321;1;1;26800.0000;1;47371.0000;None;511600.0000
31175;2023-03-09 20:29:15.433000;7;1026;1;1;0.0000;1;47371.0000;None;511600.0000
31175;2023-03-09 20:29:15.433000;1;106922;2;1;0.0000;1;47371.0000;None;511600.0000
31175;2023-03-09 20:29:15.433000;7;1135;1;1;0.0000;1;47371.0000;None;511600.0000
31175;2023-03-09 20:49:02.107000;8;103023;1;1;47800.0000;1;47371.0000;None;511600.0000
31175;2023-03-09 20:49:02.107000;8;101883;1;1;54800.0000;1;47371.0000;None;511600.0000
31175;2023-03-09 20:49:02.107000;7;1158;1;1;0.0000;1;47371.0000;None;511600.0000
31175;2023-03-09 20:49:02.107000;7;1158;1;1;0.0000;1;47371.0000;None;511600.0000
31175;2023-03-09 20:49:02.107000;1;101929;1;1;16800.0000;1;47371.0000;None;511600.0000
31175;2023-03-09 20:49:02.107000;7;1158;1;1;0.0000;1;47371.0000;None;511600.0000
31175;2023-03-09 21:06:43.817000;2;201187;1;1;9800.0000;1;47371.0000;None;511600.0000
31175;2023-03-09 21:20:02.530000;1;102535;1;1;19800.0000;1;47371.0000;None;511600.0000
31176;2023-03-09 20:15:39.417000;2;104234;1;1;36800.0000;1;59500.0000;None;642600.0000
31176;2023-03-09 20:15:39.417000;2;104234;1;1;36800.0000;1;59500.0000;None;642600.0000
31176;2023-03-09 20:15:39.417000;2;108101;1;1;36800.0000;1;59500.0000;None;642600.0000
31176;2023-03-09 20:15:39.417000;2;108101;1;1;36800.0000;1;59500.0000;None;642600.0000
31176;2023-03-09 20:37:08.217000;8;101996;1;1;15800.0000;1;59500.0000;None;642600.0000
31176;2023-03-09 20:37:08.217000;1;102456;1;1;16800.0000;1;59500.0000;None;642600.0000
31176;2023-03-09 20:37:08.217000;1;102458;1;1;19800.0000;1;59500.0000;None;642600.0000
31176;2023-03-09 20:37:08.217000;1;100435;1;1;75800.0000;1;59500.0000;None;642600.0000
31176;2023-03-09 21:36:52.817000;8;102594;1;1;58800.0000;1;59500.0000;None;642600.0000
31176;2023-03-09 21:36:52.817000;8;106491;1;1;55800.0000;1;59500.0000;None;642600.0000
31176;2023-03-09 21:36:52.817000;7;1158;1;1;0.0000;1;59500.0000;None;642600.0000
31176;2023-03-09 21:36:52.817000;1;100435;1;1;75800.0000;1;59500.0000;None;642600.0000
31176;2023-03-09 21:36:52.817000;7;1158;1;1;0.0000;1;59500.0000;None;642600.0000
31176;2023-03-09 21:36:52.817000;2;104234;1;1;36800.0000;1;59500.0000;None;642600.0000
31176;2023-03-09 21:36:52.817000;2;104234;1;1;36800.0000;1;59500.0000;None;642600.0000
31176;2023-03-09 21:36:52.817000;2;108101;1;1;36800.0000;1;59500.0000;None;642600.0000
31176;2023-03-09 21:36:52.817000;2;108101;1;1;36800.0000;1;59500.0000;None;642600.0000
31176;2023-03-09 22:22:09.323000;1;101195;1;1;14800.0000;1;59500.0000;None;642600.0000
31176;2023-03-09 22:22:09.323000;1;101195;1;1;14800.0000;1;59500.0000;None;642600.0000
31177;2023-03-09 21:02:38.537000;1;102923;1;1;68800.0000;1;42148.0000;None;455200.0000
31177;2023-03-09 21:02:38.537000;1;101323;1;1;29800.0000;1;42148.0000;None;455200.0000
31177;2023-03-09 21:02:38.537000;1;109508;1;1;29800.0000;1;42148.0000;None;455200.0000
31177;2023-03-09 21:02:38.537000;1;101047;1;1;46800.0000;1;42148.0000;None;455200.0000
31177;2023-03-09 21:02:38.537000;7;1002;1;1;0.0000;1;42148.0000;None;455200.0000
31177;2023-03-09 21:02:38.537000;1;106922;2;1;0.0000;1;42148.0000;None;455200.0000
31177;2023-03-09 21:02:38.537000;8;103867;1;1;28800.0000;1;42148.0000;None;455200.0000
31177;2023-03-09 21:02:38.537000;1;101051;1;1;49800.0000;1;42148.0000;None;455200.0000
31177;2023-03-09 21:02:38.537000;1;104215;1;1;18800.0000;1;42148.0000;None;455200.0000
31177;2023-03-09 21:02:38.537000;7;1020;1;1;0.0000;1;42148.0000;None;455200.0000
31177;2023-03-09 21:02:38.537000;7;1020;1;1;0.0000;1;42148.0000;None;455200.0000
31177;2023-03-09 21:02:38.537000;7;1020;1;1;0.0000;1;42148.0000;None;455200.0000
31177;2023-03-09 21:02:38.537000;7;1020;1;1;0.0000;1;42148.0000;None;455200.0000
31177;2023-03-09 21:02:38.537000;7;1158;1;1;0.0000;1;42148.0000;None;455200.0000
31177;2023-03-09 21:02:38.537000;7;1158;1;1;0.0000;1;42148.0000;None;455200.0000
31177;2023-03-09 21:02:38.537000;2;102605;1;1;47800.0000;1;42148.0000;None;455200.0000
31177;2023-03-09 21:02:38.537000;7;2008;1;3;0.0000;1;42148.0000;None;455200.0000
31177;2023-03-09 21:02:38.537000;7;2052;1;1;0.0000;1;42148.0000;None;455200.0000
31177;2023-03-09 21:02:38.537000;1;102459;1;1;18800.0000;1;42148.0000;None;455200.0000
31177;2023-03-09 21:02:38.537000;1;102458;1;1;19800.0000;1;42148.0000;None;455200.0000
31177;2023-03-09 21:02:38.537000;3;201206;1;1;5800.0000;1;42148.0000;None;455200.0000
31177;2023-03-09 21:02:38.537000;3;201206;1;1;5800.0000;1;42148.0000;None;455200.0000
31177;2023-03-09 21:02:38.537000;3;201206;1;1;5800.0000;1;42148.0000;None;455200.0000
31177;2023-03-09 21:02:38.537000;3;202570;1;1;8800.0000;1;42148.0000;None;455200.0000
31177;2023-03-09 21:02:38.537000;3;201277;1;1;5800.0000;1;42148.0000;None;455200.0000
31177;2023-03-09 21:02:38.537000;3;102747;1;1;4800.0000;1;42148.0000;None;455200.0000
31177;2023-03-09 21:02:38.537000;7;2006;1;1;0.0000;1;42148.0000;None;455200.0000
31177;2023-03-09 21:02:38.537000;3;202570;1;1;8800.0000;1;42148.0000;None;455200.0000
31177;2023-03-09 21:02:38.537000;3;202570;1;1;8800.0000;1;42148.0000;None;455200.0000
31177;2023-03-09 21:02:38.537000;3;102747;1;1;4800.0000;1;42148.0000;None;455200.0000
31177;2023-03-09 21:02:38.537000;3;102747;1;1;4800.0000;1;42148.0000;None;455200.0000
31177;2023-03-09 22:01:50.097000;1;109317;1;1;16800.0000;1;42148.0000;None;455200.0000
31177;2023-03-09 22:01:50.097000;3;101216;1;1;4800.0000;1;42148.0000;None;455200.0000
31177;2023-03-09 22:01:50.097000;3;101216;1;1;4800.0000;1;42148.0000;None;455200.0000
31177;2023-03-09 22:01:50.097000;3;100613;1;1;5800.0000;1;42148.0000;None;455200.0000
31178;2023-03-09 21:11:55.843000;8;100953;1;1;44800.0000;1;None;35389.0000;764400.0000
31178;2023-03-09 21:11:55.843000;8;102797;1;1;56800.0000;1;None;35389.0000;764400.0000
31178;2023-03-09 21:11:55.843000;8;103165;1;1;34800.0000;1;None;35389.0000;764400.0000
31178;2023-03-09 21:11:55.843000;8;103867;1;1;28800.0000;1;None;35389.0000;764400.0000
31178;2023-03-09 21:11:55.843000;7;1158;1;1;0.0000;1;None;35389.0000;764400.0000
31178;2023-03-09 21:11:55.843000;7;1158;1;1;0.0000;1;None;35389.0000;764400.0000
31178;2023-03-09 21:11:55.843000;1;102923;1;1;68800.0000;1;None;35389.0000;764400.0000
31178;2023-03-09 21:11:55.843000;1;102923;1;1;68800.0000;1;None;35389.0000;764400.0000
31178;2023-03-09 21:11:55.843000;7;1158;1;1;0.0000;1;None;35389.0000;764400.0000
31178;2023-03-09 21:11:55.843000;7;1158;1;1;0.0000;1;None;35389.0000;764400.0000
31178;2023-03-09 21:11:55.843000;8;103687;1;1;89800.0000;1;None;35389.0000;764400.0000
31178;2023-03-09 21:11:55.843000;7;1158;1;1;0.0000;1;None;35389.0000;764400.0000
31178;2023-03-09 21:11:55.843000;8;102052;1;1;62800.0000;1;None;35389.0000;764400.0000
31178;2023-03-09 21:11:55.843000;7;1158;1;1;0.0000;1;None;35389.0000;764400.0000
31178;2023-03-09 21:17:59.700000;3;102643;1;1;14800.0000;1;None;35389.0000;764400.0000
31178;2023-03-09 21:17:59.700000;3;102643;1;1;14800.0000;1;None;35389.0000;764400.0000
31178;2023-03-09 21:17:59.700000;3;102643;1;1;14800.0000;1;None;35389.0000;764400.0000
31178;2023-03-09 21:17:59.700000;3;102633;1;1;12800.0000;1;None;35389.0000;764400.0000
31178;2023-03-09 21:17:59.700000;6;105636;1;1;0.0000;1;None;35389.0000;764400.0000
31178;2023-03-09 21:17:59.700000;3;102633;1;1;12800.0000;1;None;35389.0000;764400.0000
31178;2023-03-09 21:17:59.700000;6;105636;1;1;0.0000;1;None;35389.0000;764400.0000
31178;2023-03-09 21:33:40.727000;8;103165;1;1;34800.0000;1;None;35389.0000;764400.0000
31178;2023-03-09 21:33:40.727000;8;103867;1;1;28800.0000;1;None;35389.0000;764400.0000
31178;2023-03-09 21:33:40.727000;8;102052;1;1;62800.0000;1;None;35389.0000;764400.0000
31178;2023-03-09 21:33:40.727000;7;1158;1;1;0.0000;1;None;35389.0000;764400.0000
31178;2023-03-09 21:33:40.727000;7;1158;1;1;0.0000;1;None;35389.0000;764400.0000
31178;2023-03-09 21:33:40.727000;1;101051;1;1;49800.0000;1;None;35389.0000;764400.0000
31178;2023-03-09 21:33:40.727000;7;1158;1;1;0.0000;1;None;35389.0000;764400.0000
31178;2023-03-09 21:33:40.727000;7;1158;1;1;0.0000;1;None;35389.0000;764400.0000
31178;2023-03-09 21:37:10.767000;8;102052;1;1;62800.0000;1;None;35389.0000;764400.0000
31178;2023-03-09 21:37:10.767000;7;1131;1;1;0.0000;1;None;35389.0000;764400.0000
31178;2023-03-09 21:37:10.767000;7;1131;1;1;0.0000;1;None;35389.0000;764400.0000
33567;2023-03-09 12:23:14.877000;8;103867;1;1;28800.0000;1;41074.0000;None;443600.0000
33567;2023-03-09 12:23:14.877000;7;1158;1;1;0.0000;1;41074.0000;None;443600.0000
33567;2023-03-09 12:38:30.477000;8;103867;1;1;28800.0000;1;41074.0000;None;443600.0000
33567;2023-03-09 12:38:30.477000;8;103867;1;1;28800.0000;1;41074.0000;None;443600.0000
33567;2023-03-09 12:38:30.477000;8;102790;1;1;37800.0000;1;41074.0000;None;443600.0000
33567;2023-03-09 12:38:30.477000;8;102790;1;1;37800.0000;1;41074.0000;None;443600.0000
33567;2023-03-09 12:38:30.477000;8;103746;1;1;39800.0000;1;41074.0000;None;443600.0000
33567;2023-03-09 12:38:30.477000;8;103746;1;1;39800.0000;1;41074.0000;None;443600.0000
33567;2023-03-09 12:38:30.477000;8;103539;1;1;32800.0000;1;41074.0000;None;443600.0000
33567;2023-03-09 12:38:30.477000;8;103539;1;1;32800.0000;1;41074.0000;None;443600.0000
33567;2023-03-09 12:38:30.477000;8;101996;1;1;15800.0000;1;41074.0000;None;443600.0000
33567;2023-03-09 12:38:30.477000;8;101996;1;1;15800.0000;1;41074.0000;None;443600.0000
33567;2023-03-09 12:38:30.477000;1;104261;1;1;18800.0000;1;41074.0000;None;443600.0000
33567;2023-03-09 12:38:30.477000;1;104261;1;1;18800.0000;1;41074.0000;None;443600.0000
33567;2023-03-09 12:38:30.477000;7;1157;1;1;0.0000;1;41074.0000;None;443600.0000
33567;2023-03-09 12:38:30.477000;7;1157;1;1;0.0000;1;41074.0000;None;443600.0000
33567;2023-03-09 12:38:30.477000;7;1135;1;1;0.0000;1;41074.0000;None;443600.0000
33567;2023-03-09 12:42:38.663000;1;101929;1;4;67200.0000;1;41074.0000;None;443600.0000
33567;2023-03-09 12:42:38.663000;7;1157;1;1;0.0000;1;41074.0000;None;443600.0000
33567;2023-03-09 12:42:38.663000;7;1157;1;1;0.0000;1;41074.0000;None;443600.0000
33567;2023-03-09 12:42:38.663000;7;1020;1;1;0.0000;1;41074.0000;None;443600.0000
33567;2023-03-09 12:42:38.663000;7;1020;1;1;0.0000;1;41074.0000;None;443600.0000
33567;2023-03-09 12:42:38.663000;7;1135;1;1;0.0000;1;41074.0000;None;443600.0000
33568;2023-03-09 12:45:02.203000;1;101048;1;1;44800.0000;1;19278.0000;None;208200.0000
33568;2023-03-09 12:45:02.203000;8;103023;1;1;47800.0000;1;19278.0000;None;208200.0000
33568;2023-03-09 12:45:02.203000;1;102927;1;1;66800.0000;1;19278.0000;None;208200.0000
33568;2023-03-09 12:45:02.203000;6;101546;1;1;0.0000;1;19278.0000;None;208200.0000
33568;2023-03-09 12:45:02.203000;6;105509;1;1;0.0000;1;19278.0000;None;208200.0000
33568;2023-03-09 12:45:02.203000;6;101408;1;1;0.0000;1;19278.0000;None;208200.0000
33568;2023-03-09 12:45:02.203000;7;1011;1;1;0.0000;1;19278.0000;None;208200.0000
33568;2023-03-09 12:45:02.203000;7;1011;1;1;0.0000;1;19278.0000;None;208200.0000
33568;2023-03-09 12:45:02.203000;3;202570;1;1;8800.0000;1;19278.0000;None;208200.0000
33568;2023-03-09 12:45:02.203000;3;102635;1;1;8800.0000;1;19278.0000;None;208200.0000
33568;2023-03-09 12:45:02.203000;7;2042;1;1;0.0000;1;19278.0000;None;208200.0000
33568;2023-03-09 12:45:02.203000;3;102747;1;1;4800.0000;1;19278.0000;None;208200.0000
33568;2023-03-09 13:23:28.523000;1;101195;1;1;14800.0000;1;19278.0000;None;208200.0000
33568;2023-03-09 13:23:28.523000;3;100614;1;1;5800.0000;1;19278.0000;None;208200.0000
33568;2023-03-09 13:23:28.523000;3;100614;1;1;5800.0000;1;19278.0000;None;208200.0000
33570;2023-03-09 12:55:45.200000;3;200008;1;1;15800.0000;1;19463.0000;None;210200.0000
33570;2023-03-09 12:55:45.200000;7;2008;1;2;0.0000;1;19463.0000;None;210200.0000
33570;2023-03-09 12:55:45.200000;6;105636;1;1;0.0000;1;19463.0000;None;210200.0000
33570;2023-03-09 12:55:45.200000;3;102635;1;1;8800.0000;1;19463.0000;None;210200.0000
33570;2023-03-09 12:55:45.200000;7;2012;1;1;0.0000;1;19463.0000;None;210200.0000
33570;2023-03-09 13:00:39.343000;8;104655;1;1;38800.0000;1;19463.0000;None;210200.0000
33570;2023-03-09 13:00:39.343000;8;103022;1;1;69800.0000;1;19463.0000;None;210200.0000
33570;2023-03-09 13:00:39.343000;8;108518;1;1;41800.0000;1;19463.0000;None;210200.0000
33570;2023-03-09 13:00:39.343000;7;1100;1;1;0.0000;1;19463.0000;None;210200.0000
33570;2023-03-09 13:00:39.343000;7;1100;1;1;0.0000;1;19463.0000;None;210200.0000
33570;2023-03-09 13:00:39.343000;7;1100;1;1;0.0000;1;19463.0000;None;210200.0000
33570;2023-03-09 13:39:50.920000;3;100614;1;1;5800.0000;1;19463.0000;None;210200.0000
33570;2023-03-09 13:39:50.920000;3;100614;1;1;5800.0000;1;19463.0000;None;210200.0000
33570;2023-03-09 13:39:50.920000;3;100607;1;1;6800.0000;1;19463.0000;None;210200.0000
33570;2023-03-09 13:39:50.920000;1;103780;1;1;16800.0000;1;19463.0000;None;210200.0000
33571;2023-03-09 13:37:35.857000;3;102635;1;1;8800.0000;1;16426.0000;None;177400.0000
33571;2023-03-09 13:37:35.857000;7;2042;1;1;0.0000;1;16426.0000;None;177400.0000
33571;2023-03-09 13:37:35.857000;3;102633;1;1;12800.0000;1;16426.0000;None;177400.0000
33571;2023-03-09 13:37:35.857000;7;2042;1;1;0.0000;1;16426.0000;None;177400.0000
33571;2023-03-09 13:37:35.857000;1;101929;1;1;16800.0000;1;16426.0000;None;177400.0000
33571;2023-03-09 13:48:24.197000;3;102633;1;1;12800.0000;1;16426.0000;None;177400.0000
33571;2023-03-09 13:48:24.197000;7;2042;1;1;0.0000;1;16426.0000;None;177400.0000
33571;2023-03-09 13:48:24.197000;8;101883;1;1;54800.0000;1;16426.0000;None;177400.0000
33571;2023-03-09 13:48:24.197000;8;104200;1;1;15800.0000;1;16426.0000;None;177400.0000
33571;2023-03-09 13:48:24.197000;7;1020;1;1;0.0000;1;16426.0000;None;177400.0000
33571;2023-03-09 14:02:48.723000;1;101051;1;1;49800.0000;1;16426.0000;None;177400.0000
33571;2023-03-09 14:02:48.723000;7;1011;1;1;0.0000;1;16426.0000;None;177400.0000
33571;2023-03-09 14:37:56.187000;3;100614;1;1;5800.0000;1;16426.0000;None;177400.0000
33572;2023-03-09 13:56:02.537000;8;102797;1;1;56800.0000;1;54778.0000;None;591600.0000
33572;2023-03-09 13:56:02.537000;3;200007;1;1;12800.0000;1;54778.0000;None;591600.0000
33572;2023-03-09 13:56:02.537000;3;200007;1;1;12800.0000;1;54778.0000;None;591600.0000
33572;2023-03-09 13:56:02.537000;1;101270;1;1;0.0000;1;54778.0000;None;591600.0000
33572;2023-03-09 13:56:02.537000;1;101270;1;1;0.0000;1;54778.0000;None;591600.0000
33572;2023-03-09 13:56:30.770000;1;103596;1;1;79800.0000;1;54778.0000;None;591600.0000
33572;2023-03-09 13:56:30.770000;1;106337;2;1;0.0000;1;54778.0000;None;591600.0000
33572;2023-03-09 13:56:30.770000;1;106337;2;1;0.0000;1;54778.0000;None;591600.0000
33572;2023-03-09 13:56:30.770000;1;102337;1;1;89800.0000;1;54778.0000;None;591600.0000
33572;2023-03-09 13:56:30.770000;1;106337;2;1;0.0000;1;54778.0000;None;591600.0000
33572;2023-03-09 13:56:30.770000;1;106337;2;1;0.0000;1;54778.0000;None;591600.0000
33572;2023-03-09 13:56:30.770000;7;1020;1;1;0.0000;1;54778.0000;None;591600.0000
33572;2023-03-09 13:56:30.770000;7;1158;1;1;0.0000;1;54778.0000;None;591600.0000
33572;2023-03-09 12:45:46.863000;1;102456;1;1;16800.0000;1;54778.0000;None;591600.0000
33572;2023-03-09 12:45:46.863000;7;1029;1;1;0.0000;1;54778.0000;None;591600.0000
33572;2023-03-09 12:45:46.863000;7;1029;1;1;0.0000;1;54778.0000;None;591600.0000
33572;2023-03-09 12:45:46.863000;7;1014;1;1;0.0000;1;54778.0000;None;591600.0000
33572;2023-03-09 12:45:46.863000;7;1075;1;1;0.0000;1;54778.0000;None;591600.0000
33572;2023-03-09 12:45:46.863000;7;1075;1;1;0.0000;1;54778.0000;None;591600.0000
33572;2023-03-09 12:45:46.863000;8;103547;1;1;71800.0000;1;54778.0000;None;591600.0000
33572;2023-03-09 12:45:46.863000;8;103867;1;1;28800.0000;1;54778.0000;None;591600.0000
33572;2023-03-09 12:45:46.863000;3;200007;1;1;12800.0000;1;54778.0000;None;591600.0000
33572;2023-03-09 12:45:46.863000;1;101270;1;1;0.0000;1;54778.0000;None;591600.0000
33572;2023-03-09 12:45:46.863000;3;102635;1;1;8800.0000;1;54778.0000;None;591600.0000
33572;2023-03-09 12:45:46.863000;7;2042;1;1;0.0000;1;54778.0000;None;591600.0000
33572;2023-03-09 12:45:46.863000;3;201312;1;1;4800.0000;1;54778.0000;None;591600.0000
33572;2023-03-09 13:20:21.777000;1;102840;1;1;89800.0000;1;54778.0000;None;591600.0000
33572;2023-03-09 13:20:21.777000;7;1011;1;1;0.0000;1;54778.0000;None;591600.0000
33572;2023-03-09 13:20:21.777000;7;1014;1;1;0.0000;1;54778.0000;None;591600.0000
33572;2023-03-09 13:20:21.777000;7;1014;1;1;0.0000;1;54778.0000;None;591600.0000
33572;2023-03-09 13:20:21.777000;7;1075;1;1;0.0000;1;54778.0000;None;591600.0000
33572;2023-03-09 13:20:21.777000;1;104261;1;1;18800.0000;1;54778.0000;None;591600.0000
33572;2023-03-09 13:20:21.777000;7;1011;1;1;0.0000;1;54778.0000;None;591600.0000
33572;2023-03-09 13:20:21.777000;7;1014;1;1;0.0000;1;54778.0000;None;591600.0000
33572;2023-03-09 13:20:21.777000;7;1014;1;1;0.0000;1;54778.0000;None;591600.0000
33572;2023-03-09 13:20:21.777000;7;1075;1;1;0.0000;1;54778.0000;None;591600.0000
33572;2023-03-09 13:20:21.777000;7;1075;1;1;0.0000;1;54778.0000;None;591600.0000
33572;2023-03-09 13:20:21.777000;1;108443;1;1;66800.0000;1;54778.0000;None;591600.0000
33572;2023-03-09 13:20:21.777000;7;1011;1;1;0.0000;1;54778.0000;None;591600.0000
33572;2023-03-09 13:20:21.777000;7;1014;1;1;0.0000;1;54778.0000;None;591600.0000
33572;2023-03-09 13:20:21.777000;7;1135;1;1;0.0000;1;54778.0000;None;591600.0000
33572;2023-03-09 13:20:21.777000;7;1011;1;1;0.0000;1;54778.0000;None;591600.0000
33572;2023-03-09 13:20:21.777000;7;1011;1;1;0.0000;1;54778.0000;None;591600.0000
33572;2023-03-09 13:20:21.777000;7;1158;1;1;0.0000;1;54778.0000;None;591600.0000
33572;2023-03-09 13:20:21.777000;7;1158;1;1;0.0000;1;54778.0000;None;591600.0000
33572;2023-03-09 13:20:21.777000;7;1158;1;1;0.0000;1;54778.0000;None;591600.0000
33572;2023-03-09 13:26:59.420000;3;102635;1;1;8800.0000;1;54778.0000;None;591600.0000
33572;2023-03-09 13:57:35.277000;3;100613;1;1;5800.0000;1;54778.0000;None;591600.0000
33572;2023-03-09 13:59:24.393000;3;100614;1;1;5800.0000;1;54778.0000;None;591600.0000
33572;2023-03-09 14:15:06.810000;7;1220;1;1;0.0000;1;54778.0000;None;591600.0000
33572;2023-03-09 14:15:06.810000;7;1220;1;1;0.0000;1;54778.0000;None;591600.0000
33577;2023-03-09 15:58:45.627000;3;100614;1;1;5800.0000;1;17130.0000;None;185000.0000
33577;2023-03-09 15:58:45.627000;7;1207;1;1;0.0000;1;17130.0000;None;185000.0000
33577;2023-03-09 15:58:45.627000;3;103912;1;1;7800.0000;1;17130.0000;None;185000.0000
33577;2023-03-09 15:58:56.083000;1;102923;1;1;68800.0000;1;17130.0000;None;185000.0000
33577;2023-03-09 15:59:18.860000;8;103023;1;1;47800.0000;1;17130.0000;None;185000.0000
33577;2023-03-09 15:59:18.860000;8;101883;1;1;54800.0000;1;17130.0000;None;185000.0000
33577;2023-03-09 15:59:18.860000;7;1137;1;1;0.0000;1;17130.0000;None;185000.0000
33577;2023-03-09 15:59:18.860000;7;1137;1;1;0.0000;1;17130.0000;None;185000.0000
33578;2023-03-09 19:04:26.057000;3;102619;1;1;7800.0000;1;22333.0000;None;241200.0000
33578;2023-03-09 19:04:26.057000;3;200007;1;1;12800.0000;1;22333.0000;None;241200.0000
33578;2023-03-09 19:04:26.057000;3;200007;1;1;12800.0000;1;22333.0000;None;241200.0000
33578;2023-03-09 19:04:26.057000;3;200007;1;1;12800.0000;1;22333.0000;None;241200.0000
33578;2023-03-09 19:04:26.057000;6;105636;1;3;0.0000;1;22333.0000;None;241200.0000
33578;2023-03-09 19:04:26.057000;1;103595;1;1;35800.0000;1;22333.0000;None;241200.0000
33578;2023-03-09 19:04:26.057000;1;103595;1;1;35800.0000;1;22333.0000;None;241200.0000
33578;2023-03-09 19:04:26.057000;7;1158;1;1;0.0000;1;22333.0000;None;241200.0000
33578;2023-03-09 19:04:26.057000;7;1029;1;1;0.0000;1;22333.0000;None;241200.0000
33578;2023-03-09 19:16:38.510000;8;104655;1;1;38800.0000;1;22333.0000;None;241200.0000
33578;2023-03-09 19:16:38.510000;8;103746;1;1;39800.0000;1;22333.0000;None;241200.0000
33578;2023-03-09 19:16:38.510000;8;100953;1;1;44800.0000;1;22333.0000;None;241200.0000
33578;2023-03-09 19:16:38.510000;7;1020;1;1;0.0000;1;22333.0000;None;241200.0000
33578;2023-03-09 19:16:38.510000;7;1030;1;1;0.0000;1;22333.0000;None;241200.0000
33579;2023-03-09 19:19:20.540000;3;102619;1;1;7800.0000;1;27593.0000;None;298000.0000
33579;2023-03-09 19:19:20.540000;7;2053;1;1;0.0000;1;27593.0000;None;298000.0000
33579;2023-03-09 19:19:20.540000;7;2001;1;1;0.0000;1;27593.0000;None;298000.0000
33579;2023-03-09 19:19:20.540000;7;2039;1;1;0.0000;1;27593.0000;None;298000.0000
33579;2023-03-09 19:19:20.540000;7;2041;1;1;0.0000;1;27593.0000;None;298000.0000
33579;2023-03-09 19:19:20.540000;7;2075;1;1;0.0000;1;27593.0000;None;298000.0000
33579;2023-03-09 19:19:20.540000;7;2043;1;1;0.0000;1;27593.0000;None;298000.0000
33579;2023-03-09 19:19:20.540000;3;102748;1;1;15800.0000;1;27593.0000;None;298000.0000
33579;2023-03-09 19:53:47.367000;1;105023;1;1;55800.0000;1;27593.0000;None;298000.0000
33579;2023-03-09 19:53:47.367000;7;1187;1;1;0.0000;1;27593.0000;None;298000.0000
33579;2023-03-09 19:53:47.367000;7;1187;1;1;0.0000;1;27593.0000;None;298000.0000
33579;2023-03-09 19:53:47.367000;8;101996;1;1;15800.0000;1;27593.0000;None;298000.0000
33579;2023-03-09 19:53:47.367000;1;102447;1;1;16800.0000;1;27593.0000;None;298000.0000
33579;2023-03-09 20:25:13.760000;3;201269;1;1;5800.0000;1;27593.0000;None;298000.0000
33579;2023-03-09 20:25:13.760000;4;108191;1;1;0.0000;1;27593.0000;None;298000.0000
33579;2023-03-09 20:53:44.917000;3;102619;1;1;7800.0000;1;27593.0000;None;298000.0000
33579;2023-03-09 20:53:44.917000;7;2053;1;1;0.0000;1;27593.0000;None;298000.0000
33579;2023-03-09 20:53:44.917000;7;2001;1;1;0.0000;1;27593.0000;None;298000.0000
33579;2023-03-09 20:53:44.917000;7;2039;1;1;0.0000;1;27593.0000;None;298000.0000
33579;2023-03-09 20:53:44.917000;7;2041;1;1;0.0000;1;27593.0000;None;298000.0000
33579;2023-03-09 20:53:44.917000;7;2075;1;1;0.0000;1;27593.0000;None;298000.0000
33579;2023-03-09 20:53:44.917000;7;2043;1;1;0.0000;1;27593.0000;None;298000.0000
33579;2023-03-09 21:10:53.587000;8;101883;1;1;54800.0000;1;27593.0000;None;298000.0000
33579;2023-03-09 21:10:53.587000;1;108437;1;1;79800.0000;1;27593.0000;None;298000.0000
33579;2023-03-09 21:16:49.100000;8;103615;1;1;37800.0000;1;27593.0000;None;298000.0000
33579;2023-03-09 21:16:49.100000;7;1213;1;1;0.0000;1;27593.0000;None;298000.0000
33580;2023-03-09 19:20:09.917000;3;200008;1;1;15800.0000;1;45241.0000;None;488600.0000
33580;2023-03-09 19:20:09.917000;4;108191;1;1;0.0000;1;45241.0000;None;488600.0000
33580;2023-03-09 19:26:14;1;104180;1;1;84800.0000;1;45241.0000;None;488600.0000
33580;2023-03-09 19:40:17.330000;3;201312;1;1;4800.0000;1;45241.0000;None;488600.0000
33580;2023-03-09 20:04:14.413000;8;102992;1;1;42800.0000;1;45241.0000;None;488600.0000
33580;2023-03-09 20:04:14.413000;8;102992;1;1;42800.0000;1;45241.0000;None;488600.0000
33580;2023-03-09 20:04:14.413000;8;101886;1;1;17800.0000;1;45241.0000;None;488600.0000
33580;2023-03-09 20:04:14.413000;8;103677;1;1;279800.0000;1;45241.0000;None;488600.0000
33580;2023-03-09 20:04:14.413000;8;105730;1;1;0.0000;1;45241.0000;None;488600.0000
33580;2023-03-09 20:04:14.413000;8;105730;1;1;0.0000;1;45241.0000;None;488600.0000
33580;2023-03-09 20:04:14.413000;8;105752;1;1;0.0000;1;45241.0000;None;488600.0000
33580;2023-03-09 20:04:14.413000;8;105752;1;1;0.0000;1;45241.0000;None;488600.0000
33580;2023-03-09 20:04:14.413000;8;105731;1;1;0.0000;1;45241.0000;None;488600.0000
33580;2023-03-09 20:04:14.413000;8;102542;1;1;0.0000;1;45241.0000;None;488600.0000
33580;2023-03-09 20:04:14.413000;8;103691;1;1;0.0000;1;45241.0000;None;488600.0000
33580;2023-03-09 20:04:14.413000;8;102585;1;1;0.0000;1;45241.0000;None;488600.0000
33580;2023-03-09 20:04:14.413000;8;105255;1;1;0.0000;1;45241.0000;None;488600.0000
33580;2023-03-09 20:04:14.413000;7;1131;1;1;0.0000;1;45241.0000;None;488600.0000
33580;2023-03-09 20:04:14.413000;7;1131;1;1;0.0000;1;45241.0000;None;488600.0000
33580;2023-03-09 20:04:14.413000;7;1131;1;1;0.0000;1;45241.0000;None;488600.0000
33581;2023-03-09 19:55:25.773000;1;104180;1;1;84800.0000;1;107482.0000;None;1160800.0000
33581;2023-03-09 20:01:10.103000;2;104234;1;1;36800.0000;1;107482.0000;None;1160800.0000
33581;2023-03-09 20:01:10.103000;2;107564;1;1;47800.0000;1;107482.0000;None;1160800.0000
33581;2023-03-09 20:01:10.103000;3;104446;1;1;5800.0000;1;107482.0000;None;1160800.0000
33581;2023-03-09 20:01:10.103000;3;104446;1;1;5800.0000;1;107482.0000;None;1160800.0000
33581;2023-03-09 20:04:31.897000;1;105023;1;1;55800.0000;1;107482.0000;None;1160800.0000
33581;2023-03-09 20:04:31.897000;8;103867;1;1;28800.0000;1;107482.0000;None;1160800.0000
33581;2023-03-09 20:04:31.897000;8;100953;1;1;44800.0000;1;107482.0000;None;1160800.0000
33581;2023-03-09 20:04:31.897000;8;103867;1;1;28800.0000;1;107482.0000;None;1160800.0000
33581;2023-03-09 20:17:13.387000;2;104234;1;1;36800.0000;1;107482.0000;None;1160800.0000
33581;2023-03-09 20:17:13.387000;2;104234;1;1;36800.0000;1;107482.0000;None;1160800.0000
33581;2023-03-09 20:17:13.387000;2;107767;1;1;50800.0000;1;107482.0000;None;1160800.0000
33581;2023-03-09 20:17:13.387000;6;105631;1;1;0.0000;1;107482.0000;None;1160800.0000
33581;2023-03-09 20:20:01.793000;8;108517;1;1;59800.0000;1;107482.0000;None;1160800.0000
33581;2023-03-09 20:20:01.793000;8;103867;1;1;28800.0000;1;107482.0000;None;1160800.0000
33581;2023-03-09 20:20:01.793000;1;104869;1;1;79800.0000;1;107482.0000;None;1160800.0000
33581;2023-03-09 20:21:03.630000;8;102995;1;1;21800.0000;1;107482.0000;None;1160800.0000
33581;2023-03-09 20:21:03.630000;8;102997;1;1;11800.0000;1;107482.0000;None;1160800.0000
33581;2023-03-09 20:21:03.630000;8;102996;1;1;15800.0000;1;107482.0000;None;1160800.0000
33581;2023-03-09 20:21:03.630000;8;102986;1;1;11800.0000;1;107482.0000;None;1160800.0000
33581;2023-03-09 20:21:03.630000;8;102988;1;1;38800.0000;1;107482.0000;None;1160800.0000
33581;2023-03-09 20:24:12.310000;3;104446;1;1;5800.0000;1;107482.0000;None;1160800.0000
33581;2023-03-09 15:02:20.067000;1;102927;1;1;66800.0000;1;107482.0000;None;1160800.0000
33581;2023-03-09 15:02:20.067000;6;101546;1;1;0.0000;1;107482.0000;None;1160800.0000
33581;2023-03-09 15:02:20.067000;6;105509;1;1;0.0000;1;107482.0000;None;1160800.0000
33581;2023-03-09 15:02:20.067000;6;101408;1;1;0.0000;1;107482.0000;None;1160800.0000
33581;2023-03-09 20:31:05.777000;1;102927;1;1;66800.0000;1;107482.0000;None;1160800.0000
33581;2023-03-09 20:31:05.777000;6;101546;1;1;0.0000;1;107482.0000;None;1160800.0000
33581;2023-03-09 20:31:05.777000;6;105509;1;1;0.0000;1;107482.0000;None;1160800.0000
33581;2023-03-09 20:31:05.777000;6;101408;1;1;0.0000;1;107482.0000;None;1160800.0000
33581;2023-03-09 20:31:05.777000;7;1020;1;1;0.0000;1;107482.0000;None;1160800.0000
33581;2023-03-09 20:31:05.777000;7;1158;1;1;0.0000;1;107482.0000;None;1160800.0000
33581;2023-03-09 20:31:05.777000;7;1158;1;1;0.0000;1;107482.0000;None;1160800.0000
33581;2023-03-09 20:31:05.777000;3;104446;1;1;5800.0000;1;107482.0000;None;1160800.0000
33581;2023-03-09 20:36:45.027000;2;107564;1;1;47800.0000;1;107482.0000;None;1160800.0000
33581;2023-03-09 21:06:06.373000;1;102910;1;4;20800.0000;1;107482.0000;None;1160800.0000
33581;2023-03-09 21:06:06.373000;1;102908;1;1;5200.0000;1;107482.0000;None;1160800.0000
33581;2023-03-09 21:06:06.373000;1;103780;1;1;16800.0000;1;107482.0000;None;1160800.0000
33581;2023-03-09 21:07:41.480000;8;102790;1;1;37800.0000;1;107482.0000;None;1160800.0000
33581;2023-03-09 21:07:41.480000;7;1131;1;1;0.0000;1;107482.0000;None;1160800.0000
33581;2023-03-09 21:23:05.740000;2;101822;1;4;155200.0000;1;107482.0000;None;1160800.0000
33582;2023-03-09 19:57:27.163000;8;103022;1;1;69800.0000;1;20389.0000;None;220200.0000
33582;2023-03-09 19:57:27.163000;8;101970;1;1;129800.0000;1;20389.0000;None;220200.0000
33582;2023-03-09 19:57:27.163000;2;200478;1;1;14800.0000;1;20389.0000;None;220200.0000
33582;2023-03-09 19:57:27.163000;3;201269;1;1;5800.0000;1;20389.0000;None;220200.0000
33582;2023-03-09 19:57:27.163000;6;105636;1;1;0.0000;1;20389.0000;None;220200.0000
33583;2023-03-09 20:16:10.373000;8;103690;1;1;41800.0000;1;89612.0000;None;967800.0000
33583;2023-03-09 20:16:10.373000;8;105752;1;1;0.0000;1;89612.0000;None;967800.0000
33583;2023-03-09 20:16:10.373000;8;103690;1;1;41800.0000;1;89612.0000;None;967800.0000
33583;2023-03-09 20:16:10.373000;8;105752;1;1;0.0000;1;89612.0000;None;967800.0000
33583;2023-03-09 20:16:10.373000;8;103690;1;1;41800.0000;1;89612.0000;None;967800.0000
33583;2023-03-09 20:16:10.373000;8;103691;1;1;0.0000;1;89612.0000;None;967800.0000
33583;2023-03-09 20:16:10.373000;8;103690;1;1;41800.0000;1;89612.0000;None;967800.0000
33583;2023-03-09 20:16:10.373000;8;105730;1;1;0.0000;1;89612.0000;None;967800.0000
33583;2023-03-09 20:16:10.373000;8;103690;1;1;41800.0000;1;89612.0000;None;967800.0000
33583;2023-03-09 20:16:10.373000;8;105730;1;1;0.0000;1;89612.0000;None;967800.0000
33583;2023-03-09 20:16:10.373000;8;103690;1;1;41800.0000;1;89612.0000;None;967800.0000
33583;2023-03-09 20:16:10.373000;8;105731;1;1;0.0000;1;89612.0000;None;967800.0000
33583;2023-03-09 20:16:10.373000;1;102925;1;4;51200.0000;1;89612.0000;None;967800.0000
33583;2023-03-09 20:18:04.887000;2;200187;1;1;123800.0000;1;89612.0000;None;967800.0000
33583;2023-03-09 20:18:04.887000;7;2052;1;1;0.0000;1;89612.0000;None;967800.0000
33583;2023-03-09 20:18:04.887000;2;100948;1;1;47800.0000;1;89612.0000;None;967800.0000
33583;2023-03-09 20:41:49.190000;2;201187;1;2;19600.0000;1;89612.0000;None;967800.0000
33583;2023-03-09 20:41:49.190000;1;109501;1;1;28800.0000;1;89612.0000;None;967800.0000
33583;2023-03-09 20:41:49.190000;3;200008;1;1;15800.0000;1;89612.0000;None;967800.0000
33583;2023-03-09 20:51:58.477000;8;103803;1;1;129800.0000;1;89612.0000;None;967800.0000
33583;2023-03-09 20:51:58.477000;8;103724;1;1;67800.0000;1;89612.0000;None;967800.0000
33583;2023-03-09 20:51:58.477000;1;105197;1;1;9800.0000;1;89612.0000;None;967800.0000
33583;2023-03-09 20:54:46.867000;2;100948;1;1;47800.0000;1;89612.0000;None;967800.0000
33583;2023-03-09 20:54:46.867000;7;1207;1;1;0.0000;1;89612.0000;None;967800.0000
33583;2023-03-09 20:55:11.557000;8;102540;1;1;36800.0000;1;89612.0000;None;967800.0000
33583;2023-03-09 21:05:19.827000;1;101323;1;1;29800.0000;1;89612.0000;None;967800.0000
33583;2023-03-09 21:05:19.827000;7;1011;1;1;0.0000;1;89612.0000;None;967800.0000
33583;2023-03-09 21:05:19.827000;7;1011;1;1;0.0000;1;89612.0000;None;967800.0000
33583;2023-03-09 21:21:34.747000;3;201312;1;1;4800.0000;1;89612.0000;None;967800.0000
33583;2023-03-09 21:26:26.733000;2;201187;1;1;9800.0000;1;89612.0000;None;967800.0000
33583;2023-03-09 21:30:53.033000;1;101323;1;1;29800.0000;1;89612.0000;None;967800.0000
33583;2023-03-09 21:30:53.033000;7;1011;1;1;0.0000;1;89612.0000;None;967800.0000
33583;2023-03-09 21:30:53.033000;2;201187;1;1;9800.0000;1;89612.0000;None;967800.0000
33583;2023-03-09 22:00:02.080000;3;200006;1;1;9800.0000;1;89612.0000;None;967800.0000
33583;2023-03-09 22:01:49.280000;1;102770;1;1;15800.0000;1;89612.0000;None;967800.0000
33583;2023-03-09 22:01:49.280000;1;102770;1;1;15800.0000;1;89612.0000;None;967800.0000
33583;2023-03-09 22:10:41.690000;3;100607;1;1;6800.0000;1;89612.0000;None;967800.0000
33583;2023-03-09 22:10:41.690000;3;100614;1;1;5800.0000;1;89612.0000;None;967800.0000
33584;2023-03-09 20:16:02.383000;3;200008;1;1;15800.0000;1;18648.0000;None;201400.0000
33584;2023-03-09 20:16:02.383000;6;105636;1;1;0.0000;1;18648.0000;None;201400.0000
33584;2023-03-09 20:16:02.383000;7;2008;1;2;0.0000;1;18648.0000;None;201400.0000
33584;2023-03-09 20:34:56.863000;8;101996;1;1;15800.0000;1;18648.0000;None;201400.0000
33584;2023-03-09 20:42:07.207000;8;107209;1;1;169800.0000;1;18648.0000;None;201400.0000
33584;2023-03-09 18:16:10.903000;1;101927;1;1;129800.0000;1;18648.0000;None;201400.0000
33584;2023-03-09 22:21:34.417000;1;101927;1;-1;-129800.0000;1;18648.0000;None;201400.0000
33585;2023-03-09 20:36:39.680000;8;102920;1;1;42800.0000;1;7167.0000;None;77400.0000
33585;2023-03-09 20:36:39.680000;8;103867;1;1;28800.0000;1;7167.0000;None;77400.0000
33585;2023-03-09 20:36:39.680000;3;201269;1;1;5800.0000;1;7167.0000;None;77400.0000
33585;2023-03-09 20:36:39.680000;6;105636;1;1;0.0000;1;7167.0000;None;77400.0000
33586;2023-03-09 21:07:49.757000;1;103943;1;1;53800.0000;1;16926.0000;None;182800.0000
33586;2023-03-09 21:08:12.357000;1;103376;1;1;45800.0000;1;16926.0000;None;182800.0000
33586;2023-03-09 21:08:12.357000;3;102748;1;1;15800.0000;1;16926.0000;None;182800.0000
33586;2023-03-09 21:08:12.357000;2;200480;1;1;12800.0000;1;16926.0000;None;182800.0000
33586;2023-03-09 14:31:13.257000;8;103615;1;1;37800.0000;1;16926.0000;None;182800.0000
33586;2023-03-09 21:57:14.350000;1;109317;1;1;16800.0000;1;16926.0000;None;182800.0000
