1773;2023-03-10 12:00:54.727000;3;102747;1;1;4800.0000;1;27815.0000;None;300400.0000
1773;2023-03-10 12:00:54.727000;3;102747;1;1;4800.0000;1;27815.0000;None;300400.0000
1773;2023-03-10 12:00:54.727000;7;2077;1;2;0.0000;1;27815.0000;None;300400.0000
1773;2023-03-10 12:01:48.327000;1;102458;1;1;19800.0000;1;27815.0000;None;300400.0000
1773;2023-03-10 12:01:48.327000;8;103547;1;1;71800.0000;1;27815.0000;None;300400.0000
1773;2023-03-10 12:01:48.327000;7;1135;1;1;0.0000;1;27815.0000;None;300400.0000
1773;2023-03-10 12:01:48.327000;7;1135;1;1;0.0000;1;27815.0000;None;300400.0000
1773;2023-03-10 12:01:48.327000;1;109503;1;1;59800.0000;1;27815.0000;None;300400.0000
1773;2023-03-10 12:02:11.447000;1;102927;1;2;133600.0000;1;27815.0000;None;300400.0000
1773;2023-03-10 12:02:11.447000;6;101408;1;2;0.0000;1;27815.0000;None;300400.0000
1773;2023-03-10 12:02:11.447000;6;105509;1;2;0.0000;1;27815.0000;None;300400.0000
1773;2023-03-10 12:02:11.447000;6;101546;1;2;0.0000;1;27815.0000;None;300400.0000
1773;2023-03-10 12:02:11.447000;7;1020;1;1;0.0000;1;27815.0000;None;300400.0000
1773;2023-03-10 12:02:11.447000;7;1030;1;1;0.0000;1;27815.0000;None;300400.0000
1773;2023-03-10 12:25:51.540000;7;1220;1;1;0.0000;1;27815.0000;None;300400.0000
1773;2023-03-10 12:25:51.540000;7;1220;1;1;0.0000;1;27815.0000;None;300400.0000
1773;2023-03-10 12:33:27.743000;3;201206;1;1;5800.0000;1;27815.0000;None;300400.0000
1773;2023-03-10 12:33:27.743000;7;2010;1;2;0.0000;1;27815.0000;None;300400.0000
1774;2023-03-10 12:18:05.903000;3;202570;1;1;8800.0000;1;15148.0000;None;163600.0000
1774;2023-03-10 12:18:05.903000;3;201206;1;1;5800.0000;1;15148.0000;None;163600.0000
1774;2023-03-10 12:18:05.903000;8;103615;1;1;37800.0000;1;15148.0000;None;163600.0000
1774;2023-03-10 12:18:05.903000;8;104655;1;1;38800.0000;1;15148.0000;None;163600.0000
1774;2023-03-10 12:18:05.903000;7;1158;1;1;0.0000;1;15148.0000;None;163600.0000
1774;2023-03-10 12:18:05.903000;7;1158;1;1;0.0000;1;15148.0000;None;163600.0000
1774;2023-03-10 12:18:05.903000;1;103813;1;1;59800.0000;1;15148.0000;None;163600.0000
1774;2023-03-10 12:18:05.903000;7;1006;1;1;0.0000;1;15148.0000;None;163600.0000
1774;2023-03-10 12:18:05.903000;1;105010;2;1;0.0000;1;15148.0000;None;163600.0000
1774;2023-03-10 12:18:05.903000;7;1158;1;1;0.0000;1;15148.0000;None;163600.0000
1774;2023-03-10 12:18:05.903000;7;1011;1;1;0.0000;1;15148.0000;None;163600.0000
1774;2023-03-10 12:59:40.073000;3;100607;1;1;6800.0000;1;15148.0000;None;163600.0000
1774;2023-03-10 12:59:40.073000;3;100614;1;1;5800.0000;1;15148.0000;None;163600.0000
1775;2023-03-10 12:52:26.103000;3;200007;1;1;12800.0000;1;21519.0000;None;232400.0000
1775;2023-03-10 12:54:34.157000;3;200008;1;1;15800.0000;1;21519.0000;None;232400.0000
1775;2023-03-10 13:02:39.470000;1;102447;1;1;16800.0000;1;21519.0000;None;232400.0000
1775;2023-03-10 13:02:39.470000;8;104655;1;1;38800.0000;1;21519.0000;None;232400.0000
1775;2023-03-10 13:02:39.470000;8;102797;1;1;56800.0000;1;21519.0000;None;232400.0000
1775;2023-03-10 13:02:39.470000;8;108517;1;1;59800.0000;1;21519.0000;None;232400.0000
1775;2023-03-10 13:02:39.470000;7;1044;1;1;0.0000;1;21519.0000;None;232400.0000
1775;2023-03-10 13:02:39.470000;7;1044;1;1;0.0000;1;21519.0000;None;232400.0000
1775;2023-03-10 13:02:39.470000;7;1044;1;1;0.0000;1;21519.0000;None;232400.0000
1775;2023-03-10 13:10:15.633000;8;101996;1;1;15800.0000;1;21519.0000;None;232400.0000
1775;2023-03-10 13:39:43.187000;3;200008;1;1;15800.0000;1;21519.0000;None;232400.0000
1776;2023-03-10 12:53:04.023000;3;200007;1;1;12800.0000;1;25315.0000;None;273400.0000
1776;2023-03-10 12:53:04.023000;6;105636;1;1;0.0000;1;25315.0000;None;273400.0000
1776;2023-03-10 13:06:26.670000;3;200007;1;1;12800.0000;1;25315.0000;None;273400.0000
1776;2023-03-10 13:06:26.670000;6;105636;1;1;0.0000;1;25315.0000;None;273400.0000
1776;2023-03-10 13:06:26.670000;8;102797;1;1;56800.0000;1;25315.0000;None;273400.0000
1776;2023-03-10 13:33:31.867000;8;101040;1;1;45800.0000;1;25315.0000;None;273400.0000
1776;2023-03-10 13:34:47.573000;3;200007;1;1;12800.0000;1;25315.0000;None;273400.0000
1776;2023-03-10 13:34:47.573000;3;200007;1;1;12800.0000;1;25315.0000;None;273400.0000
1776;2023-03-10 14:09:22.687000;3;100606;1;1;6800.0000;1;25315.0000;None;273400.0000
1776;2023-03-10 14:09:22.687000;6;105082;1;1;2000.0000;1;25315.0000;None;273400.0000
1776;2023-03-10 14:09:22.687000;3;100614;1;1;5800.0000;1;25315.0000;None;273400.0000
1776;2023-03-10 14:09:49.917000;8;102995;1;1;21800.0000;1;25315.0000;None;273400.0000
1776;2023-03-10 14:09:49.917000;8;102995;1;1;21800.0000;1;25315.0000;None;273400.0000
1776;2023-03-10 14:09:49.917000;8;102997;1;1;11800.0000;1;25315.0000;None;273400.0000
1776;2023-03-10 14:09:49.917000;8;102997;1;1;11800.0000;1;25315.0000;None;273400.0000
1776;2023-03-10 14:09:49.917000;8;102790;1;1;37800.0000;1;25315.0000;None;273400.0000
1776;2023-03-10 14:09:49.917000;7;1131;1;1;0.0000;1;25315.0000;None;273400.0000
1776;2023-03-10 14:09:49.917000;7;1131;1;1;0.0000;1;25315.0000;None;273400.0000
1776;2023-03-10 14:09:49.917000;7;1131;1;1;0.0000;1;25315.0000;None;273400.0000
1777;2023-03-10 13:11:13.933000;2;101727;1;1;32800.0000;1;11259.0000;None;121600.0000
1777;2023-03-10 13:17:20.947000;8;103690;1;1;41800.0000;1;11259.0000;None;121600.0000
1777;2023-03-10 13:17:20.947000;8;105731;1;1;0.0000;1;11259.0000;None;121600.0000
1777;2023-03-10 13:35:18.687000;8;108518;1;1;41800.0000;1;11259.0000;None;121600.0000
1777;2023-03-10 13:35:18.687000;7;1158;1;1;0.0000;1;11259.0000;None;121600.0000
1777;2023-03-10 14:17:22.413000;1;102906;1;1;5200.0000;1;11259.0000;None;121600.0000
1780;2023-03-10 13:30:08.043000;2;201187;1;1;9800.0000;1;12870.0000;None;139000.0000
1780;2023-03-10 13:30:08.043000;2;201187;1;1;9800.0000;1;12870.0000;None;139000.0000
1780;2023-03-10 13:30:08.043000;1;102457;1;1;18800.0000;1;12870.0000;None;139000.0000
1780;2023-03-10 13:30:08.043000;7;1158;1;1;0.0000;1;12870.0000;None;139000.0000
1780;2023-03-10 13:30:08.043000;7;1029;1;1;0.0000;1;12870.0000;None;139000.0000
1780;2023-03-10 13:30:08.043000;1;102923;1;1;68800.0000;1;12870.0000;None;139000.0000
1780;2023-03-10 13:30:08.043000;7;1245;1;1;0.0000;1;12870.0000;None;139000.0000
1780;2023-03-10 13:30:08.043000;7;1030;1;1;0.0000;1;12870.0000;None;139000.0000
1780;2023-03-10 13:30:08.043000;8;101992;1;1;31800.0000;1;12870.0000;None;139000.0000
1780;2023-03-10 13:30:08.043000;7;1137;1;1;0.0000;1;12870.0000;None;139000.0000
1780;2023-03-10 13:30:08.043000;7;1030;1;1;0.0000;1;12870.0000;None;139000.0000
1783;2023-03-10 13:40:05.907000;3;202570;1;1;8800.0000;1;26833.0000;None;289800.0000
1783;2023-03-10 13:40:05.907000;3;202570;1;1;8800.0000;1;26833.0000;None;289800.0000
1783;2023-03-10 13:40:05.907000;3;202570;1;1;8800.0000;1;26833.0000;None;289800.0000
1783;2023-03-10 13:47:27.057000;1;102456;1;1;16800.0000;1;26833.0000;None;289800.0000
1783;2023-03-10 13:47:27.057000;1;103595;1;1;35800.0000;1;26833.0000;None;289800.0000
1783;2023-03-10 13:47:27.057000;7;1158;1;1;0.0000;1;26833.0000;None;289800.0000
1783;2023-03-10 14:11:11.327000;1;103595;1;1;35800.0000;1;26833.0000;None;289800.0000
1783;2023-03-10 14:12:03.487000;8;109181;1;1;65800.0000;1;26833.0000;None;289800.0000
1783;2023-03-10 14:12:03.487000;1;102239;1;1;5800.0000;1;26833.0000;None;289800.0000
1783;2023-03-10 14:12:03.487000;8;109181;1;1;65800.0000;1;26833.0000;None;289800.0000
1783;2023-03-10 14:12:03.487000;8;103539;1;1;32800.0000;1;26833.0000;None;289800.0000
1783;2023-03-10 14:45:36.930000;3;102747;1;1;4800.0000;1;26833.0000;None;289800.0000
1784;2023-03-10 13:55:09.917000;3;102635;1;1;8800.0000;1;27130.0000;None;293000.0000
1784;2023-03-10 13:55:09.917000;2;201187;1;1;9800.0000;1;27130.0000;None;293000.0000
1784;2023-03-10 14:28:00.997000;1;105239;1;1;46800.0000;1;27130.0000;None;293000.0000
1784;2023-03-10 14:28:00.997000;7;1029;1;1;0.0000;1;27130.0000;None;293000.0000
1784;2023-03-10 14:28:00.997000;8;101026;1;1;35800.0000;1;27130.0000;None;293000.0000
1784;2023-03-10 14:28:00.997000;7;1030;1;1;0.0000;1;27130.0000;None;293000.0000
1784;2023-03-10 14:28:00.997000;8;102797;1;1;56800.0000;1;27130.0000;None;293000.0000
1784;2023-03-10 14:28:00.997000;7;1030;1;1;0.0000;1;27130.0000;None;293000.0000
1784;2023-03-10 14:28:00.997000;8;102999;1;1;17800.0000;1;27130.0000;None;293000.0000
1784;2023-03-10 14:28:00.997000;8;102995;1;1;21800.0000;1;27130.0000;None;293000.0000
1784;2023-03-10 14:28:00.997000;8;102988;1;1;38800.0000;1;27130.0000;None;293000.0000
1784;2023-03-10 14:28:00.997000;8;103008;1;1;46800.0000;1;27130.0000;None;293000.0000
1784;2023-03-10 14:28:00.997000;7;1020;1;1;0.0000;1;27130.0000;None;293000.0000
1784;2023-03-10 14:28:00.997000;7;1020;1;1;0.0000;1;27130.0000;None;293000.0000
1784;2023-03-10 14:28:00.997000;7;1030;1;1;0.0000;1;27130.0000;None;293000.0000
1784;2023-03-10 14:46:08.770000;2;201187;1;1;9800.0000;1;27130.0000;None;293000.0000
1785;2023-03-10 14:18:19.710000;3;201704;1;1;15800.0000;1;None;None;487100.0000
1785;2023-03-10 14:18:19.710000;3;200008;1;1;15800.0000;1;None;None;487100.0000
1785;2023-03-10 14:45:28.120000;3;200008;1;1;15800.0000;1;None;None;487100.0000
1785;2023-03-10 14:45:56.497000;1;104216;1;1;17800.0000;1;None;None;487100.0000
1785;2023-03-10 14:45:56.497000;1;104216;1;1;17800.0000;1;None;None;487100.0000
1785;2023-03-10 14:45:56.497000;7;1131;1;1;0.0000;1;None;None;487100.0000
1785;2023-03-10 14:45:56.497000;7;1131;1;1;0.0000;1;None;None;487100.0000
1785;2023-03-10 14:53:14.823000;1;101927;1;1;129800.0000;1;None;None;487100.0000
1785;2023-03-10 14:53:14.823000;1;104261;1;1;18800.0000;1;None;None;487100.0000
1785;2023-03-10 14:53:14.823000;1;103864;1;1;83800.0000;1;None;None;487100.0000
1785;2023-03-10 14:53:14.823000;1;103536;1;1;39800.0000;1;None;None;487100.0000
1785;2023-03-10 14:56:56.707000;8;103679;1;1;198800.0000;1;None;None;487100.0000
1785;2023-03-10 14:56:56.707000;8;105752;1;1;0.0000;1;None;None;487100.0000
1785;2023-03-10 14:56:56.707000;8;105752;1;1;0.0000;1;None;None;487100.0000
1785;2023-03-10 14:56:56.707000;8;105730;1;1;0.0000;1;None;None;487100.0000
1785;2023-03-10 14:56:56.707000;8;105730;1;1;0.0000;1;None;None;487100.0000
1785;2023-03-10 14:56:56.707000;8;105731;1;1;0.0000;1;None;None;487100.0000
1785;2023-03-10 14:56:56.707000;8;100953;1;1;44800.0000;1;None;None;487100.0000
1785;2023-03-10 14:56:56.707000;8;103547;1;1;71800.0000;1;None;None;487100.0000
1785;2023-03-10 14:56:56.707000;8;102691;1;1;77800.0000;1;None;None;487100.0000
1785;2023-03-10 14:56:56.707000;7;1131;1;1;0.0000;1;None;None;487100.0000
1785;2023-03-10 14:56:56.707000;7;1131;1;1;0.0000;1;None;None;487100.0000
1785;2023-03-10 15:11:27.920000;7;1220;1;1;0.0000;1;None;None;487100.0000
1785;2023-03-10 15:11:27.920000;7;1220;1;1;0.0000;1;None;None;487100.0000
1785;2023-03-10 15:11:27.920000;7;1220;1;1;0.0000;1;None;None;487100.0000
1785;2023-03-10 15:31:22.780000;1;103025;1;1;69800.0000;1;None;None;487100.0000
1785;2023-03-10 15:31:22.780000;7;1002;1;1;0.0000;1;None;None;487100.0000
1785;2023-03-10 15:31:22.780000;1;106922;2;1;0.0000;1;None;None;487100.0000
1785;2023-03-10 15:31:22.780000;1;102969;1;1;32800.0000;1;None;None;487100.0000
1785;2023-03-10 15:31:22.780000;7;1020;1;1;0.0000;1;None;None;487100.0000
1785;2023-03-10 15:31:22.780000;7;1158;1;1;0.0000;1;None;None;487100.0000
1785;2023-03-10 15:31:22.780000;7;1158;1;1;0.0000;1;None;None;487100.0000
1785;2023-03-10 16:13:45.870000;1;104004;1;1;16800.0000;1;None;None;487100.0000
1785;2023-03-10 16:13:45.870000;1;101425;1;1;17800.0000;1;None;None;487100.0000
1785;2023-03-10 16:13:45.870000;1;101891;1;1;16800.0000;1;None;None;487100.0000
1785;2023-03-10 16:13:45.870000;1;102535;1;1;19800.0000;1;None;None;487100.0000
1785;2023-03-10 16:39:51.190000;3;102102;1;1;9800.0000;1;None;None;487100.0000
1785;2023-03-10 16:39:51.190000;1;102906;1;3;15600.0000;1;None;None;487100.0000
1785;2023-03-10 16:39:51.190000;1;102910;1;1;5200.0000;1;None;None;487100.0000
1785;2023-03-10 16:39:51.190000;1;102908;1;3;15600.0000;1;None;None;487100.0000
1785;2023-03-10 17:10:30.047000;3;100614;1;1;5800.0000;1;None;None;487100.0000
1785;2023-03-10 17:29:18.810000;None;3;None;1;-487100.0000;2;None;None;487100.0000
1786;2023-03-10 16:34:55.110000;3;102635;1;1;8800.0000;1;20426.0000;None;220600.0000
1786;2023-03-10 16:34:55.110000;3;202570;1;1;8800.0000;1;20426.0000;None;220600.0000
1786;2023-03-10 16:34:55.110000;3;102747;1;1;4800.0000;1;20426.0000;None;220600.0000
1786;2023-03-10 16:34:55.110000;3;102637;1;1;9800.0000;1;20426.0000;None;220600.0000
1786;2023-03-10 16:41:01.110000;1;101051;1;1;49800.0000;1;20426.0000;None;220600.0000
1786;2023-03-10 16:41:01.110000;8;103165;1;1;34800.0000;1;20426.0000;None;220600.0000
1786;2023-03-10 16:41:01.110000;8;101992;1;1;31800.0000;1;20426.0000;None;220600.0000
1786;2023-03-10 16:41:01.110000;7;1213;1;1;0.0000;1;20426.0000;None;220600.0000
1786;2023-03-10 16:41:01.110000;7;1158;1;1;0.0000;1;20426.0000;None;220600.0000
1786;2023-03-10 16:41:01.110000;7;1158;1;1;0.0000;1;20426.0000;None;220600.0000
1786;2023-03-10 16:41:01.110000;7;1020;1;1;0.0000;1;20426.0000;None;220600.0000
1786;2023-03-10 16:41:01.110000;7;1137;1;1;0.0000;1;20426.0000;None;220600.0000
1786;2023-03-10 16:41:01.110000;7;1245;1;1;0.0000;1;20426.0000;None;220600.0000
1786;2023-03-10 16:41:01.110000;1;101320;1;1;27800.0000;1;20426.0000;None;220600.0000
1786;2023-03-10 16:41:01.110000;7;1158;1;1;0.0000;1;20426.0000;None;220600.0000
1786;2023-03-10 16:41:01.110000;7;1158;1;1;0.0000;1;20426.0000;None;220600.0000
1786;2023-03-10 16:41:01.110000;7;1137;1;1;0.0000;1;20426.0000;None;220600.0000
1786;2023-03-10 16:41:01.110000;7;1245;1;1;0.0000;1;20426.0000;None;220600.0000
1786;2023-03-10 16:41:01.110000;8;102997;1;3;35400.0000;1;20426.0000;None;220600.0000
1786;2023-03-10 16:41:01.110000;7;1158;1;1;0.0000;1;20426.0000;None;220600.0000
1786;2023-03-10 16:41:01.110000;7;1158;1;1;0.0000;1;20426.0000;None;220600.0000
1786;2023-03-10 16:53:40.617000;3;102635;1;1;8800.0000;1;20426.0000;None;220600.0000
1787;2023-03-10 17:38:57.650000;3;102747;1;1;4800.0000;1;13222.0000;None;142800.0000
1787;2023-03-10 17:38:57.650000;7;2077;1;1;0.0000;1;13222.0000;None;142800.0000
1787;2023-03-10 17:38:57.650000;3;102633;1;1;12800.0000;1;13222.0000;None;142800.0000
1787;2023-03-10 17:38:57.650000;8;103591;1;1;28800.0000;1;13222.0000;None;142800.0000
1787;2023-03-10 17:38:57.650000;8;103165;1;1;34800.0000;1;13222.0000;None;142800.0000
1787;2023-03-10 17:38:57.650000;8;103867;1;1;28800.0000;1;13222.0000;None;142800.0000
1787;2023-03-10 17:38:57.650000;8;103539;1;1;32800.0000;1;13222.0000;None;142800.0000
1788;2023-03-10 18:05:20.417000;2;200179;1;1;139800.0000;1;57593.0000;None;622000.0000
1788;2023-03-10 18:14:09.060000;1;105023;1;1;55800.0000;1;57593.0000;None;622000.0000
1788;2023-03-10 18:14:09.060000;1;101048;1;1;44800.0000;1;57593.0000;None;622000.0000
1788;2023-03-10 18:14:09.060000;1;104240;1;1;28800.0000;1;57593.0000;None;622000.0000
1788;2023-03-10 18:14:09.060000;7;1158;1;1;0.0000;1;57593.0000;None;622000.0000
1788;2023-03-10 18:14:09.060000;7;1029;1;1;0.0000;1;57593.0000;None;622000.0000
1788;2023-03-10 18:26:51.137000;8;109318;1;1;40800.0000;1;57593.0000;None;622000.0000
1788;2023-03-10 18:44:22.703000;8;107333;1;1;69800.0000;1;57593.0000;None;622000.0000
1788;2023-03-10 18:44:22.703000;8;103615;1;1;37800.0000;1;57593.0000;None;622000.0000
1788;2023-03-10 18:44:22.703000;8;102798;1;1;48800.0000;1;57593.0000;None;622000.0000
1788;2023-03-10 18:44:22.703000;7;1158;1;1;0.0000;1;57593.0000;None;622000.0000
1788;2023-03-10 19:06:14.417000;2;200179;1;1;139800.0000;1;57593.0000;None;622000.0000
1788;2023-03-10 20:43:09.930000;3;201704;1;1;15800.0000;1;57593.0000;None;622000.0000
1788;2023-03-10 20:43:09.930000;7;2008;1;3;0.0000;1;57593.0000;None;622000.0000
1789;2023-03-10 18:11:28.473000;8;104655;1;1;38800.0000;1;None;None;273900.0000
1789;2023-03-10 18:11:28.473000;8;103023;1;1;47800.0000;1;None;None;273900.0000
1789;2023-03-10 18:11:28.473000;8;100953;1;1;44800.0000;1;None;None;273900.0000
1789;2023-03-10 18:11:28.473000;8;103615;1;1;37800.0000;1;None;None;273900.0000
1789;2023-03-10 18:11:28.473000;1;108437;1;1;79800.0000;1;None;None;273900.0000
1789;2023-03-10 18:11:28.473000;7;1157;1;1;0.0000;1;None;None;273900.0000
1789;2023-03-10 18:11:28.473000;7;1135;1;1;0.0000;1;None;None;273900.0000
1789;2023-03-10 18:31:37.797000;9;802020;1;1;24900.0000;1;None;None;273900.0000
1790;2023-03-10 18:32:07.290000;8;103867;1;1;28800.0000;1;8815.0000;None;95200.0000
1790;2023-03-10 18:32:07.290000;8;106491;1;1;55800.0000;1;8815.0000;None;95200.0000
1790;2023-03-10 18:32:07.290000;3;201206;1;1;5800.0000;1;8815.0000;None;95200.0000
1790;2023-03-10 18:48:30.963000;3;102747;1;1;4800.0000;1;8815.0000;None;95200.0000
1791;2023-03-10 18:45:38.450000;8;103867;1;1;28800.0000;1;18852.0000;None;203600.0000
1791;2023-03-10 18:45:38.450000;8;104655;1;1;38800.0000;1;18852.0000;None;203600.0000
1791;2023-03-10 18:45:38.450000;8;102692;1;1;34800.0000;1;18852.0000;None;203600.0000
1791;2023-03-10 18:45:38.450000;7;1158;1;1;0.0000;1;18852.0000;None;203600.0000
1791;2023-03-10 18:45:38.450000;7;1020;1;1;0.0000;1;18852.0000;None;203600.0000
1791;2023-03-10 18:45:38.450000;3;102749;1;1;5800.0000;1;18852.0000;None;203600.0000
1791;2023-03-10 18:45:38.450000;3;102748;1;1;15800.0000;1;18852.0000;None;203600.0000
1791;2023-03-10 18:45:38.450000;3;200009;1;1;9800.0000;1;18852.0000;None;203600.0000
1791;2023-03-10 19:19:30.657000;8;107333;1;1;69800.0000;1;18852.0000;None;203600.0000
1792;2023-03-10 18:59:26.777000;2;105451;1;1;79800.0000;1;22000.0000;None;237600.0000
1792;2023-03-10 18:59:26.777000;7;1207;1;1;0.0000;1;22000.0000;None;237600.0000
1792;2023-03-10 19:15:55.447000;2;201187;1;1;9800.0000;1;22000.0000;None;237600.0000
1792;2023-03-10 19:20:50.317000;8;103867;1;1;28800.0000;1;22000.0000;None;237600.0000
1792;2023-03-10 19:20:50.317000;7;1158;1;1;0.0000;1;22000.0000;None;237600.0000
1792;2023-03-10 19:45:36.853000;8;102920;1;1;42800.0000;1;22000.0000;None;237600.0000
1792;2023-03-10 19:45:36.853000;7;1158;1;1;0.0000;1;22000.0000;None;237600.0000
1792;2023-03-10 19:45:36.853000;7;1158;1;1;0.0000;1;22000.0000;None;237600.0000
1792;2023-03-10 19:49:51.733000;2;201187;1;1;9800.0000;1;22000.0000;None;237600.0000
1792;2023-03-10 19:51:57.297000;2;201187;1;1;9800.0000;1;22000.0000;None;237600.0000
1792;2023-03-10 19:55:26.833000;8;102797;1;1;56800.0000;1;22000.0000;None;237600.0000
1792;2023-03-10 19:55:26.833000;7;1158;1;1;0.0000;1;22000.0000;None;237600.0000
1796;2023-03-10 19:29:34.757000;8;101996;1;1;15800.0000;1;35806.0000;None;386700.0000
1796;2023-03-10 19:29:34.757000;3;202570;1;1;8800.0000;1;35806.0000;None;386700.0000
1796;2023-03-10 19:29:34.757000;3;201269;1;1;5800.0000;1;35806.0000;None;386700.0000
1796;2023-03-10 19:29:34.757000;6;105636;1;1;0.0000;1;35806.0000;None;386700.0000
1796;2023-03-10 19:29:34.757000;3;201312;1;1;4800.0000;1;35806.0000;None;386700.0000
1796;2023-03-10 19:29:34.757000;3;201206;1;1;5800.0000;1;35806.0000;None;386700.0000
1796;2023-03-10 19:47:57.297000;3;200007;1;1;12800.0000;1;35806.0000;None;386700.0000
1796;2023-03-10 19:47:57.297000;6;105636;1;1;0.0000;1;35806.0000;None;386700.0000
1796;2023-03-10 19:47:57.297000;8;104655;1;1;38800.0000;1;35806.0000;None;386700.0000
1796;2023-03-10 19:47:57.297000;8;104655;1;1;38800.0000;1;35806.0000;None;386700.0000
1796;2023-03-10 19:47:57.297000;8;103867;1;1;28800.0000;1;35806.0000;None;386700.0000
1796;2023-03-10 19:47:57.297000;7;1158;1;1;0.0000;1;35806.0000;None;386700.0000
1796;2023-03-10 19:47:57.297000;7;1158;1;1;0.0000;1;35806.0000;None;386700.0000
1796;2023-03-10 20:03:52.230000;8;102797;1;1;56800.0000;1;35806.0000;None;386700.0000
1796;2023-03-10 20:03:52.230000;8;102691;1;1;77800.0000;1;35806.0000;None;386700.0000
1796;2023-03-10 20:03:52.230000;7;1158;1;1;0.0000;1;35806.0000;None;386700.0000
1796;2023-03-10 20:03:52.230000;1;102456;1;1;16800.0000;1;35806.0000;None;386700.0000
1796;2023-03-10 20:03:52.230000;7;1158;1;1;0.0000;1;35806.0000;None;386700.0000
1796;2023-03-10 20:03:52.230000;3;201206;1;1;5800.0000;1;35806.0000;None;386700.0000
1796;2023-03-10 20:03:52.230000;3;201206;1;1;5800.0000;1;35806.0000;None;386700.0000
1796;2023-03-10 20:03:52.230000;6;105636;1;1;0.0000;1;35806.0000;None;386700.0000
1796;2023-03-10 20:03:52.230000;3;104446;1;1;5800.0000;1;35806.0000;None;386700.0000
1796;2023-03-10 20:03:52.230000;8;100937;1;1;41900.0000;1;35806.0000;None;386700.0000
1796;2023-03-10 20:03:52.230000;7;1158;1;1;0.0000;1;35806.0000;None;386700.0000
1796;2023-03-10 20:03:52.230000;8;101996;1;1;15800.0000;1;35806.0000;None;386700.0000
1797;2023-03-10 19:30:03.657000;3;202112;1;1;9800.0000;1;12889.0000;None;139200.0000
1797;2023-03-10 19:30:03.657000;3;102643;1;1;14800.0000;1;12889.0000;None;139200.0000
1797;2023-03-10 19:30:03.657000;8;103022;1;1;69800.0000;1;12889.0000;None;139200.0000
1797;2023-03-10 19:30:03.657000;8;100953;1;1;44800.0000;1;12889.0000;None;139200.0000
1797;2023-03-10 19:30:03.657000;7;1158;1;1;0.0000;1;12889.0000;None;139200.0000
1797;2023-03-10 19:30:03.657000;7;1158;1;1;0.0000;1;12889.0000;None;139200.0000
1798;2023-03-10 19:31:34.047000;8;101996;1;1;15800.0000;1;21556.0000;None;232800.0000
1798;2023-03-10 19:31:34.047000;7;1135;1;1;0.0000;1;21556.0000;None;232800.0000
1798;2023-03-10 19:31:34.047000;2;201615;1;1;14800.0000;1;21556.0000;None;232800.0000
1798;2023-03-10 19:31:34.047000;2;201615;1;1;14800.0000;1;21556.0000;None;232800.0000
1798;2023-03-10 19:53:32.147000;8;101992;1;1;31800.0000;1;21556.0000;None;232800.0000
1798;2023-03-10 20:15:24.110000;8;101953;1;1;43800.0000;1;21556.0000;None;232800.0000
1798;2023-03-10 20:15:24.110000;2;201615;1;2;29600.0000;1;21556.0000;None;232800.0000
1798;2023-03-10 20:46:20.290000;2;201615;1;1;14800.0000;1;21556.0000;None;232800.0000
1798;2023-03-10 21:04:24.710000;2;201615;1;1;14800.0000;1;21556.0000;None;232800.0000
1798;2023-03-10 21:04:24.710000;2;201615;1;1;14800.0000;1;21556.0000;None;232800.0000
1798;2023-03-10 21:04:24.710000;8;103615;1;1;37800.0000;1;21556.0000;None;232800.0000
1799;2023-03-10 19:36:05.227000;2;108119;1;1;55800.0000;1;38037.0000;None;410800.0000
1799;2023-03-10 19:36:05.227000;3;105735;1;1;0.0000;1;38037.0000;None;410800.0000
1799;2023-03-10 19:36:05.227000;3;200007;1;1;12800.0000;1;38037.0000;None;410800.0000
1799;2023-03-10 19:36:05.227000;4;108191;1;1;0.0000;1;38037.0000;None;410800.0000
1799;2023-03-10 19:47:34.520000;2;101870;1;1;42800.0000;1;38037.0000;None;410800.0000
1799;2023-03-10 19:58:45.733000;8;102052;1;1;62800.0000;1;38037.0000;None;410800.0000
1799;2023-03-10 19:59:26.557000;8;101996;1;1;15800.0000;1;38037.0000;None;410800.0000
1799;2023-03-10 19:59:26.557000;8;103746;1;1;39800.0000;1;38037.0000;None;410800.0000
1799;2023-03-10 19:59:26.557000;8;102692;1;1;34800.0000;1;38037.0000;None;410800.0000
1799;2023-03-10 19:59:26.557000;1;104869;1;1;79800.0000;1;38037.0000;None;410800.0000
1799;2023-03-10 20:27:42.080000;8;102997;1;1;11800.0000;1;38037.0000;None;410800.0000
1799;2023-03-10 20:27:42.080000;8;102995;1;1;21800.0000;1;38037.0000;None;410800.0000
1799;2023-03-10 20:27:42.080000;2;105805;1;1;32800.0000;1;38037.0000;None;410800.0000
1800;2023-03-10 19:58:48.417000;3;200007;1;1;12800.0000;1;17185.0000;None;185600.0000
1800;2023-03-10 19:59:55.233000;3;102102;1;1;9800.0000;1;17185.0000;None;185600.0000
1800;2023-03-10 20:13:04.723000;3;102102;1;1;9800.0000;1;17185.0000;None;185600.0000
1800;2023-03-10 20:18:18.487000;3;201269;1;1;5800.0000;1;17185.0000;None;185600.0000
1800;2023-03-10 20:25:23.777000;8;104655;1;1;38800.0000;1;17185.0000;None;185600.0000
1800;2023-03-10 20:25:23.777000;8;102800;1;1;69800.0000;1;17185.0000;None;185600.0000
1800;2023-03-10 20:25:23.777000;8;102988;1;1;38800.0000;1;17185.0000;None;185600.0000
1801;2023-03-10 20:14:19.357000;3;102643;1;1;14800.0000;1;12315.0000;None;133000.0000
1801;2023-03-10 20:14:19.357000;2;101709;1;1;28800.0000;1;12315.0000;None;133000.0000
1801;2023-03-10 20:14:19.357000;3;105735;1;1;0.0000;1;12315.0000;None;133000.0000
1801;2023-03-10 20:14:19.357000;7;1207;1;1;0.0000;1;12315.0000;None;133000.0000
1801;2023-03-10 20:20:36.257000;1;101048;1;1;44800.0000;1;12315.0000;None;133000.0000
1801;2023-03-10 20:20:36.257000;7;1158;1;1;0.0000;1;12315.0000;None;133000.0000
1801;2023-03-10 20:20:36.257000;7;1158;1;1;0.0000;1;12315.0000;None;133000.0000
1801;2023-03-10 20:43:28.407000;2;101709;1;1;28800.0000;1;12315.0000;None;133000.0000
1801;2023-03-10 20:43:28.407000;6;105631;1;1;0.0000;1;12315.0000;None;133000.0000
1801;2023-03-10 21:02:00.310000;8;102996;1;1;15800.0000;1;12315.0000;None;133000.0000
1801;2023-03-10 21:02:00.310000;7;1131;1;1;0.0000;1;12315.0000;None;133000.0000
1801;2023-03-10 21:02:00.310000;7;1131;1;1;0.0000;1;12315.0000;None;133000.0000
1802;2023-03-10 20:44:54.153000;3;102747;1;1;4800.0000;1;23945.0000;None;258600.0000
1802;2023-03-10 20:44:54.153000;3;201312;1;1;4800.0000;1;23945.0000;None;258600.0000
1802;2023-03-10 20:57:18.003000;3;102749;1;1;5800.0000;1;23945.0000;None;258600.0000
1802;2023-03-10 20:57:18.003000;3;102747;1;1;4800.0000;1;23945.0000;None;258600.0000
1802;2023-03-10 20:57:18.003000;1;102447;1;1;16800.0000;1;23945.0000;None;258600.0000
1802;2023-03-10 20:57:18.003000;1;105023;1;1;55800.0000;1;23945.0000;None;258600.0000
1802;2023-03-10 20:57:18.003000;7;1158;1;1;0.0000;1;23945.0000;None;258600.0000
1802;2023-03-10 20:57:18.003000;7;1158;1;1;0.0000;1;23945.0000;None;258600.0000
1802;2023-03-10 20:57:18.003000;7;1158;1;1;0.0000;1;23945.0000;None;258600.0000
1802;2023-03-10 20:57:18.003000;7;1029;1;1;0.0000;1;23945.0000;None;258600.0000
1802;2023-03-10 20:57:18.003000;8;104655;1;1;38800.0000;1;23945.0000;None;258600.0000
1802;2023-03-10 20:57:18.003000;8;102797;1;1;56800.0000;1;23945.0000;None;258600.0000
1802;2023-03-10 20:57:18.003000;8;101953;1;1;43800.0000;1;23945.0000;None;258600.0000
1802;2023-03-10 20:57:18.003000;7;1158;1;1;0.0000;1;23945.0000;None;258600.0000
1802;2023-03-10 20:57:18.003000;7;1158;1;1;0.0000;1;23945.0000;None;258600.0000
1802;2023-03-10 21:33:54.267000;1;104004;1;1;16800.0000;1;23945.0000;None;258600.0000
1802;2023-03-10 21:33:54.267000;1;101088;1;1;2800.0000;1;23945.0000;None;258600.0000
1802;2023-03-10 21:33:54.267000;3;100606;1;1;6800.0000;1;23945.0000;None;258600.0000
1803;2023-03-10 20:57:56.277000;8;101971;1;1;50800.0000;1;25482.0000;None;275200.0000
1803;2023-03-10 20:57:56.277000;8;107333;1;1;69800.0000;1;25482.0000;None;275200.0000
1803;2023-03-10 20:57:56.277000;8;103023;1;1;47800.0000;1;25482.0000;None;275200.0000
1803;2023-03-10 20:57:56.277000;8;102790;1;1;37800.0000;1;25482.0000;None;275200.0000
1803;2023-03-10 20:57:56.277000;7;1158;1;1;0.0000;1;25482.0000;None;275200.0000
1803;2023-03-10 20:57:56.277000;7;1158;1;1;0.0000;1;25482.0000;None;275200.0000
1803;2023-03-10 20:57:56.277000;1;104240;1;1;28800.0000;1;25482.0000;None;275200.0000
1803;2023-03-10 20:57:56.277000;7;1158;1;1;0.0000;1;25482.0000;None;275200.0000
1803;2023-03-10 20:57:56.277000;3;104446;1;1;5800.0000;1;25482.0000;None;275200.0000
1803;2023-03-10 20:57:56.277000;3;104446;1;1;5800.0000;1;25482.0000;None;275200.0000
1803;2023-03-10 21:49:16.717000;3;201269;1;1;5800.0000;1;25482.0000;None;275200.0000
1803;2023-03-10 21:51:53.053000;1;101011;1;1;22800.0000;1;25482.0000;None;275200.0000
1807;2023-03-10 21:51:14.710000;3;102633;1;1;12800.0000;1;14278.0000;None;154200.0000
1807;2023-03-10 21:51:14.710000;3;104446;1;1;5800.0000;1;14278.0000;None;154200.0000
1807;2023-03-10 21:51:14.710000;1;108443;1;1;66800.0000;1;14278.0000;None;154200.0000
1807;2023-03-10 21:51:14.710000;1;102923;1;1;68800.0000;1;14278.0000;None;154200.0000
1807;2023-03-10 21:51:14.710000;7;1020;1;1;0.0000;1;14278.0000;None;154200.0000
1807;2023-03-10 21:51:14.710000;7;1020;1;1;0.0000;1;14278.0000;None;154200.0000
1807;2023-03-10 21:51:14.710000;7;1158;1;1;0.0000;1;14278.0000;None;154200.0000
1807;2023-03-10 21:51:14.710000;7;1158;1;1;0.0000;1;14278.0000;None;154200.0000
1808;2023-03-10 22:01:17.550000;8;103867;1;1;28800.0000;1;17370.0000;None;187600.0000
1808;2023-03-10 22:01:17.550000;8;103023;1;1;47800.0000;1;17370.0000;None;187600.0000
1808;2023-03-10 22:01:17.567000;8;100954;1;1;39800.0000;1;17370.0000;None;187600.0000
1808;2023-03-10 22:01:17.567000;7;1158;1;1;0.0000;1;17370.0000;None;187600.0000
1808;2023-03-10 22:01:17.567000;7;1158;1;1;0.0000;1;17370.0000;None;187600.0000
1808;2023-03-10 22:01:17.567000;7;1020;1;1;0.0000;1;17370.0000;None;187600.0000
1808;2023-03-10 22:01:17.567000;7;1020;1;1;0.0000;1;17370.0000;None;187600.0000
1808;2023-03-10 22:01:17.567000;7;1020;1;1;0.0000;1;17370.0000;None;187600.0000
1808;2023-03-10 22:01:17.567000;3;202570;1;1;8800.0000;1;17370.0000;None;187600.0000
1808;2023-03-10 22:01:17.567000;3;200007;1;1;12800.0000;1;17370.0000;None;187600.0000
1808;2023-03-10 22:01:17.567000;6;105636;1;1;0.0000;1;17370.0000;None;187600.0000
1808;2023-03-10 22:01:17.567000;2;201615;1;1;14800.0000;1;17370.0000;None;187600.0000
1808;2023-03-10 22:06:18.227000;8;103165;1;1;34800.0000;1;17370.0000;None;187600.0000
1808;2023-03-10 22:06:18.227000;7;1213;1;1;0.0000;1;17370.0000;None;187600.0000
1808;2023-03-10 22:06:18.227000;7;1158;1;1;0.0000;1;17370.0000;None;187600.0000
1810;2023-03-10 22:41:54.080000;8;102850;1;1;43800.0000;1;7611.0000;None;82200.0000
1810;2023-03-10 22:41:54.080000;3;202570;1;1;8800.0000;1;7611.0000;None;82200.0000
1810;2023-03-10 22:51:47.647000;2;201615;1;1;14800.0000;1;7611.0000;None;82200.0000
1810;2023-03-10 22:51:47.647000;2;201615;1;1;14800.0000;1;7611.0000;None;82200.0000
11861;2023-03-10 11:51:49.477000;8;103023;1;1;47800.0000;1;None;None;362340.0000
11861;2023-03-10 11:51:49.490000;8;106077;1;1;32800.0000;1;None;None;362340.0000
11861;2023-03-10 11:51:49.490000;8;103615;1;1;37800.0000;1;None;None;362340.0000
11861;2023-03-10 11:51:49.490000;8;102797;1;1;56800.0000;1;None;None;362340.0000
11861;2023-03-10 11:51:49.490000;7;1157;1;1;0.0000;1;None;None;362340.0000
11861;2023-03-10 11:51:49.490000;7;1157;1;1;0.0000;1;None;None;362340.0000
11861;2023-03-10 11:51:49.490000;7;1157;1;1;0.0000;1;None;None;362340.0000
11861;2023-03-10 11:51:49.490000;8;103867;1;1;28800.0000;1;None;None;362340.0000
11861;2023-03-10 11:51:49.490000;7;1157;1;1;0.0000;1;None;None;362340.0000
11861;2023-03-10 11:53:01.507000;8;103690;1;1;41800.0000;1;None;None;362340.0000
11861;2023-03-10 11:53:01.507000;8;105731;1;1;0.0000;1;None;None;362340.0000
11861;2023-03-10 11:53:01.507000;8;103690;1;1;41800.0000;1;None;None;362340.0000
11861;2023-03-10 11:53:01.507000;8;105730;1;1;0.0000;1;None;None;362340.0000
11861;2023-03-10 11:53:01.523000;8;103690;1;1;41800.0000;1;None;None;362340.0000
11861;2023-03-10 11:53:01.523000;8;105731;1;1;0.0000;1;None;None;362340.0000
11861;2023-03-10 11:53:01.523000;7;1157;1;1;0.0000;1;None;None;362340.0000
11861;2023-03-10 12:19:38.100000;9;802020;1;1;32940.0000;1;None;None;362340.0000
11865;2023-03-10 13:15:49.707000;8;106077;1;2;65600.0000;1;None;None;230120.0000
11865;2023-03-10 13:15:49.707000;7;1213;1;1;0.0000;1;None;None;230120.0000
11865;2023-03-10 13:15:49.707000;1;108437;1;1;79800.0000;1;None;None;230120.0000
11865;2023-03-10 13:15:49.707000;8;102823;1;1;63800.0000;1;None;None;230120.0000
11865;2023-03-10 13:15:49.707000;7;1157;1;1;0.0000;1;None;None;230120.0000
11865;2023-03-10 13:15:49.707000;7;1157;1;1;0.0000;1;None;None;230120.0000
11865;2023-03-10 13:15:49.707000;9;802020;1;1;20920.0000;1;None;None;230120.0000
11866;2023-03-10 13:23:39.690000;8;108517;1;1;59800.0000;1;None;None;185240.0000
11866;2023-03-10 13:23:39.690000;7;1213;1;1;0.0000;1;None;None;185240.0000
11866;2023-03-10 13:23:39.690000;8;103547;1;1;71800.0000;1;None;None;185240.0000
11866;2023-03-10 13:23:39.690000;7;1213;1;1;0.0000;1;None;None;185240.0000
11866;2023-03-10 13:23:39.690000;7;1213;1;1;0.0000;1;None;None;185240.0000
11866;2023-03-10 13:23:39.690000;8;102540;1;1;36800.0000;1;None;None;185240.0000
11866;2023-03-10 13:23:39.690000;7;1158;1;1;0.0000;1;None;None;185240.0000
11866;2023-03-10 13:23:39.690000;7;1158;1;1;0.0000;1;None;None;185240.0000
11866;2023-03-10 13:23:39.690000;9;802020;1;1;16840.0000;1;None;None;185240.0000
11868;2023-03-10 14:31:40.013000;8;104655;1;3;116400.0000;1;None;None;759660.0000
11868;2023-03-10 14:31:40.013000;8;107334;1;3;260400.0000;1;None;None;759660.0000
11868;2023-03-10 14:31:40.013000;8;103867;1;3;86400.0000;1;None;None;759660.0000
11868;2023-03-10 14:31:40.013000;8;105424;1;3;227400.0000;1;None;None;759660.0000
11868;2023-03-10 14:31:40.013000;9;802020;1;1;69060.0000;1;None;None;759660.0000
11869;2023-03-10 14:55:33.393000;8;100953;1;1;44800.0000;1;None;None;268400.0000
11869;2023-03-10 14:55:33.393000;8;105424;1;1;75800.0000;1;None;None;268400.0000
11869;2023-03-10 14:55:33.393000;8;103023;1;1;47800.0000;1;None;None;268400.0000
11869;2023-03-10 14:55:33.393000;8;104655;1;1;38800.0000;1;None;None;268400.0000
11869;2023-03-10 14:55:33.393000;8;102540;1;1;36800.0000;1;None;None;268400.0000
11869;2023-03-10 14:55:33.393000;9;802020;1;1;24400.0000;1;None;None;268400.0000
11869;2023-03-10 13:53:57.363000;1;101323;1;1;29800.0000;1;None;None;268400.0000
11869;2023-03-10 13:53:57.363000;7;1135;1;1;0.0000;1;None;None;268400.0000
11869;2023-03-10 13:53:57.363000;1;101320;1;1;27800.0000;1;None;None;268400.0000
11869;2023-03-10 13:53:57.363000;7;1135;1;1;0.0000;1;None;None;268400.0000
11869;2023-03-10 13:53:57.363000;9;802020;1;1;5760.0000;1;None;None;268400.0000
11869;2023-03-10 15:08:11.293000;1;101320;1;-1;-27800.0000;1;None;None;268400.0000
11869;2023-03-10 15:08:11.293000;7;1135;1;-1;0.0000;1;None;None;268400.0000
11869;2023-03-10 15:08:11.293000;1;101323;1;-1;-29800.0000;1;None;None;268400.0000
11869;2023-03-10 15:08:11.293000;7;1135;1;-1;0.0000;1;None;None;268400.0000
11869;2023-03-10 15:08:11.293000;9;802020;1;-1;-5760.0000;1;None;None;268400.0000
11870;2023-03-10 15:02:15.047000;3;202570;1;3;26400.0000;1;26833.0000;None;289800.0000
11870;2023-03-10 15:02:15.047000;7;2049;1;1;0.0000;1;26833.0000;None;289800.0000
11870;2023-03-10 15:02:15.047000;7;2049;1;1;0.0000;1;26833.0000;None;289800.0000
11870;2023-03-10 15:02:15.047000;1;102456;1;1;16800.0000;1;26833.0000;None;289800.0000
11870;2023-03-10 15:02:15.047000;1;103595;1;2;71600.0000;1;26833.0000;None;289800.0000
11870;2023-03-10 15:02:15.047000;7;1131;1;1;0.0000;1;26833.0000;None;289800.0000
11870;2023-03-10 15:02:15.047000;7;1131;1;1;0.0000;1;26833.0000;None;289800.0000
11870;2023-03-10 15:02:15.047000;8;109181;1;1;65800.0000;1;26833.0000;None;289800.0000
11870;2023-03-10 15:02:15.047000;7;1131;1;1;0.0000;1;26833.0000;None;289800.0000
11870;2023-03-10 15:02:15.047000;7;1131;1;1;0.0000;1;26833.0000;None;289800.0000
11870;2023-03-10 15:02:15.047000;1;102239;1;1;5800.0000;1;26833.0000;None;289800.0000
11870;2023-03-10 15:02:15.047000;7;1131;1;1;0.0000;1;26833.0000;None;289800.0000
11870;2023-03-10 15:02:15.047000;7;1131;1;1;0.0000;1;26833.0000;None;289800.0000
11870;2023-03-10 15:02:15.047000;8;109181;1;1;65800.0000;1;26833.0000;None;289800.0000
11870;2023-03-10 15:02:15.047000;8;103539;1;1;32800.0000;1;26833.0000;None;289800.0000
11870;2023-03-10 15:02:15.047000;7;1131;1;1;0.0000;1;26833.0000;None;289800.0000
11870;2023-03-10 15:02:15.047000;7;1131;1;1;0.0000;1;26833.0000;None;289800.0000
11870;2023-03-10 15:02:15.047000;3;102747;1;1;4800.0000;1;26833.0000;None;289800.0000
11870;2023-03-10 15:02:15.047000;7;2049;1;1;0.0000;1;26833.0000;None;289800.0000
11870;2023-03-10 15:02:15.047000;7;2049;1;1;0.0000;1;26833.0000;None;289800.0000
11871;2023-03-10 15:13:51.960000;3;200007;1;-1;-12800.0000;1;-29315.0000;None;-316600.0000
11871;2023-03-10 15:13:51.960000;2;101978;1;-1;-49800.0000;1;-29315.0000;None;-316600.0000
11871;2023-03-10 15:13:51.960000;8;104655;1;-1;-38800.0000;1;-29315.0000;None;-316600.0000
11871;2023-03-10 15:13:51.960000;1;102972;1;-1;-99800.0000;1;-29315.0000;None;-316600.0000
11871;2023-03-10 15:13:51.960000;1;106337;1;-1;0.0000;1;-29315.0000;None;-316600.0000
11871;2023-03-10 15:13:51.960000;1;106337;2;-1;0.0000;1;-29315.0000;None;-316600.0000
11871;2023-03-10 15:13:51.960000;1;102972;1;-1;-99800.0000;1;-29315.0000;None;-316600.0000
11871;2023-03-10 15:13:51.960000;1;106922;1;-1;0.0000;1;-29315.0000;None;-316600.0000
11871;2023-03-10 15:13:51.960000;1;106922;2;-1;0.0000;1;-29315.0000;None;-316600.0000
11871;2023-03-10 15:13:51.960000;2;201187;1;-1;-9800.0000;1;-29315.0000;None;-316600.0000
11871;2023-03-10 15:13:51.960000;3;100614;1;-1;-5800.0000;1;-29315.0000;None;-316600.0000
11872;2023-03-10 15:18:05.093000;3;202570;1;-3;-26400.0000;1;-26833.0000;None;-289800.0000
11872;2023-03-10 15:18:05.093000;1;102456;1;-1;-16800.0000;1;-26833.0000;None;-289800.0000
11872;2023-03-10 15:18:05.093000;1;103595;1;-2;-71600.0000;1;-26833.0000;None;-289800.0000
11872;2023-03-10 15:18:05.093000;8;109181;1;-1;-65800.0000;1;-26833.0000;None;-289800.0000
11872;2023-03-10 15:18:05.093000;1;102239;1;-1;-5800.0000;1;-26833.0000;None;-289800.0000
11872;2023-03-10 15:18:05.093000;8;109181;1;-1;-65800.0000;1;-26833.0000;None;-289800.0000
11872;2023-03-10 15:18:05.093000;8;103539;1;-1;-32800.0000;1;-26833.0000;None;-289800.0000
11872;2023-03-10 15:18:05.093000;3;102747;1;-1;-4800.0000;1;-26833.0000;None;-289800.0000
11873;2023-03-10 16:11:00.657000;1;103596;1;1;79800.0000;1;None;None;372800.0000
11873;2023-03-10 16:11:00.657000;1;105010;2;1;0.0000;1;None;None;372800.0000
11873;2023-03-10 16:11:00.657000;1;106337;2;1;0.0000;1;None;None;372800.0000
11873;2023-03-10 16:11:00.657000;1;103596;1;1;79800.0000;1;None;None;372800.0000
11873;2023-03-10 16:11:00.657000;1;105010;1;1;0.0000;1;None;None;372800.0000
11873;2023-03-10 16:11:00.657000;1;106337;2;1;0.0000;1;None;None;372800.0000
11873;2023-03-10 16:11:00.657000;1;103596;1;1;79800.0000;1;None;None;372800.0000
11873;2023-03-10 16:11:00.657000;1;105010;2;1;0.0000;1;None;None;372800.0000
11873;2023-03-10 16:11:00.657000;1;106337;2;1;0.0000;1;None;None;372800.0000
11873;2023-03-10 16:11:00.657000;1;103596;1;1;79800.0000;1;None;None;372800.0000
11873;2023-03-10 16:11:00.657000;1;105010;1;1;0.0000;1;None;None;372800.0000
11873;2023-03-10 16:11:00.657000;1;106337;2;1;0.0000;1;None;None;372800.0000
11873;2023-03-10 16:11:00.657000;1;103596;1;1;79800.0000;1;None;None;372800.0000
11873;2023-03-10 16:11:00.657000;1;105010;1;1;0.0000;1;None;None;372800.0000
11873;2023-03-10 16:11:00.657000;1;106337;2;1;0.0000;1;None;None;372800.0000
11873;2023-03-10 16:11:00.657000;1;103596;1;1;79800.0000;1;None;None;372800.0000
11873;2023-03-10 16:11:00.657000;1;105010;1;1;0.0000;1;None;None;372800.0000
11873;2023-03-10 16:11:00.657000;1;106337;2;1;0.0000;1;None;None;372800.0000
11873;2023-03-10 16:11:00.657000;1;103596;1;1;79800.0000;1;None;None;372800.0000
11873;2023-03-10 16:11:00.657000;1;105010;1;1;0.0000;1;None;None;372800.0000
11873;2023-03-10 16:11:00.657000;1;106337;2;1;0.0000;1;None;None;372800.0000
11873;2023-03-10 16:11:00.657000;1;103596;1;1;79800.0000;1;None;None;372800.0000
11873;2023-03-10 16:11:00.657000;1;105010;1;1;0.0000;1;None;None;372800.0000
11873;2023-03-10 16:11:00.657000;1;106337;2;1;0.0000;1;None;None;372800.0000
11873;2023-03-10 16:11:00.657000;1;102921;1;3;89400.0000;1;None;None;372800.0000
11873;2023-03-10 16:11:00.657000;1;104216;1;1;17800.0000;1;None;None;372800.0000
11873;2023-03-10 16:11:00.657000;7;1135;1;1;0.0000;1;None;None;372800.0000
11873;2023-03-10 21:52:58.900000;None;3;None;1;-372800.0000;2;None;None;372800.0000
11874;2023-03-10 16:45:57.913000;8;103615;1;1;37800.0000;1;None;None;440220.0000
11874;2023-03-10 16:45:57.913000;8;101992;1;1;31800.0000;1;None;None;440220.0000
11874;2023-03-10 16:45:57.913000;8;102997;1;5;59000.0000;1;None;None;440220.0000
11874;2023-03-10 16:45:57.913000;8;102988;1;2;77600.0000;1;None;None;440220.0000
11874;2023-03-10 16:45:57.913000;8;102992;1;2;85600.0000;1;None;None;440220.0000
11874;2023-03-10 16:45:57.913000;7;1157;1;1;0.0000;1;None;None;440220.0000
11874;2023-03-10 16:45:57.913000;7;1157;1;1;0.0000;1;None;None;440220.0000
11874;2023-03-10 16:45:57.913000;8;101996;1;2;31600.0000;1;None;None;440220.0000
11874;2023-03-10 16:45:57.913000;1;102842;1;1;76800.0000;1;None;None;440220.0000
11874;2023-03-10 16:45:57.913000;7;1157;1;1;0.0000;1;None;None;440220.0000
11874;2023-03-10 16:45:57.913000;7;1157;1;1;0.0000;1;None;None;440220.0000
11874;2023-03-10 16:45:57.913000;7;1157;1;1;0.0000;1;None;None;440220.0000
11874;2023-03-10 16:45:57.913000;9;802020;1;1;40020.0000;1;None;None;440220.0000
11875;2023-03-10 16:56:25.743000;8;102995;1;2;43600.0000;1;None;None;87340.0000
11875;2023-03-10 16:56:25.743000;8;101026;1;1;35800.0000;1;None;None;87340.0000
11875;2023-03-10 16:56:25.743000;7;1157;1;1;0.0000;1;None;None;87340.0000
11875;2023-03-10 16:56:25.743000;7;1157;1;1;0.0000;1;None;None;87340.0000
11875;2023-03-10 16:56:25.743000;9;802020;1;1;7940.0000;1;None;None;87340.0000
11876;2023-03-10 18:29:14.180000;1;101929;1;1;16800.0000;1;None;None;340560.0000
11876;2023-03-10 18:29:14.180000;1;105023;1;1;55800.0000;1;None;None;340560.0000
11876;2023-03-10 18:29:14.180000;1;102456;1;1;16800.0000;1;None;None;340560.0000
11876;2023-03-10 18:29:14.180000;1;104869;1;1;79800.0000;1;None;None;340560.0000
11876;2023-03-10 18:29:14.180000;7;1157;1;1;0.0000;1;None;None;340560.0000
11876;2023-03-10 18:29:14.180000;7;1157;1;1;0.0000;1;None;None;340560.0000
11876;2023-03-10 18:29:14.180000;8;103690;1;1;41800.0000;1;None;None;340560.0000
11876;2023-03-10 18:29:14.180000;8;105731;1;1;0.0000;1;None;None;340560.0000
11876;2023-03-10 18:29:14.180000;8;102800;1;1;69800.0000;1;None;None;340560.0000
11876;2023-03-10 18:29:14.180000;8;103867;1;1;28800.0000;1;None;None;340560.0000
11876;2023-03-10 18:29:14.180000;7;1157;1;1;0.0000;1;None;None;340560.0000
11876;2023-03-10 18:29:14.180000;7;1157;1;1;0.0000;1;None;None;340560.0000
11876;2023-03-10 18:29:14.180000;9;802020;1;1;30960.0000;1;None;None;340560.0000
11877;2023-03-10 18:57:28.830000;8;101026;1;1;35800.0000;1;3315.0000;None;35800.0000
11877;2023-03-10 18:57:28.830000;7;1213;1;1;0.0000;1;3315.0000;None;35800.0000
11878;2023-03-10 19:09:51.697000;8;101971;1;1;50800.0000;1;None;None;257400.0000
11878;2023-03-10 19:09:51.697000;1;102457;1;1;18800.0000;1;None;None;257400.0000
11878;2023-03-10 19:09:51.697000;8;103023;1;1;47800.0000;1;None;None;257400.0000
11878;2023-03-10 19:09:51.697000;1;102927;1;1;66800.0000;1;None;None;257400.0000
11878;2023-03-10 19:09:51.697000;6;101408;1;1;0.0000;1;None;None;257400.0000
11878;2023-03-10 19:09:51.697000;6;105509;1;1;0.0000;1;None;None;257400.0000
11878;2023-03-10 19:09:51.697000;6;101546;1;1;0.0000;1;None;None;257400.0000
11878;2023-03-10 19:09:51.697000;1;101051;1;1;49800.0000;1;None;None;257400.0000
11878;2023-03-10 19:09:51.697000;7;1157;1;1;0.0000;1;None;None;257400.0000
11878;2023-03-10 19:09:51.697000;7;1157;1;1;0.0000;1;None;None;257400.0000
11878;2023-03-10 19:09:51.697000;7;1157;1;1;0.0000;1;None;None;257400.0000
11878;2023-03-10 19:09:51.697000;7;1157;1;1;0.0000;1;None;None;257400.0000
11878;2023-03-10 19:15:58.717000;9;802020;1;1;23400.0000;1;None;None;257400.0000
11879;2023-03-10 19:17:02.483000;8;103867;1;1;28800.0000;1;None;None;199980.0000
11879;2023-03-10 19:17:02.483000;8;102790;1;1;37800.0000;1;None;None;199980.0000
11879;2023-03-10 19:17:02.483000;8;103746;1;1;39800.0000;1;None;None;199980.0000
11879;2023-03-10 19:17:02.483000;8;108518;1;1;41800.0000;1;None;None;199980.0000
11879;2023-03-10 19:17:02.483000;1;101929;1;1;16800.0000;1;None;None;199980.0000
11879;2023-03-10 19:17:02.483000;1;101929;1;1;16800.0000;1;None;None;199980.0000
11879;2023-03-10 19:17:02.483000;7;1157;1;1;0.0000;1;None;None;199980.0000
11879;2023-03-10 19:17:02.483000;7;1157;1;1;0.0000;1;None;None;199980.0000
11879;2023-03-10 19:17:02.483000;7;1157;1;1;0.0000;1;None;None;199980.0000
11879;2023-03-10 19:18:08.187000;9;802020;1;1;18180.0000;1;None;None;199980.0000
11881;2023-03-10 19:24:53.167000;8;103615;1;1;37800.0000;1;None;None;42800.0000
11881;2023-03-10 19:24:53.167000;7;1157;1;1;0.0000;1;None;None;42800.0000
11881;2023-03-10 19:24:53.167000;7;1157;1;1;0.0000;1;None;None;42800.0000
11881;2023-03-10 19:24:53.167000;9;802020;1;1;5000.0000;1;None;None;42800.0000
11883;2023-03-10 20:06:54.393000;8;104655;1;1;38800.0000;1;None;None;154440.0000
11883;2023-03-10 20:06:54.393000;7;1157;1;1;0.0000;1;None;None;154440.0000
11883;2023-03-10 20:06:54.393000;7;1157;1;1;0.0000;1;None;None;154440.0000
11883;2023-03-10 20:06:54.393000;1;101048;1;1;44800.0000;1;None;None;154440.0000
11883;2023-03-10 20:06:54.393000;1;103939;1;1;56800.0000;1;None;None;154440.0000
11883;2023-03-10 20:06:54.393000;7;1157;1;1;0.0000;1;None;None;154440.0000
11883;2023-03-10 20:06:54.393000;7;1157;1;1;0.0000;1;None;None;154440.0000
11883;2023-03-10 20:06:54.393000;9;802020;1;1;14040.0000;1;None;None;154440.0000
11884;2023-03-10 19:19:05.033000;1;105023;1;1;55800.0000;1;28463.0000;None;307400.0000
11884;2023-03-10 19:19:05.033000;1;104180;1;1;84800.0000;1;28463.0000;None;307400.0000
11884;2023-03-10 19:19:05.033000;7;1158;1;1;0.0000;1;28463.0000;None;307400.0000
11884;2023-03-10 19:19:05.033000;7;1158;1;1;0.0000;1;28463.0000;None;307400.0000
11884;2023-03-10 19:22:30.210000;3;102633;1;1;12800.0000;1;28463.0000;None;307400.0000
11884;2023-03-10 19:22:30.210000;3;102633;1;1;12800.0000;1;28463.0000;None;307400.0000
11884;2023-03-10 20:00:30.107000;1;102535;1;1;19800.0000;1;28463.0000;None;307400.0000
11884;2023-03-10 20:00:30.107000;3;100614;1;1;5800.0000;1;28463.0000;None;307400.0000
11884;2023-03-10 20:17:43.667000;8;103023;1;1;47800.0000;1;28463.0000;None;307400.0000
11884;2023-03-10 20:17:43.667000;8;103724;1;1;67800.0000;1;28463.0000;None;307400.0000
11884;2023-03-10 20:17:43.667000;7;1131;1;1;0.0000;1;28463.0000;None;307400.0000
11884;2023-03-10 20:17:43.667000;7;1131;1;1;0.0000;1;28463.0000;None;307400.0000
11885;2023-03-10 20:45:30.187000;8;102696;1;1;13800.0000;1;None;None;95920.0000
11885;2023-03-10 20:45:30.187000;8;103544;1;1;25800.0000;1;None;None;95920.0000
11885;2023-03-10 20:45:30.187000;8;101992;1;1;31800.0000;1;None;None;95920.0000
11885;2023-03-10 20:45:30.187000;8;104200;1;1;15800.0000;1;None;None;95920.0000
11885;2023-03-10 20:45:30.187000;7;1157;1;1;0.0000;1;None;None;95920.0000
11885;2023-03-10 20:45:30.187000;7;1157;1;1;0.0000;1;None;None;95920.0000
11885;2023-03-10 20:45:30.187000;9;802020;1;1;8720.0000;1;None;None;95920.0000
11886;2023-03-10 21:06:04.110000;1;103639;1;1;43800.0000;1;None;None;54600.0000
11886;2023-03-10 21:06:04.110000;7;1157;1;1;0.0000;1;None;None;54600.0000
11886;2023-03-10 21:06:04.110000;7;1157;1;1;0.0000;1;None;None;54600.0000
11886;2023-03-10 21:06:04.110000;3;102663;1;1;10800.0000;1;None;None;54600.0000
11886;2023-03-10 21:06:04.110000;7;2034;1;1;0.0000;1;None;None;54600.0000
11886;2023-03-10 21:06:04.110000;7;2034;1;1;0.0000;1;None;None;54600.0000
11887;2023-03-10 21:47:30.200000;3;200007;1;-1;-12800.0000;1;-17185.0000;None;-185600.0000
11887;2023-03-10 21:47:30.200000;3;102102;1;-2;-19600.0000;1;-17185.0000;None;-185600.0000
11887;2023-03-10 21:47:30.200000;3;201269;1;-1;-5800.0000;1;-17185.0000;None;-185600.0000
11887;2023-03-10 21:47:30.200000;8;104655;1;-1;-38800.0000;1;-17185.0000;None;-185600.0000
11887;2023-03-10 21:47:30.200000;8;102800;1;-1;-69800.0000;1;-17185.0000;None;-185600.0000
11887;2023-03-10 21:47:30.200000;8;102988;1;-1;-38800.0000;1;-17185.0000;None;-185600.0000
31179;2023-03-10 13:41:04.993000;2;101727;1;1;32800.0000;1;28815.0000;None;311200.0000
31179;2023-03-10 13:41:05.010000;2;101727;1;1;32800.0000;1;28815.0000;None;311200.0000
31179;2023-03-10 13:41:05.010000;8;102052;1;1;62800.0000;1;28815.0000;None;311200.0000
31179;2023-03-10 13:54:27.363000;3;201704;1;1;15800.0000;1;28815.0000;None;311200.0000
31179;2023-03-10 13:54:27.363000;7;2008;1;1;0.0000;1;28815.0000;None;311200.0000
31179;2023-03-10 13:54:27.363000;7;2008;1;1;0.0000;1;28815.0000;None;311200.0000
31179;2023-03-10 13:54:27.363000;8;103023;1;1;47800.0000;1;28815.0000;None;311200.0000
31179;2023-03-10 13:54:27.363000;8;103615;1;1;37800.0000;1;28815.0000;None;311200.0000
31179;2023-03-10 13:54:27.363000;7;1011;1;1;0.0000;1;28815.0000;None;311200.0000
31179;2023-03-10 13:54:27.363000;8;101996;1;1;15800.0000;1;28815.0000;None;311200.0000
31179;2023-03-10 14:03:35.527000;2;101727;1;1;32800.0000;1;28815.0000;None;311200.0000
31179;2023-03-10 14:03:35.527000;2;101727;1;1;32800.0000;1;28815.0000;None;311200.0000
31180;2023-03-10 14:31:47.243000;8;103866;1;1;29800.0000;1;13315.0000;None;143800.0000
31180;2023-03-10 14:31:47.243000;8;102790;1;1;37800.0000;1;13315.0000;None;143800.0000
31180;2023-03-10 14:31:47.243000;8;102778;1;1;19800.0000;1;13315.0000;None;143800.0000
31180;2023-03-10 14:31:47.243000;8;103549;1;1;31800.0000;1;13315.0000;None;143800.0000
31180;2023-03-10 14:31:47.243000;3;102748;1;1;15800.0000;1;13315.0000;None;143800.0000
31180;2023-03-10 14:31:47.243000;3;102635;1;1;8800.0000;1;13315.0000;None;143800.0000
31181;2023-03-10 19:15:04.747000;1;101929;1;1;16800.0000;1;17148.0000;None;185200.0000
31181;2023-03-10 19:15:04.747000;1;104253;1;1;16800.0000;1;17148.0000;None;185200.0000
31181;2023-03-10 19:15:04.747000;1;103073;1;1;32800.0000;1;17148.0000;None;185200.0000
31181;2023-03-10 19:15:04.747000;1;104261;1;1;18800.0000;1;17148.0000;None;185200.0000
31181;2023-03-10 19:15:04.747000;8;109181;1;1;65800.0000;1;17148.0000;None;185200.0000
31181;2023-03-10 19:15:04.747000;3;103912;1;1;7800.0000;1;17148.0000;None;185200.0000
31181;2023-03-10 19:15:04.747000;3;100607;1;1;6800.0000;1;17148.0000;None;185200.0000
31181;2023-03-10 19:15:04.747000;3;102637;1;1;9800.0000;1;17148.0000;None;185200.0000
31181;2023-03-10 19:29:10.030000;3;102637;1;1;9800.0000;1;17148.0000;None;185200.0000
31182;2023-03-10 19:27:54.637000;1;104180;1;1;84800.0000;1;58574.0000;None;632600.0000
31182;2023-03-10 19:27:54.637000;2;104234;1;1;36800.0000;1;58574.0000;None;632600.0000
31182;2023-03-10 19:27:54.637000;2;102848;1;1;44800.0000;1;58574.0000;None;632600.0000
31182;2023-03-10 19:27:54.637000;2;102775;1;1;44800.0000;1;58574.0000;None;632600.0000
31182;2023-03-10 19:41:41.677000;8;103023;1;1;47800.0000;1;58574.0000;None;632600.0000
31182;2023-03-10 19:41:41.677000;8;103539;1;1;32800.0000;1;58574.0000;None;632600.0000
31182;2023-03-10 19:41:41.677000;8;102691;1;1;77800.0000;1;58574.0000;None;632600.0000
31182;2023-03-10 20:04:03.457000;8;102797;1;1;56800.0000;1;58574.0000;None;632600.0000
31182;2023-03-10 20:04:03.457000;8;101883;1;1;54800.0000;1;58574.0000;None;632600.0000
31182;2023-03-10 20:04:03.457000;8;103023;1;1;47800.0000;1;58574.0000;None;632600.0000
31182;2023-03-10 20:17:06.450000;2;104234;1;1;36800.0000;1;58574.0000;None;632600.0000
31182;2023-03-10 20:17:06.450000;2;102775;1;1;44800.0000;1;58574.0000;None;632600.0000
31182;2023-03-10 20:45:12.240000;1;103780;1;1;16800.0000;1;58574.0000;None;632600.0000
31182;2023-03-10 20:45:12.240000;1;102908;1;1;5200.0000;1;58574.0000;None;632600.0000
31183;2023-03-10 19:44:14.613000;2;107564;1;1;47800.0000;1;22278.0000;None;240600.0000
31183;2023-03-10 19:44:14.613000;2;201615;1;1;14800.0000;1;22278.0000;None;240600.0000
31183;2023-03-10 19:45:46.057000;1;105023;1;1;55800.0000;1;22278.0000;None;240600.0000
31183;2023-03-10 20:07:40.590000;8;103165;1;1;34800.0000;1;22278.0000;None;240600.0000
31183;2023-03-10 20:07:40.590000;8;103615;1;1;37800.0000;1;22278.0000;None;240600.0000
31183;2023-03-10 20:07:40.590000;8;102692;1;1;34800.0000;1;22278.0000;None;240600.0000
31183;2023-03-10 20:07:40.590000;7;1011;1;1;0.0000;1;22278.0000;None;240600.0000
31183;2023-03-10 20:13:32.563000;2;201615;1;1;14800.0000;1;22278.0000;None;240600.0000
31184;2023-03-10 19:49:08.853000;8;101996;1;1;15800.0000;1;28370.0000;None;306400.0000
31184;2023-03-10 19:49:08.853000;1;101929;1;1;16800.0000;1;28370.0000;None;306400.0000
31184;2023-03-10 19:49:08.853000;8;102920;1;1;42800.0000;1;28370.0000;None;306400.0000
31184;2023-03-10 19:49:08.853000;3;202570;1;1;8800.0000;1;28370.0000;None;306400.0000
31184;2023-03-10 19:49:08.853000;6;105636;1;1;0.0000;1;28370.0000;None;306400.0000
31184;2023-03-10 19:49:08.853000;3;200007;1;1;12800.0000;1;28370.0000;None;306400.0000
31184;2023-03-10 19:49:08.853000;3;201206;1;1;5800.0000;1;28370.0000;None;306400.0000
31184;2023-03-10 19:49:08.853000;7;2042;1;1;0.0000;1;28370.0000;None;306400.0000
31184;2023-03-10 19:49:08.853000;3;102619;1;1;7800.0000;1;28370.0000;None;306400.0000
31184;2023-03-10 19:49:08.853000;7;2042;1;1;0.0000;1;28370.0000;None;306400.0000
31184;2023-03-10 19:49:08.853000;2;101727;1;1;32800.0000;1;28370.0000;None;306400.0000
31184;2023-03-10 19:49:08.853000;2;101727;1;1;32800.0000;1;28370.0000;None;306400.0000
31184;2023-03-10 19:51:21.817000;8;103023;1;1;47800.0000;1;28370.0000;None;306400.0000
31184;2023-03-10 19:51:21.817000;7;1011;1;1;0.0000;1;28370.0000;None;306400.0000
31184;2023-03-10 20:11:12.187000;1;101323;1;1;29800.0000;1;28370.0000;None;306400.0000
31184;2023-03-10 20:11:12.187000;1;103058;1;1;32800.0000;1;28370.0000;None;306400.0000
31184;2023-03-10 20:18:39.127000;1;109505;1;1;19800.0000;1;28370.0000;None;306400.0000
31184;2023-03-10 20:18:39.127000;7;1014;1;1;0.0000;1;28370.0000;None;306400.0000
31184;2023-03-10 20:18:39.127000;7;1020;1;1;0.0000;1;28370.0000;None;306400.0000
31184;2023-03-10 20:18:39.127000;7;1011;1;1;0.0000;1;28370.0000;None;306400.0000
31185;2023-03-10 19:59:12.083000;3;201312;1;1;4800.0000;1;79019.0000;None;853400.0000
31185;2023-03-10 19:59:12.083000;3;201312;1;1;4800.0000;1;79019.0000;None;853400.0000
31185;2023-03-10 19:59:12.083000;3;200007;1;1;12800.0000;1;79019.0000;None;853400.0000
31185;2023-03-10 19:59:12.083000;3;200007;1;1;12800.0000;1;79019.0000;None;853400.0000
31185;2023-03-10 19:59:12.083000;6;105636;1;1;0.0000;1;79019.0000;None;853400.0000
31185;2023-03-10 19:59:12.083000;3;201269;1;1;5800.0000;1;79019.0000;None;853400.0000
31185;2023-03-10 19:59:12.083000;6;105636;1;1;0.0000;1;79019.0000;None;853400.0000
31185;2023-03-10 19:59:12.083000;3;202114;1;1;11800.0000;1;79019.0000;None;853400.0000
31185;2023-03-10 19:59:12.083000;6;105636;1;1;0.0000;1;79019.0000;None;853400.0000
31185;2023-03-10 19:59:12.083000;7;2010;1;1;0.0000;1;79019.0000;None;853400.0000
31185;2023-03-10 19:59:12.083000;3;102633;1;1;12800.0000;1;79019.0000;None;853400.0000
31185;2023-03-10 20:13:33.660000;8;103867;1;3;86400.0000;1;79019.0000;None;853400.0000
31185;2023-03-10 20:13:33.660000;8;101953;1;3;131400.0000;1;79019.0000;None;853400.0000
31185;2023-03-10 20:13:33.660000;8;102797;1;3;170400.0000;1;79019.0000;None;853400.0000
31185;2023-03-10 20:13:33.660000;8;103547;1;3;215400.0000;1;79019.0000;None;853400.0000
31185;2023-03-10 20:13:33.660000;8;100953;1;3;134400.0000;1;79019.0000;None;853400.0000
31185;2023-03-10 20:13:33.660000;7;1213;1;1;0.0000;1;79019.0000;None;853400.0000
31185;2023-03-10 20:34:59.613000;3;102747;1;1;4800.0000;1;79019.0000;None;853400.0000
31185;2023-03-10 20:34:59.613000;2;200478;1;1;14800.0000;1;79019.0000;None;853400.0000
31185;2023-03-10 20:57:59.117000;3;201312;1;1;4800.0000;1;79019.0000;None;853400.0000
31185;2023-03-10 20:57:59.117000;3;201312;1;1;4800.0000;1;79019.0000;None;853400.0000
31185;2023-03-10 20:57:59.117000;2;200478;1;1;14800.0000;1;79019.0000;None;853400.0000
31185;2023-03-10 20:57:59.117000;3;201269;1;1;5800.0000;1;79019.0000;None;853400.0000
31186;2023-03-10 20:11:28.547000;3;200007;1;1;12800.0000;1;23426.0000;None;253000.0000
31186;2023-03-10 20:11:28.547000;6;105636;1;1;0.0000;1;23426.0000;None;253000.0000
31186;2023-03-10 20:11:28.547000;2;200480;1;1;12800.0000;1;23426.0000;None;253000.0000
31186;2023-03-10 20:17:58.473000;8;101996;1;1;15800.0000;1;23426.0000;None;253000.0000
31186;2023-03-10 20:17:58.473000;7;1011;1;1;0.0000;1;23426.0000;None;253000.0000
31186;2023-03-10 20:17:58.473000;8;103690;1;1;41800.0000;1;23426.0000;None;253000.0000
31186;2023-03-10 20:17:58.473000;8;105731;1;1;0.0000;1;23426.0000;None;253000.0000
31186;2023-03-10 20:17:58.473000;8;103690;1;1;41800.0000;1;23426.0000;None;253000.0000
31186;2023-03-10 20:17:58.473000;8;105730;1;1;0.0000;1;23426.0000;None;253000.0000
31186;2023-03-10 20:17:58.473000;7;1001;1;1;0.0000;1;23426.0000;None;253000.0000
31186;2023-03-10 20:17:58.473000;7;1040;1;1;0.0000;1;23426.0000;None;253000.0000
31186;2023-03-10 20:17:58.473000;8;103690;1;1;41800.0000;1;23426.0000;None;253000.0000
31186;2023-03-10 20:17:58.473000;8;105731;1;1;0.0000;1;23426.0000;None;253000.0000
31186;2023-03-10 20:17:58.473000;8;103690;1;1;41800.0000;1;23426.0000;None;253000.0000
31186;2023-03-10 20:17:58.473000;8;105731;1;1;0.0000;1;23426.0000;None;253000.0000
31186;2023-03-10 20:17:58.473000;7;1001;1;1;0.0000;1;23426.0000;None;253000.0000
31186;2023-03-10 20:17:58.473000;7;1040;1;1;0.0000;1;23426.0000;None;253000.0000
31186;2023-03-10 20:17:58.473000;7;1020;1;1;0.0000;1;23426.0000;None;253000.0000
31186;2023-03-10 20:17:58.473000;7;1158;1;1;0.0000;1;23426.0000;None;253000.0000
31186;2023-03-10 20:30:06.550000;2;200480;1;1;12800.0000;1;23426.0000;None;253000.0000
31186;2023-03-10 20:30:06.550000;7;1207;1;1;0.0000;1;23426.0000;None;253000.0000
31186;2023-03-10 20:57:38.967000;1;104261;1;1;18800.0000;1;23426.0000;None;253000.0000
31186;2023-03-10 20:57:38.967000;7;1157;1;1;0.0000;1;23426.0000;None;253000.0000
31186;2023-03-10 20:57:38.967000;7;1157;1;1;0.0000;1;23426.0000;None;253000.0000
31186;2023-03-10 20:57:38.967000;7;1157;1;1;0.0000;1;23426.0000;None;253000.0000
31186;2023-03-10 20:57:38.967000;2;200480;1;1;12800.0000;1;23426.0000;None;253000.0000
31186;2023-03-10 20:57:38.967000;7;1207;1;1;0.0000;1;23426.0000;None;253000.0000
31187;2023-03-10 20:29:47.230000;1;102927;1;1;66800.0000;1;23648.0000;None;255400.0000
31187;2023-03-10 20:29:47.230000;6;101546;1;1;0.0000;1;23648.0000;None;255400.0000
31187;2023-03-10 20:29:47.230000;6;105090;1;1;0.0000;1;23648.0000;None;255400.0000
31187;2023-03-10 20:29:47.230000;6;105509;1;1;0.0000;1;23648.0000;None;255400.0000
31187;2023-03-10 20:29:47.230000;1;109508;1;1;29800.0000;1;23648.0000;None;255400.0000
31187;2023-03-10 20:29:47.230000;7;1020;1;1;0.0000;1;23648.0000;None;255400.0000
31187;2023-03-10 20:29:47.230000;7;1158;1;1;0.0000;1;23648.0000;None;255400.0000
31187;2023-03-10 20:29:47.230000;7;1020;1;1;0.0000;1;23648.0000;None;255400.0000
31187;2023-03-10 20:29:47.230000;8;106491;1;1;55800.0000;1;23648.0000;None;255400.0000
31187;2023-03-10 20:29:47.230000;7;1011;1;1;0.0000;1;23648.0000;None;255400.0000
31187;2023-03-10 20:29:47.230000;3;201269;1;1;5800.0000;1;23648.0000;None;255400.0000
31187;2023-03-10 20:29:47.230000;4;108191;1;1;0.0000;1;23648.0000;None;255400.0000
31187;2023-03-10 20:29:47.230000;3;202570;1;1;8800.0000;1;23648.0000;None;255400.0000
31187;2023-03-10 20:38:08.637000;8;106077;1;1;32800.0000;1;23648.0000;None;255400.0000
31187;2023-03-10 21:14:16.303000;1;103712;1;1;38800.0000;1;23648.0000;None;255400.0000
31187;2023-03-10 21:14:16.303000;7;1135;1;1;0.0000;1;23648.0000;None;255400.0000
31187;2023-03-10 21:14:16.303000;7;1011;1;1;0.0000;1;23648.0000;None;255400.0000
31187;2023-03-10 21:14:16.303000;7;1011;1;1;0.0000;1;23648.0000;None;255400.0000
31187;2023-03-10 22:08:10.290000;1;103780;1;1;16800.0000;1;23648.0000;None;255400.0000
31188;2023-03-10 20:33:09.600000;8;102052;1;1;62800.0000;1;34037.0000;None;367600.0000
31188;2023-03-10 20:33:09.600000;8;102052;1;1;62800.0000;1;34037.0000;None;367600.0000
31188;2023-03-10 20:33:09.600000;7;1137;1;1;0.0000;1;34037.0000;None;367600.0000
31188;2023-03-10 20:33:09.600000;7;1020;1;1;0.0000;1;34037.0000;None;367600.0000
31188;2023-03-10 20:33:09.600000;8;104655;1;1;38800.0000;1;34037.0000;None;367600.0000
31188;2023-03-10 20:33:09.600000;8;103867;1;1;28800.0000;1;34037.0000;None;367600.0000
31188;2023-03-10 20:33:09.600000;8;104655;1;1;38800.0000;1;34037.0000;None;367600.0000
31188;2023-03-10 20:33:09.600000;7;1137;1;1;0.0000;1;34037.0000;None;367600.0000
31188;2023-03-10 20:33:09.600000;7;1020;1;1;0.0000;1;34037.0000;None;367600.0000
31188;2023-03-10 20:33:09.600000;7;1020;1;1;0.0000;1;34037.0000;None;367600.0000
31188;2023-03-10 20:33:09.600000;1;103596;1;1;79800.0000;1;34037.0000;None;367600.0000
31188;2023-03-10 20:33:09.600000;1;105010;2;1;0.0000;1;34037.0000;None;367600.0000
31188;2023-03-10 20:33:09.600000;1;106337;2;1;0.0000;1;34037.0000;None;367600.0000
31188;2023-03-10 20:33:09.600000;7;1245;1;1;0.0000;1;34037.0000;None;367600.0000
31188;2023-03-10 20:33:09.600000;3;102633;1;1;12800.0000;1;34037.0000;None;367600.0000
31188;2023-03-10 20:33:09.600000;7;2001;1;1;0.0000;1;34037.0000;None;367600.0000
31188;2023-03-10 20:33:09.600000;3;201237;1;1;5800.0000;1;34037.0000;None;367600.0000
31188;2023-03-10 20:33:09.600000;3;202570;1;1;8800.0000;1;34037.0000;None;367600.0000
31188;2023-03-10 20:33:09.600000;6;105636;1;1;0.0000;1;34037.0000;None;367600.0000
31188;2023-03-10 20:33:09.600000;3;202570;1;1;8800.0000;1;34037.0000;None;367600.0000
31188;2023-03-10 20:33:09.600000;6;105636;1;1;0.0000;1;34037.0000;None;367600.0000
31188;2023-03-10 21:20:57.477000;1;104004;1;1;16800.0000;1;34037.0000;None;367600.0000
31188;2023-03-10 21:20:57.477000;1;101088;1;1;2800.0000;1;34037.0000;None;367600.0000
31189;2023-03-10 20:35:38.310000;2;201615;1;1;14800.0000;1;12296.0000;None;132800.0000
31189;2023-03-10 20:35:38.310000;3;102637;1;1;9800.0000;1;12296.0000;None;132800.0000
31189;2023-03-10 20:35:38.310000;8;104655;1;1;38800.0000;1;12296.0000;None;132800.0000
31189;2023-03-10 20:35:38.310000;7;1137;1;1;0.0000;1;12296.0000;None;132800.0000
31189;2023-03-10 20:35:38.310000;1;103075;1;1;57800.0000;1;12296.0000;None;132800.0000
31189;2023-03-10 20:35:38.310000;7;1245;1;1;0.0000;1;12296.0000;None;132800.0000
31189;2023-03-10 20:50:36.240000;7;1220;1;1;0.0000;1;12296.0000;None;132800.0000
31189;2023-03-10 21:14:37.803000;3;100614;1;1;5800.0000;1;12296.0000;None;132800.0000
31189;2023-03-10 21:14:37.803000;3;100614;1;1;5800.0000;1;12296.0000;None;132800.0000
31189;2023-03-10 21:14:37.803000;7;1207;1;1;0.0000;1;12296.0000;None;132800.0000
31190;2023-03-10 20:49:40.137000;3;102748;1;1;15800.0000;1;29315.0000;None;316600.0000
31190;2023-03-10 20:49:40.137000;3;102748;1;1;15800.0000;1;29315.0000;None;316600.0000
31190;2023-03-10 20:49:40.137000;3;202570;1;1;8800.0000;1;29315.0000;None;316600.0000
31190;2023-03-10 20:49:40.137000;7;2050;1;1;0.0000;1;29315.0000;None;316600.0000
31190;2023-03-10 20:49:40.137000;6;105636;1;1;0.0000;1;29315.0000;None;316600.0000
31190;2023-03-10 20:49:40.137000;3;202570;1;1;8800.0000;1;29315.0000;None;316600.0000
31190;2023-03-10 20:49:40.137000;2;201187;1;1;9800.0000;1;29315.0000;None;316600.0000
31190;2023-03-10 20:57:16.730000;1;103536;1;1;39800.0000;1;29315.0000;None;316600.0000
31190;2023-03-10 20:57:16.730000;8;109318;1;1;40800.0000;1;29315.0000;None;316600.0000
31190;2023-03-10 20:57:16.730000;1;102689;1;1;57800.0000;1;29315.0000;None;316600.0000
31190;2023-03-10 20:57:16.730000;8;109320;1;1;35800.0000;1;29315.0000;None;316600.0000
31190;2023-03-10 20:57:16.730000;7;1137;1;1;0.0000;1;29315.0000;None;316600.0000
31190;2023-03-10 20:57:16.730000;7;1245;1;1;0.0000;1;29315.0000;None;316600.0000
31190;2023-03-10 20:57:16.730000;1;102689;1;1;57800.0000;1;29315.0000;None;316600.0000
31190;2023-03-10 20:57:16.730000;7;1137;1;1;0.0000;1;29315.0000;None;316600.0000
31190;2023-03-10 20:57:16.730000;7;1020;1;1;0.0000;1;29315.0000;None;316600.0000
31190;2023-03-10 20:57:16.730000;7;1245;1;1;0.0000;1;29315.0000;None;316600.0000
31190;2023-03-10 21:16:10.400000;7;1220;1;1;0.0000;1;29315.0000;None;316600.0000
31190;2023-03-10 21:19:38.683000;2;201187;1;1;9800.0000;1;29315.0000;None;316600.0000
31190;2023-03-10 21:25:58.597000;3;102748;1;1;15800.0000;1;29315.0000;None;316600.0000
33588;2023-03-10 12:56:07.593000;1;100942;1;1;37350.0000;1;None;None;176825.0000
33588;2023-03-10 12:56:07.610000;7;1157;1;1;0.0000;1;None;None;176825.0000
33588;2023-03-10 12:56:07.610000;8;108518;1;1;41800.0000;1;None;None;176825.0000
33588;2023-03-10 12:56:07.610000;8;108518;1;1;41800.0000;1;None;None;176825.0000
33588;2023-03-10 12:56:07.610000;8;103746;1;1;39800.0000;1;None;None;176825.0000
33588;2023-03-10 12:56:07.610000;7;1157;1;1;0.0000;1;None;None;176825.0000
33588;2023-03-10 12:56:07.610000;7;1157;1;1;0.0000;1;None;None;176825.0000
33588;2023-03-10 13:03:13.710000;9;802020;1;1;16075.0000;1;None;None;176825.0000
33589;2023-03-10 13:25:30.607000;3;200007;1;1;12800.0000;1;29315.0000;None;316600.0000
33589;2023-03-10 13:25:30.607000;2;101978;1;1;49800.0000;1;29315.0000;None;316600.0000
33589;2023-03-10 13:25:30.607000;8;104655;1;1;38800.0000;1;29315.0000;None;316600.0000
33589;2023-03-10 13:25:30.607000;7;1158;1;1;0.0000;1;29315.0000;None;316600.0000
33589;2023-03-10 13:25:30.607000;1;102972;1;1;99800.0000;1;29315.0000;None;316600.0000
33589;2023-03-10 13:25:30.607000;1;106337;2;1;0.0000;1;29315.0000;None;316600.0000
33589;2023-03-10 13:25:30.607000;1;106337;2;1;0.0000;1;29315.0000;None;316600.0000
33589;2023-03-10 13:25:30.607000;1;102972;1;1;99800.0000;1;29315.0000;None;316600.0000
33589;2023-03-10 13:25:30.607000;1;106922;1;1;0.0000;1;29315.0000;None;316600.0000
33589;2023-03-10 13:25:30.607000;1;106922;2;1;0.0000;1;29315.0000;None;316600.0000
33589;2023-03-10 13:25:30.607000;7;1020;1;1;0.0000;1;29315.0000;None;316600.0000
33589;2023-03-10 13:25:30.607000;7;1020;1;1;0.0000;1;29315.0000;None;316600.0000
33589;2023-03-10 13:25:30.607000;7;1030;1;1;0.0000;1;29315.0000;None;316600.0000
33589;2023-03-10 13:55:48.243000;2;201187;1;1;9800.0000;1;29315.0000;None;316600.0000
33589;2023-03-10 14:01:18.413000;3;100614;1;1;5800.0000;1;29315.0000;None;316600.0000
33590;2023-03-10 13:27:53.483000;2;101978;1;1;49800.0000;1;34889.0000;None;376800.0000
33590;2023-03-10 13:27:53.483000;2;108118;1;1;39800.0000;1;34889.0000;None;376800.0000
33590;2023-03-10 13:27:53.483000;3;105735;1;1;0.0000;1;34889.0000;None;376800.0000
33590;2023-03-10 13:33:00.267000;2;201615;1;1;14800.0000;1;34889.0000;None;376800.0000
33590;2023-03-10 13:33:00.267000;2;201615;1;1;14800.0000;1;34889.0000;None;376800.0000
33590;2023-03-10 13:33:00.267000;1;102457;1;1;18800.0000;1;34889.0000;None;376800.0000
33590;2023-03-10 13:33:00.267000;1;107168;1;1;34800.0000;1;34889.0000;None;376800.0000
33590;2023-03-10 13:33:00.267000;7;1011;1;1;0.0000;1;34889.0000;None;376800.0000
33590;2023-03-10 13:46:44.910000;8;103548;1;1;59800.0000;1;34889.0000;None;376800.0000
33590;2023-03-10 13:48:14.660000;1;108437;1;1;79800.0000;1;34889.0000;None;376800.0000
33590;2023-03-10 13:48:14.660000;7;1030;1;1;0.0000;1;34889.0000;None;376800.0000
33590;2023-03-10 13:50:51.723000;8;103165;1;1;34800.0000;1;34889.0000;None;376800.0000
33590;2023-03-10 13:50:51.723000;7;1157;1;1;0.0000;1;34889.0000;None;376800.0000
33590;2023-03-10 14:12:41.800000;2;201615;1;1;14800.0000;1;34889.0000;None;376800.0000
33590;2023-03-10 14:12:41.800000;2;201615;1;1;14800.0000;1;34889.0000;None;376800.0000
33591;2023-03-10 13:47:07.797000;3;104446;1;1;5800.0000;1;30945.0000;None;334200.0000
33591;2023-03-10 13:47:07.797000;3;104446;1;1;5800.0000;1;30945.0000;None;334200.0000
33591;2023-03-10 13:59:54.333000;1;109501;1;1;28800.0000;1;30945.0000;None;334200.0000
33591;2023-03-10 14:15:06.263000;8;103725;1;4;99200.0000;1;30945.0000;None;334200.0000
33591;2023-03-10 14:15:06.263000;8;103690;1;1;41800.0000;1;30945.0000;None;334200.0000
33591;2023-03-10 14:15:06.263000;8;105731;1;1;0.0000;1;30945.0000;None;334200.0000
33591;2023-03-10 14:15:06.263000;8;103690;1;1;41800.0000;1;30945.0000;None;334200.0000
33591;2023-03-10 14:15:06.263000;8;105731;1;1;0.0000;1;30945.0000;None;334200.0000
33591;2023-03-10 14:15:06.263000;8;108517;1;1;59800.0000;1;30945.0000;None;334200.0000
33591;2023-03-10 14:15:06.263000;8;106077;1;1;32800.0000;1;30945.0000;None;334200.0000
33591;2023-03-10 14:15:06.263000;7;1131;1;1;0.0000;1;30945.0000;None;334200.0000
33591;2023-03-10 14:15:06.263000;7;1131;1;1;0.0000;1;30945.0000;None;334200.0000
33591;2023-03-10 14:20:18.150000;3;201146;1;1;5800.0000;1;30945.0000;None;334200.0000
33591;2023-03-10 14:20:18.150000;7;2008;1;2;0.0000;1;30945.0000;None;334200.0000
33591;2023-03-10 14:28:47.470000;3;100606;1;1;6800.0000;1;30945.0000;None;334200.0000
33591;2023-03-10 14:28:47.470000;3;100614;1;1;5800.0000;1;30945.0000;None;334200.0000
33592;2023-03-10 14:02:16.580000;3;201206;1;1;5800.0000;1;11884.0000;None;128350.0000
33592;2023-03-10 14:02:16.580000;3;201312;1;1;4800.0000;1;11884.0000;None;128350.0000
33592;2023-03-10 14:10:38.667000;1;103826;1;1;33800.0000;1;11884.0000;None;128350.0000
33592;2023-03-10 14:10:38.667000;8;103867;1;1;28800.0000;1;11884.0000;None;128350.0000
33592;2023-03-10 14:10:38.667000;1;104216;1;1;17800.0000;1;11884.0000;None;128350.0000
33592;2023-03-10 14:11:12.497000;1;100942;1;1;37350.0000;1;11884.0000;None;128350.0000
33592;2023-03-10 14:11:12.497000;7;1011;1;1;0.0000;1;11884.0000;None;128350.0000
33592;2023-03-10 14:11:12.497000;7;1030;1;1;0.0000;1;11884.0000;None;128350.0000
33592;2023-03-10 14:30:18.620000;7;1220;1;1;0.0000;1;11884.0000;None;128350.0000
33592;2023-03-10 14:30:18.620000;7;1220;1;1;0.0000;1;11884.0000;None;128350.0000
33593;2023-03-10 14:11:03.993000;3;200007;1;1;12800.0000;1;24704.0000;None;266800.0000
33593;2023-03-10 14:11:03.993000;8;104655;1;1;38800.0000;1;24704.0000;None;266800.0000
33593;2023-03-10 14:11:03.993000;7;1131;1;1;0.0000;1;24704.0000;None;266800.0000
33593;2023-03-10 14:11:03.993000;7;1131;1;1;0.0000;1;24704.0000;None;266800.0000
33593;2023-03-10 14:11:03.993000;1;102972;1;1;99800.0000;1;24704.0000;None;266800.0000
33593;2023-03-10 14:11:03.993000;1;106922;2;1;0.0000;1;24704.0000;None;266800.0000
33593;2023-03-10 14:11:03.993000;1;106922;1;1;0.0000;1;24704.0000;None;266800.0000
33593;2023-03-10 14:11:03.993000;1;102972;1;1;99800.0000;1;24704.0000;None;266800.0000
33593;2023-03-10 14:11:03.993000;1;106922;1;1;0.0000;1;24704.0000;None;266800.0000
33593;2023-03-10 14:11:03.993000;1;106922;2;1;0.0000;1;24704.0000;None;266800.0000
33593;2023-03-10 14:11:03.993000;7;1131;1;1;0.0000;1;24704.0000;None;266800.0000
33593;2023-03-10 14:11:03.993000;7;1131;1;1;0.0000;1;24704.0000;None;266800.0000
33593;2023-03-10 14:11:03.993000;3;100614;1;1;5800.0000;1;24704.0000;None;266800.0000
33593;2023-03-10 14:11:03.993000;2;201187;1;1;9800.0000;1;24704.0000;None;266800.0000
33593;2023-03-10 14:11:03.993000;7;2049;1;1;0.0000;1;24704.0000;None;266800.0000
33593;2023-03-10 14:11:03.993000;7;2049;1;1;0.0000;1;24704.0000;None;266800.0000
33596;2023-03-10 15:36:49.110000;2;202665;1;1;103800.0000;1;34296.0000;None;370400.0000
33596;2023-03-10 15:40:07.923000;1;104308;1;1;79800.0000;1;34296.0000;None;370400.0000
33596;2023-03-10 15:40:07.923000;1;108429;1;1;69800.0000;1;34296.0000;None;370400.0000
33596;2023-03-10 15:40:07.923000;1;104240;1;1;28800.0000;1;34296.0000;None;370400.0000
33596;2023-03-10 16:31:42.930000;1;101891;1;1;16800.0000;1;34296.0000;None;370400.0000
33596;2023-03-10 16:35:40.263000;2;101727;1;2;65600.0000;1;34296.0000;None;370400.0000
33596;2023-03-10 16:35:40.263000;7;2049;1;1;0.0000;1;34296.0000;None;370400.0000
33596;2023-03-10 16:35:40.263000;7;2049;1;1;0.0000;1;34296.0000;None;370400.0000
33596;2023-03-10 16:43:48.533000;3;100596;1;1;5800.0000;1;34296.0000;None;370400.0000
33597;2023-03-10 16:06:49.257000;2;200478;1;1;14800.0000;1;24037.0000;None;259600.0000
33597;2023-03-10 16:17:32.873000;1;107168;1;1;34800.0000;1;24037.0000;None;259600.0000
33597;2023-03-10 16:17:32.873000;1;102458;1;1;19800.0000;1;24037.0000;None;259600.0000
33597;2023-03-10 16:17:32.873000;7;1158;1;1;0.0000;1;24037.0000;None;259600.0000
33597;2023-03-10 16:17:32.873000;7;1158;1;1;0.0000;1;24037.0000;None;259600.0000
33597;2023-03-10 16:17:32.873000;7;1029;1;1;0.0000;1;24037.0000;None;259600.0000
33597;2023-03-10 16:17:32.873000;7;1029;1;1;0.0000;1;24037.0000;None;259600.0000
33597;2023-03-10 16:17:32.873000;8;101992;1;1;31800.0000;1;24037.0000;None;259600.0000
33597;2023-03-10 16:17:32.873000;7;1158;1;1;0.0000;1;24037.0000;None;259600.0000
33597;2023-03-10 16:17:32.873000;7;1158;1;1;0.0000;1;24037.0000;None;259600.0000
33597;2023-03-10 16:44:02.600000;2;200630;1;1;126800.0000;1;24037.0000;None;259600.0000
33597;2023-03-10 16:56:20.507000;1;101891;1;1;16800.0000;1;24037.0000;None;259600.0000
33597;2023-03-10 17:15:33.833000;2;200478;1;1;14800.0000;1;24037.0000;None;259600.0000
33598;2023-03-10 18:38:24.643000;8;103690;1;1;41800.0000;1;49130.0000;None;530600.0000
33598;2023-03-10 18:38:24.643000;8;105730;1;1;0.0000;1;49130.0000;None;530600.0000
33598;2023-03-10 18:38:24.643000;7;1158;1;1;0.0000;1;49130.0000;None;530600.0000
33598;2023-03-10 18:38:24.643000;8;109318;1;1;40800.0000;1;49130.0000;None;530600.0000
33598;2023-03-10 18:38:24.643000;8;109318;1;1;40800.0000;1;49130.0000;None;530600.0000
33598;2023-03-10 18:38:24.643000;1;108437;1;1;79800.0000;1;49130.0000;None;530600.0000
33598;2023-03-10 18:38:24.643000;8;104655;1;1;38800.0000;1;49130.0000;None;530600.0000
33598;2023-03-10 18:38:24.643000;7;1020;1;1;0.0000;1;49130.0000;None;530600.0000
33598;2023-03-10 18:38:24.643000;7;1030;1;1;0.0000;1;49130.0000;None;530600.0000
33598;2023-03-10 18:38:24.643000;3;202112;1;1;9800.0000;1;49130.0000;None;530600.0000
33598;2023-03-10 18:38:24.643000;3;200007;1;1;12800.0000;1;49130.0000;None;530600.0000
33598;2023-03-10 18:38:24.643000;2;108101;1;1;36800.0000;1;49130.0000;None;530600.0000
33598;2023-03-10 18:46:44.837000;3;102747;1;1;4800.0000;1;49130.0000;None;530600.0000
33598;2023-03-10 18:46:44.837000;7;2006;1;1;0.0000;1;49130.0000;None;530600.0000
33598;2023-03-10 18:47:16.697000;8;103690;1;1;41800.0000;1;49130.0000;None;530600.0000
33598;2023-03-10 18:47:16.697000;8;105731;1;1;0.0000;1;49130.0000;None;530600.0000
33598;2023-03-10 19:15:11.627000;8;107334;1;1;86800.0000;1;49130.0000;None;530600.0000
33598;2023-03-10 19:15:11.627000;8;100953;1;1;44800.0000;1;49130.0000;None;530600.0000
33598;2023-03-10 19:15:11.627000;7;1158;1;1;0.0000;1;49130.0000;None;530600.0000
33598;2023-03-10 19:15:11.627000;7;1158;1;1;0.0000;1;49130.0000;None;530600.0000
33598;2023-03-10 19:18:27.677000;3;200007;1;1;12800.0000;1;49130.0000;None;530600.0000
33598;2023-03-10 19:18:27.677000;3;202112;1;1;9800.0000;1;49130.0000;None;530600.0000
33598;2023-03-10 19:33:22.127000;1;103780;1;1;16800.0000;1;49130.0000;None;530600.0000
33598;2023-03-10 19:33:22.127000;3;100614;1;1;5800.0000;1;49130.0000;None;530600.0000
33598;2023-03-10 19:33:22.127000;3;100614;1;1;5800.0000;1;49130.0000;None;530600.0000
33598;2023-03-10 19:33:22.127000;7;1207;1;1;0.0000;1;49130.0000;None;530600.0000
33599;2023-03-10 19:00:15.137000;8;102920;1;1;42800.0000;1;None;None;93060.0000
33599;2023-03-10 19:00:15.137000;8;108518;1;1;41800.0000;1;None;None;93060.0000
33599;2023-03-10 19:00:15.137000;7;1194;1;1;0.0000;1;None;None;93060.0000
33599;2023-03-10 19:00:15.137000;7;1157;1;1;0.0000;1;None;None;93060.0000
33599;2023-03-10 19:00:15.137000;7;1157;1;1;0.0000;1;None;None;93060.0000
33599;2023-03-10 19:01:27.537000;9;802020;1;1;8460.0000;1;None;None;93060.0000
33601;2023-03-10 19:16:13.360000;1;105023;1;1;55800.0000;1;57574.0000;None;621800.0000
33601;2023-03-10 19:16:13.360000;7;1135;1;1;0.0000;1;57574.0000;None;621800.0000
33601;2023-03-10 19:16:13.360000;1;101929;1;1;16800.0000;1;57574.0000;None;621800.0000
33601;2023-03-10 19:05:14.603000;8;101996;1;1;15800.0000;1;57574.0000;None;621800.0000
33601;2023-03-10 19:05:14.603000;2;105451;1;1;79800.0000;1;57574.0000;None;621800.0000
33601;2023-03-10 19:05:14.603000;7;1207;1;1;0.0000;1;57574.0000;None;621800.0000
33601;2023-03-10 19:05:14.603000;2;101844;1;1;31800.0000;1;57574.0000;None;621800.0000
33601;2023-03-10 19:05:14.603000;6;105631;1;1;0.0000;1;57574.0000;None;621800.0000
33601;2023-03-10 19:05:14.603000;7;2010;1;1;0.0000;1;57574.0000;None;621800.0000
33601;2023-03-10 19:05:14.603000;3;102643;1;1;14800.0000;1;57574.0000;None;621800.0000
33601;2023-03-10 19:05:14.603000;3;102748;1;1;15800.0000;1;57574.0000;None;621800.0000
33601;2023-03-10 19:31:11.720000;3;202570;1;1;8800.0000;1;57574.0000;None;621800.0000
33601;2023-03-10 19:31:11.720000;7;2050;1;1;0.0000;1;57574.0000;None;621800.0000
33601;2023-03-10 19:37:00.243000;3;200007;1;1;12800.0000;1;57574.0000;None;621800.0000
33601;2023-03-10 19:39:18.857000;2;101844;1;1;31800.0000;1;57574.0000;None;621800.0000
33601;2023-03-10 19:39:18.857000;6;105631;1;1;0.0000;1;57574.0000;None;621800.0000
33601;2023-03-10 19:39:18.857000;7;2018;1;1;0.0000;1;57574.0000;None;621800.0000
33601;2023-03-10 19:53:18.770000;8;102988;1;1;38800.0000;1;57574.0000;None;621800.0000
33601;2023-03-10 19:53:18.770000;8;102988;1;1;38800.0000;1;57574.0000;None;621800.0000
33601;2023-03-10 19:53:18.770000;8;104655;1;1;38800.0000;1;57574.0000;None;621800.0000
33601;2023-03-10 19:53:18.770000;8;104655;1;1;38800.0000;1;57574.0000;None;621800.0000
33601;2023-03-10 19:53:18.770000;8;103867;1;1;28800.0000;1;57574.0000;None;621800.0000
33601;2023-03-10 19:53:18.770000;8;104200;1;1;15800.0000;1;57574.0000;None;621800.0000
33601;2023-03-10 19:53:18.770000;8;103690;1;1;41800.0000;1;57574.0000;None;621800.0000
33601;2023-03-10 19:53:18.770000;8;105752;1;1;0.0000;1;57574.0000;None;621800.0000
33601;2023-03-10 19:53:18.770000;8;103013;1;1;19800.0000;1;57574.0000;None;621800.0000
33601;2023-03-10 19:53:18.770000;8;102992;1;1;42800.0000;1;57574.0000;None;621800.0000
33601;2023-03-10 19:53:18.770000;7;1131;1;1;0.0000;1;57574.0000;None;621800.0000
33601;2023-03-10 19:53:18.770000;7;1131;1;1;0.0000;1;57574.0000;None;621800.0000
33601;2023-03-10 19:53:18.770000;7;1131;1;1;0.0000;1;57574.0000;None;621800.0000
33601;2023-03-10 19:53:18.770000;7;1131;1;1;0.0000;1;57574.0000;None;621800.0000
33601;2023-03-10 20:10:19.857000;1;101891;1;1;16800.0000;1;57574.0000;None;621800.0000
33601;2023-03-10 20:13:48.237000;1;103873;1;1;16800.0000;1;57574.0000;None;621800.0000
33604;2023-03-10 19:56:50.017000;8;102996;1;1;15800.0000;1;6704.0000;None;72400.0000
33604;2023-03-10 19:56:50.017000;8;103002;1;1;17800.0000;1;6704.0000;None;72400.0000
33604;2023-03-10 19:56:50.017000;8;102988;1;1;38800.0000;1;6704.0000;None;72400.0000
33605;2023-03-10 20:05:23.950000;8;103023;1;1;47800.0000;1;16648.0000;None;179800.0000
33605;2023-03-10 20:05:23.950000;8;101953;1;1;43800.0000;1;16648.0000;None;179800.0000
33605;2023-03-10 20:05:23.950000;3;102635;1;1;8800.0000;1;16648.0000;None;179800.0000
33605;2023-03-10 20:05:23.950000;3;104446;1;1;5800.0000;1;16648.0000;None;179800.0000
33605;2023-03-10 20:05:23.950000;8;103165;1;1;34800.0000;1;16648.0000;None;179800.0000
33605;2023-03-10 20:05:23.950000;8;104655;1;1;38800.0000;1;16648.0000;None;179800.0000
33606;2023-03-10 20:21:42.920000;8;102997;1;3;35400.0000;1;16870.0000;None;182200.0000
33606;2023-03-10 20:21:42.920000;8;103002;1;1;17800.0000;1;16870.0000;None;182200.0000
33606;2023-03-10 20:21:42.920000;3;201269;1;1;5800.0000;1;16870.0000;None;182200.0000
33606;2023-03-10 20:21:42.920000;7;1207;1;1;0.0000;1;16870.0000;None;182200.0000
33606;2023-03-10 20:21:42.920000;8;103615;1;1;37800.0000;1;16870.0000;None;182200.0000
33606;2023-03-10 20:21:42.920000;7;1135;1;1;0.0000;1;16870.0000;None;182200.0000
33606;2023-03-10 20:22:11.557000;3;201312;1;1;4800.0000;1;16870.0000;None;182200.0000
33606;2023-03-10 20:29:57.510000;1;101318;1;1;35800.0000;1;16870.0000;None;182200.0000
33606;2023-03-10 20:29:57.510000;7;1158;1;1;0.0000;1;16870.0000;None;182200.0000
33606;2023-03-10 20:29:57.510000;7;1158;1;1;0.0000;1;16870.0000;None;182200.0000
33606;2023-03-10 20:56:37.347000;8;100953;1;1;44800.0000;1;16870.0000;None;182200.0000
33606;2023-03-10 20:56:37.347000;7;1158;1;1;0.0000;1;16870.0000;None;182200.0000
33606;2023-03-10 20:56:37.347000;7;1158;1;1;0.0000;1;16870.0000;None;182200.0000
33609;2023-03-10 20:30:26.243000;3;201312;1;1;4800.0000;1;14389.0000;None;155400.0000
33609;2023-03-10 20:30:26.243000;3;200007;1;1;12800.0000;1;14389.0000;None;155400.0000
33609;2023-03-10 20:30:26.243000;7;2001;1;1;0.0000;1;14389.0000;None;155400.0000
33609;2023-03-10 20:30:26.243000;8;100954;1;1;39800.0000;1;14389.0000;None;155400.0000
33609;2023-03-10 20:30:26.243000;8;107284;1;1;38800.0000;1;14389.0000;None;155400.0000
33609;2023-03-10 20:30:26.243000;8;104655;1;1;38800.0000;1;14389.0000;None;155400.0000
33609;2023-03-10 20:30:26.243000;7;1020;1;1;0.0000;1;14389.0000;None;155400.0000
33609;2023-03-10 20:30:26.243000;7;1020;1;1;0.0000;1;14389.0000;None;155400.0000
33609;2023-03-10 20:30:26.243000;7;1020;1;1;0.0000;1;14389.0000;None;155400.0000
33609;2023-03-10 20:30:26.243000;7;1158;1;1;0.0000;1;14389.0000;None;155400.0000
33609;2023-03-10 21:22:58.963000;3;201312;1;1;4800.0000;1;14389.0000;None;155400.0000
33609;2023-03-10 21:25:09.147000;3;201312;1;-1;-4800.0000;1;14389.0000;None;155400.0000
33609;2023-03-10 20:49:40.137000;3;202570;1;1;8800.0000;1;14389.0000;None;155400.0000
33609;2023-03-10 21:26:45.897000;3;100614;1;1;5800.0000;1;14389.0000;None;155400.0000
33609;2023-03-10 21:26:45.897000;7;1207;1;1;0.0000;1;14389.0000;None;155400.0000
33609;2023-03-10 21:26:45.897000;3;100614;1;1;5800.0000;1;14389.0000;None;155400.0000
33610;2023-03-10 20:35:38.053000;3;200007;1;1;12800.0000;1;13593.0000;None;146800.0000
33610;2023-03-10 20:35:38.053000;3;102102;1;1;9800.0000;1;13593.0000;None;146800.0000
33610;2023-03-10 20:35:38.053000;3;102102;1;1;9800.0000;1;13593.0000;None;146800.0000
33610;2023-03-10 20:35:38.053000;7;2049;1;1;0.0000;1;13593.0000;None;146800.0000
33610;2023-03-10 20:35:38.053000;7;2049;1;1;0.0000;1;13593.0000;None;146800.0000
33610;2023-03-10 20:35:38.053000;8;102800;1;1;69800.0000;1;13593.0000;None;146800.0000
33610;2023-03-10 20:35:38.053000;8;104655;1;1;38800.0000;1;13593.0000;None;146800.0000
33610;2023-03-10 20:35:38.053000;7;1131;1;1;0.0000;1;13593.0000;None;146800.0000
33610;2023-03-10 20:35:38.053000;7;1131;1;1;0.0000;1;13593.0000;None;146800.0000
33610;2023-03-10 20:35:38.053000;3;201269;1;1;5800.0000;1;13593.0000;None;146800.0000
33610;2023-03-10 20:35:38.053000;7;2049;1;1;0.0000;1;13593.0000;None;146800.0000
33610;2023-03-10 20:35:38.053000;7;2049;1;1;0.0000;1;13593.0000;None;146800.0000
33610;2023-03-10 20:35:38.053000;7;2049;1;1;0.0000;1;13593.0000;None;146800.0000
33611;2023-03-10 20:43:09.930000;2;201615;1;1;14800.0000;1;41741.0000;None;450800.0000
33611;2023-03-10 20:44:46.027000;2;108473;1;1;33800.0000;1;41741.0000;None;450800.0000
33611;2023-03-10 20:55:01.920000;2;201187;1;1;9800.0000;1;41741.0000;None;450800.0000
33611;2023-03-10 20:56:01.797000;8;102997;1;1;11800.0000;1;41741.0000;None;450800.0000
33611;2023-03-10 20:56:01.797000;8;103002;1;1;17800.0000;1;41741.0000;None;450800.0000
33611;2023-03-10 20:56:01.797000;8;103746;1;1;39800.0000;1;41741.0000;None;450800.0000
33611;2023-03-10 20:56:01.797000;8;103746;1;1;39800.0000;1;41741.0000;None;450800.0000
33611;2023-03-10 20:56:01.797000;8;103023;1;1;47800.0000;1;41741.0000;None;450800.0000
33611;2023-03-10 20:56:01.797000;8;103547;1;1;71800.0000;1;41741.0000;None;450800.0000
33611;2023-03-10 20:56:01.797000;8;102797;1;1;56800.0000;1;41741.0000;None;450800.0000
33611;2023-03-10 20:56:01.797000;8;100953;1;1;44800.0000;1;41741.0000;None;450800.0000
33611;2023-03-10 20:56:01.797000;8;102692;1;1;34800.0000;1;41741.0000;None;450800.0000
33611;2023-03-10 20:56:14.807000;3;201146;1;1;5800.0000;1;41741.0000;None;450800.0000
33611;2023-03-10 20:56:14.807000;3;201146;1;1;5800.0000;1;41741.0000;None;450800.0000
33611;2023-03-10 20:56:14.807000;3;201146;1;1;5800.0000;1;41741.0000;None;450800.0000
33611;2023-03-10 21:22:30.857000;2;201187;1;1;9800.0000;1;41741.0000;None;450800.0000
33612;2023-03-10 20:46:35.933000;1;101318;1;1;35800.0000;1;26926.0000;None;290800.0000
33612;2023-03-10 20:46:35.933000;2;201187;1;1;9800.0000;1;26926.0000;None;290800.0000
33612;2023-03-10 20:46:35.933000;2;101727;1;1;32800.0000;1;26926.0000;None;290800.0000
33612;2023-03-10 20:57:43.930000;8;107333;1;1;69800.0000;1;26926.0000;None;290800.0000
33612;2023-03-10 20:57:43.930000;8;101970;1;1;129800.0000;1;26926.0000;None;290800.0000
33612;2023-03-10 21:10:44.320000;3;200007;1;1;12800.0000;1;26926.0000;None;290800.0000
33612;2023-03-10 21:10:44.320000;6;105636;1;1;0.0000;1;26926.0000;None;290800.0000
33614;2023-03-10 21:11:09.570000;2;105805;1;1;32800.0000;1;7093.0000;None;76600.0000
33614;2023-03-10 21:11:09.570000;8;101953;1;1;43800.0000;1;7093.0000;None;76600.0000
33616;2023-03-10 21:31:59.190000;8;103028;1;1;56800.0000;1;12982.0000;None;140200.0000
33616;2023-03-10 21:31:59.190000;8;103549;1;1;31800.0000;1;12982.0000;None;140200.0000
33616;2023-03-10 21:42:01.097000;2;102933;1;1;25800.0000;1;12982.0000;None;140200.0000
33616;2023-03-10 21:42:01.097000;2;102933;1;1;25800.0000;1;12982.0000;None;140200.0000
33616;2023-03-10 19:21:20.470000;2;202574;1;1;150800.0000;1;12982.0000;None;140200.0000
33616;2023-03-10 22:09:38.017000;2;202574;1;-1;-150800.0000;1;12982.0000;None;140200.0000
33618;2023-03-10 22:17:30.533000;1;103780;1;1;16800.0000;1;1556.0000;None;16800.0000
