1815;2023-03-11 12:07:15.407000;1;105239;1;1;46800.0000;1;57496.0000;None;620950.0000
1815;2023-03-11 12:07:15.407000;8;105424;1;1;75800.0000;1;57496.0000;None;620950.0000
1815;2023-03-11 12:07:15.407000;7;1054;1;1;0.0000;1;57496.0000;None;620950.0000
1815;2023-03-11 12:07:15.407000;7;1054;1;1;0.0000;1;57496.0000;None;620950.0000
1815;2023-03-11 12:07:15.407000;2;202418;1;1;356800.0000;1;57496.0000;None;620950.0000
1815;2023-03-11 12:08:18.103000;1;103025;1;1;69800.0000;1;57496.0000;None;620950.0000
1815;2023-03-11 12:08:18.103000;7;1002;1;1;0.0000;1;57496.0000;None;620950.0000
1815;2023-03-11 12:08:18.103000;1;106922;2;1;0.0000;1;57496.0000;None;620950.0000
1815;2023-03-11 12:08:18.103000;7;1030;1;1;0.0000;1;57496.0000;None;620950.0000
1815;2023-03-11 12:12:09.337000;3;201704;1;1;15800.0000;1;57496.0000;None;620950.0000
1815;2023-03-11 12:12:09.337000;7;2008;1;1;0.0000;1;57496.0000;None;620950.0000
1815;2023-03-11 12:12:09.337000;7;2008;1;1;0.0000;1;57496.0000;None;620950.0000
1815;2023-03-11 12:24:42.797000;1;100931;1;1;40350.0000;1;57496.0000;None;620950.0000
1815;2023-03-11 13:10:27.477000;3;102102;1;1;9800.0000;1;57496.0000;None;620950.0000
1815;2023-03-11 13:10:27.477000;3;100614;1;1;5800.0000;1;57496.0000;None;620950.0000
1815;2023-03-11 13:10:27.477000;7;1207;1;1;0.0000;1;57496.0000;None;620950.0000
1816;2023-03-11 12:43:37.370000;1;109513;1;1;38800.0000;1;20482.0000;None;221200.0000
1816;2023-03-11 12:43:37.370000;3;100606;1;1;6800.0000;1;20482.0000;None;221200.0000
1816;2023-03-11 12:43:37.370000;3;200007;1;1;12800.0000;1;20482.0000;None;221200.0000
1816;2023-03-11 12:43:37.370000;2;201615;1;1;14800.0000;1;20482.0000;None;221200.0000
1816;2023-03-11 12:45:14.287000;8;103867;1;1;28800.0000;1;20482.0000;None;221200.0000
1816;2023-03-11 12:45:14.287000;1;101051;1;1;49800.0000;1;20482.0000;None;221200.0000
1816;2023-03-11 12:45:14.287000;1;109510;1;1;41800.0000;1;20482.0000;None;221200.0000
1816;2023-03-11 13:09:01.547000;3;102633;1;1;12800.0000;1;20482.0000;None;221200.0000
1816;2023-03-11 13:09:01.547000;7;2001;1;1;0.0000;1;20482.0000;None;221200.0000
1816;2023-03-11 13:09:01.547000;2;201615;1;1;14800.0000;1;20482.0000;None;221200.0000
1817;2023-03-11 12:48:44.400000;3;200009;1;1;9800.0000;1;14259.0000;None;154000.0000
1817;2023-03-11 12:48:44.400000;3;201269;1;1;5800.0000;1;14259.0000;None;154000.0000
1817;2023-03-11 12:48:44.400000;6;105636;1;1;0.0000;1;14259.0000;None;154000.0000
1817;2023-03-11 12:48:44.400000;8;102052;1;1;62800.0000;1;14259.0000;None;154000.0000
1817;2023-03-11 12:48:44.400000;7;1029;1;1;0.0000;1;14259.0000;None;154000.0000
1817;2023-03-11 12:48:44.400000;8;101026;1;1;35800.0000;1;14259.0000;None;154000.0000
1817;2023-03-11 12:48:44.400000;7;1078;1;1;0.0000;1;14259.0000;None;154000.0000
1817;2023-03-11 12:48:44.400000;8;103746;1;1;39800.0000;1;14259.0000;None;154000.0000
1817;2023-03-11 12:48:44.400000;7;1020;1;1;0.0000;1;14259.0000;None;154000.0000
1818;2023-03-11 12:56:27.997000;3;102637;1;1;9800.0000;1;29148.0000;None;314800.0000
1818;2023-03-11 12:56:27.997000;3;102747;1;1;4800.0000;1;29148.0000;None;314800.0000
1818;2023-03-11 12:56:27.997000;1;102457;1;1;18800.0000;1;29148.0000;None;314800.0000
1818;2023-03-11 12:56:27.997000;7;1158;1;1;0.0000;1;29148.0000;None;314800.0000
1818;2023-03-11 12:56:27.997000;7;1029;1;1;0.0000;1;29148.0000;None;314800.0000
1818;2023-03-11 12:56:27.997000;8;109181;1;1;65800.0000;1;29148.0000;None;314800.0000
1818;2023-03-11 12:56:27.997000;8;103548;1;1;59800.0000;1;29148.0000;None;314800.0000
1818;2023-03-11 12:56:27.997000;1;109515;1;1;59800.0000;1;29148.0000;None;314800.0000
1818;2023-03-11 12:56:27.997000;7;1020;1;1;0.0000;1;29148.0000;None;314800.0000
1818;2023-03-11 12:56:27.997000;7;1020;1;1;0.0000;1;29148.0000;None;314800.0000
1818;2023-03-11 12:56:27.997000;7;1030;1;1;0.0000;1;29148.0000;None;314800.0000
1818;2023-03-11 14:03:37.103000;8;109318;1;1;40800.0000;1;29148.0000;None;314800.0000
1818;2023-03-11 14:03:37.103000;7;1157;1;1;0.0000;1;29148.0000;None;314800.0000
1818;2023-03-11 14:03:37.103000;7;1157;1;1;0.0000;1;29148.0000;None;314800.0000
1818;2023-03-11 14:06:04.890000;1;101011;1;1;22800.0000;1;29148.0000;None;314800.0000
1818;2023-03-11 14:06:04.890000;1;109317;1;1;16800.0000;1;29148.0000;None;314800.0000
1818;2023-03-11 14:06:04.890000;3;102102;1;1;9800.0000;1;29148.0000;None;314800.0000
1818;2023-03-11 14:17:24.603000;3;100614;1;1;5800.0000;1;29148.0000;None;314800.0000
1818;2023-03-11 14:17:24.603000;7;1207;1;1;0.0000;1;29148.0000;None;314800.0000
1819;2023-03-11 13:09:47.337000;3;201269;1;1;5800.0000;1;8148.0000;None;88000.0000
1819;2023-03-11 13:09:47.337000;6;105636;1;1;0.0000;1;8148.0000;None;88000.0000
1819;2023-03-11 13:09:47.337000;3;107198;1;1;9800.0000;1;8148.0000;None;88000.0000
1819;2023-03-11 13:09:47.337000;7;1207;1;1;0.0000;1;8148.0000;None;88000.0000
1819;2023-03-11 13:16:58.603000;1;101321;1;1;26800.0000;1;8148.0000;None;88000.0000
1819;2023-03-11 13:16:58.603000;7;1006;1;1;0.0000;1;8148.0000;None;88000.0000
1819;2023-03-11 13:16:58.603000;1;106922;2;1;0.0000;1;8148.0000;None;88000.0000
1819;2023-03-11 13:16:58.603000;1;103536;1;1;39800.0000;1;8148.0000;None;88000.0000
1819;2023-03-11 13:16:58.603000;7;1020;1;1;0.0000;1;8148.0000;None;88000.0000
1819;2023-03-11 13:16:58.603000;7;1020;1;1;0.0000;1;8148.0000;None;88000.0000
1819;2023-03-11 13:16:58.603000;7;1158;1;1;0.0000;1;8148.0000;None;88000.0000
1819;2023-03-11 14:09:26.003000;3;100614;1;1;5800.0000;1;8148.0000;None;88000.0000
1820;2023-03-11 14:39:53.060000;3;201312;1;1;4800.0000;1;13648.0000;None;147400.0000
1820;2023-03-11 14:39:53.060000;2;200480;1;1;12800.0000;1;13648.0000;None;147400.0000
1820;2023-03-11 14:39:53.060000;4;108191;1;1;0.0000;1;13648.0000;None;147400.0000
1820;2023-03-11 14:39:53.060000;8;103867;1;1;28800.0000;1;13648.0000;None;147400.0000
1820;2023-03-11 14:39:53.060000;1;102927;1;1;66800.0000;1;13648.0000;None;147400.0000
1820;2023-03-11 14:39:53.060000;6;101546;1;1;0.0000;1;13648.0000;None;147400.0000
1820;2023-03-11 14:39:53.060000;6;105509;1;1;0.0000;1;13648.0000;None;147400.0000
1820;2023-03-11 14:39:53.060000;6;101408;1;1;0.0000;1;13648.0000;None;147400.0000
1820;2023-03-11 14:39:53.060000;7;1011;1;1;0.0000;1;13648.0000;None;147400.0000
1820;2023-03-11 15:10:37.047000;1;104004;1;1;16800.0000;1;13648.0000;None;147400.0000
1820;2023-03-11 15:10:37.047000;1;101088;1;1;2800.0000;1;13648.0000;None;147400.0000
1820;2023-03-11 15:10:37.047000;3;101216;1;1;4800.0000;1;13648.0000;None;147400.0000
1820;2023-03-11 15:10:37.047000;3;102102;1;1;9800.0000;1;13648.0000;None;147400.0000
1821;2023-03-11 14:55:20.580000;2;200478;1;1;14800.0000;1;20630.0000;None;222800.0000
1821;2023-03-11 14:55:20.580000;2;200478;1;1;14800.0000;1;20630.0000;None;222800.0000
1821;2023-03-11 14:55:20.580000;8;101996;1;1;15800.0000;1;20630.0000;None;222800.0000
1821;2023-03-11 15:05:31.060000;8;103867;1;1;28800.0000;1;20630.0000;None;222800.0000
1821;2023-03-11 15:05:31.060000;7;1158;1;1;0.0000;1;20630.0000;None;222800.0000
1821;2023-03-11 15:05:31.060000;7;1158;1;1;0.0000;1;20630.0000;None;222800.0000
1821;2023-03-11 15:05:31.060000;7;1011;1;1;0.0000;1;20630.0000;None;222800.0000
1821;2023-03-11 15:05:31.060000;1;103536;1;1;39800.0000;1;20630.0000;None;222800.0000
1821;2023-03-11 15:05:31.060000;1;104261;1;1;18800.0000;1;20630.0000;None;222800.0000
1821;2023-03-11 15:05:31.060000;7;1020;1;1;0.0000;1;20630.0000;None;222800.0000
1821;2023-03-11 15:05:31.060000;7;1158;1;1;0.0000;1;20630.0000;None;222800.0000
1821;2023-03-11 15:05:31.060000;7;1011;1;1;0.0000;1;20630.0000;None;222800.0000
1821;2023-03-11 15:09:24.150000;1;101048;1;1;44800.0000;1;20630.0000;None;222800.0000
1821;2023-03-11 15:09:24.150000;1;106691;1;1;15600.0000;1;20630.0000;None;222800.0000
1821;2023-03-11 15:09:24.150000;7;1011;1;1;0.0000;1;20630.0000;None;222800.0000
1821;2023-03-11 15:22:02.483000;2;200478;1;1;14800.0000;1;20630.0000;None;222800.0000
1821;2023-03-11 15:22:02.483000;2;200478;1;1;14800.0000;1;20630.0000;None;222800.0000
1822;2023-03-11 14:58:17.467000;1;104180;1;1;84800.0000;1;22120.0000;None;238900.0000
1822;2023-03-11 14:58:17.467000;8;104655;1;1;38800.0000;1;22120.0000;None;238900.0000
1822;2023-03-11 14:58:17.467000;1;100941;1;1;14100.0000;1;22120.0000;None;238900.0000
1822;2023-03-11 14:58:17.467000;2;102605;1;1;47800.0000;1;22120.0000;None;238900.0000
1822;2023-03-11 14:58:17.467000;7;2013;1;1;0.0000;1;22120.0000;None;238900.0000
1822;2023-03-11 14:58:17.467000;3;202570;1;1;8800.0000;1;22120.0000;None;238900.0000
1822;2023-03-11 15:01:25.127000;3;201206;1;1;5800.0000;1;22120.0000;None;238900.0000
1822;2023-03-11 15:33:42.227000;8;104655;1;1;38800.0000;1;22120.0000;None;238900.0000
1822;2023-03-11 15:33:42.227000;7;1131;1;1;0.0000;1;22120.0000;None;238900.0000
1823;2023-03-11 15:01:09.277000;2;202482;1;1;104800.0000;1;9704.0000;None;104800.0000
1825;2023-03-11 17:11:24.717000;1;102447;1;1;16800.0000;1;26889.0000;None;290400.0000
1825;2023-03-11 17:11:24.717000;1;104180;1;1;84800.0000;1;26889.0000;None;290400.0000
1825;2023-03-11 17:11:24.717000;8;103867;1;1;28800.0000;1;26889.0000;None;290400.0000
1825;2023-03-11 17:11:24.717000;8;104655;1;1;38800.0000;1;26889.0000;None;290400.0000
1825;2023-03-11 17:11:24.717000;8;108517;1;1;59800.0000;1;26889.0000;None;290400.0000
1825;2023-03-11 17:24:51.173000;3;201704;1;1;15800.0000;1;26889.0000;None;290400.0000
1825;2023-03-11 17:24:51.173000;3;201704;1;1;15800.0000;1;26889.0000;None;290400.0000
1825;2023-03-11 17:29:00.833000;1;101323;1;1;29800.0000;1;26889.0000;None;290400.0000
1825;2023-03-11 17:29:00.833000;7;1158;1;1;0.0000;1;26889.0000;None;290400.0000
1826;2023-03-11 17:25:53.680000;3;102635;1;1;8800.0000;1;32148.0000;None;347200.0000
1826;2023-03-11 17:42:52.903000;3;102635;1;1;8800.0000;1;32148.0000;None;347200.0000
1826;2023-03-11 17:42:52.903000;3;102635;1;1;8800.0000;1;32148.0000;None;347200.0000
1826;2023-03-11 17:42:52.903000;3;201206;1;1;5800.0000;1;32148.0000;None;347200.0000
1826;2023-03-11 17:42:52.903000;8;107043;1;1;39800.0000;1;32148.0000;None;347200.0000
1826;2023-03-11 17:42:52.903000;1;102455;1;1;37800.0000;1;32148.0000;None;347200.0000
1826;2023-03-11 17:42:52.903000;1;103940;1;1;59800.0000;1;32148.0000;None;347200.0000
1826;2023-03-11 18:12:56.123000;3;102635;1;4;35200.0000;1;32148.0000;None;347200.0000
1826;2023-03-11 18:12:56.123000;8;100953;1;1;44800.0000;1;32148.0000;None;347200.0000
1826;2023-03-11 18:12:56.123000;8;103867;1;1;28800.0000;1;32148.0000;None;347200.0000
1826;2023-03-11 18:12:56.123000;7;1137;1;1;0.0000;1;32148.0000;None;347200.0000
1826;2023-03-11 18:12:56.123000;1;102923;1;1;68800.0000;1;32148.0000;None;347200.0000
1826;2023-03-11 18:12:56.123000;7;1245;1;1;0.0000;1;32148.0000;None;347200.0000
1826;2023-03-11 18:12:56.123000;7;1135;1;1;0.0000;1;32148.0000;None;347200.0000
1827;2023-03-11 19:18:33.617000;1;102459;1;1;18800.0000;1;17463.0000;None;188600.0000
1827;2023-03-11 19:23:45.957000;3;102635;1;1;8800.0000;1;17463.0000;None;188600.0000
1827;2023-03-11 19:23:45.957000;3;201269;1;1;5800.0000;1;17463.0000;None;188600.0000
1827;2023-03-11 19:23:45.957000;4;108191;1;1;0.0000;1;17463.0000;None;188600.0000
1827;2023-03-11 19:23:45.957000;7;2042;1;1;0.0000;1;17463.0000;None;188600.0000
1827;2023-03-11 19:23:45.957000;2;202387;1;1;19800.0000;1;17463.0000;None;188600.0000
1827;2023-03-11 19:33:40.313000;1;101049;1;1;58800.0000;1;17463.0000;None;188600.0000
1827;2023-03-11 19:33:40.313000;7;1135;1;1;0.0000;1;17463.0000;None;188600.0000
1827;2023-03-11 19:33:40.313000;1;101320;1;1;27800.0000;1;17463.0000;None;188600.0000
1827;2023-03-11 19:33:40.313000;7;1245;1;1;0.0000;1;17463.0000;None;188600.0000
1827;2023-03-11 19:33:40.313000;7;1245;1;1;0.0000;1;17463.0000;None;188600.0000
1827;2023-03-11 19:33:40.313000;8;102798;1;1;48800.0000;1;17463.0000;None;188600.0000
1827;2023-03-11 19:33:40.313000;7;1213;1;1;0.0000;1;17463.0000;None;188600.0000
1827;2023-03-11 19:33:40.313000;7;1137;1;1;0.0000;1;17463.0000;None;188600.0000
1827;2023-03-11 19:33:40.313000;7;1137;1;1;0.0000;1;17463.0000;None;188600.0000
1828;2023-03-11 19:26:56.277000;3;102635;1;1;8800.0000;1;25648.0000;None;277000.0000
1828;2023-03-11 19:26:56.277000;3;200007;1;1;12800.0000;1;25648.0000;None;277000.0000
1828;2023-03-11 19:32:21.533000;3;102635;1;1;8800.0000;1;25648.0000;None;277000.0000
1828;2023-03-11 19:34:12.917000;8;102052;1;1;62800.0000;1;25648.0000;None;277000.0000
1828;2023-03-11 19:34:12.917000;1;103940;1;1;59800.0000;1;25648.0000;None;277000.0000
1828;2023-03-11 19:35:47.820000;3;102635;1;1;8800.0000;1;25648.0000;None;277000.0000
1828;2023-03-11 19:38:19.287000;8;103867;1;1;28800.0000;1;25648.0000;None;277000.0000
1828;2023-03-11 19:46:19.997000;3;102635;1;1;8800.0000;1;25648.0000;None;277000.0000
1828;2023-03-11 19:49:46.617000;8;102052;1;1;62800.0000;1;25648.0000;None;277000.0000
1828;2023-03-11 19:49:46.617000;7;1158;1;1;0.0000;1;25648.0000;None;277000.0000
1828;2023-03-11 19:49:46.617000;7;1158;1;1;0.0000;1;25648.0000;None;277000.0000
1828;2023-03-11 20:31:13.170000;1;101195;1;1;14800.0000;1;25648.0000;None;277000.0000
1829;2023-03-11 19:40:05.587000;8;102540;1;1;36800.0000;1;50426.0000;None;544600.0000
1829;2023-03-11 19:42:54.047000;1;108429;1;1;69800.0000;1;50426.0000;None;544600.0000
1829;2023-03-11 19:42:54.047000;2;200083;1;1;245800.0000;1;50426.0000;None;544600.0000
1829;2023-03-11 19:42:54.047000;3;201704;1;1;15800.0000;1;50426.0000;None;544600.0000
1829;2023-03-11 19:42:54.047000;7;2008;1;1;0.0000;1;50426.0000;None;544600.0000
1829;2023-03-11 19:42:54.047000;7;2008;1;1;0.0000;1;50426.0000;None;544600.0000
1829;2023-03-11 19:52:33.210000;8;103547;1;1;71800.0000;1;50426.0000;None;544600.0000
1829;2023-03-11 19:52:33.210000;8;103724;1;1;67800.0000;1;50426.0000;None;544600.0000
1829;2023-03-11 19:52:33.210000;7;1020;1;1;0.0000;1;50426.0000;None;544600.0000
1829;2023-03-11 19:52:33.210000;7;1011;1;1;0.0000;1;50426.0000;None;544600.0000
1829;2023-03-11 20:24:58.447000;8;102540;1;1;36800.0000;1;50426.0000;None;544600.0000
1830;2023-03-11 19:41:58.950000;1;109513;1;1;38800.0000;1;12889.0000;None;139200.0000
1830;2023-03-11 19:41:58.950000;7;1158;1;1;0.0000;1;12889.0000;None;139200.0000
1830;2023-03-11 19:41:58.950000;7;1029;1;1;0.0000;1;12889.0000;None;139200.0000
1830;2023-03-11 19:41:58.950000;8;103746;1;1;39800.0000;1;12889.0000;None;139200.0000
1830;2023-03-11 19:41:58.950000;8;100953;1;1;44800.0000;1;12889.0000;None;139200.0000
1830;2023-03-11 19:41:58.950000;7;1020;1;1;0.0000;1;12889.0000;None;139200.0000
1830;2023-03-11 19:41:58.950000;7;1030;1;1;0.0000;1;12889.0000;None;139200.0000
1830;2023-03-11 19:41:58.950000;7;1030;1;1;0.0000;1;12889.0000;None;139200.0000
1830;2023-03-11 19:41:58.950000;3;200008;1;1;15800.0000;1;12889.0000;None;139200.0000
1830;2023-03-11 19:41:58.950000;7;2008;1;2;0.0000;1;12889.0000;None;139200.0000
1830;2023-03-11 19:41:58.950000;6;105636;1;1;0.0000;1;12889.0000;None;139200.0000
1831;2023-03-11 19:49:07.833000;2;101878;1;1;29800.0000;1;28222.0000;None;304800.0000
1831;2023-03-11 19:49:07.833000;2;101878;1;1;29800.0000;1;28222.0000;None;304800.0000
1831;2023-03-11 19:49:07.833000;3;201206;1;1;5800.0000;1;28222.0000;None;304800.0000
1831;2023-03-11 19:49:07.833000;1;104869;1;1;79800.0000;1;28222.0000;None;304800.0000
1831;2023-03-11 19:49:07.833000;7;1044;1;1;0.0000;1;28222.0000;None;304800.0000
1831;2023-03-11 19:49:07.833000;7;1044;1;1;0.0000;1;28222.0000;None;304800.0000
1831;2023-03-11 19:49:07.833000;7;1044;1;1;0.0000;1;28222.0000;None;304800.0000
1831;2023-03-11 19:49:07.833000;8;103867;1;2;57600.0000;1;28222.0000;None;304800.0000
1831;2023-03-11 19:49:07.833000;7;1030;1;1;0.0000;1;28222.0000;None;304800.0000
1831;2023-03-11 19:49:07.833000;7;1030;1;1;0.0000;1;28222.0000;None;304800.0000
1831;2023-03-11 20:08:51.783000;1;102743;1;1;28800.0000;1;28222.0000;None;304800.0000
1831;2023-03-11 20:08:51.783000;1;102228;1;1;8800.0000;1;28222.0000;None;304800.0000
1831;2023-03-11 20:08:51.783000;7;1158;1;1;0.0000;1;28222.0000;None;304800.0000
1831;2023-03-11 20:08:51.783000;7;1045;1;1;0.0000;1;28222.0000;None;304800.0000
1831;2023-03-11 20:08:51.783000;7;1045;1;1;0.0000;1;28222.0000;None;304800.0000
1831;2023-03-11 20:12:30.287000;8;103867;1;1;28800.0000;1;28222.0000;None;304800.0000
1831;2023-03-11 20:12:30.287000;7;1158;1;1;0.0000;1;28222.0000;None;304800.0000
1831;2023-03-11 20:30:55.260000;1;102535;1;1;19800.0000;1;28222.0000;None;304800.0000
1831;2023-03-11 20:34:31.497000;3;201704;1;1;15800.0000;1;28222.0000;None;304800.0000
1833;2023-03-11 20:45:42.597000;8;101996;1;1;15800.0000;1;23926.0000;None;258400.0000
1833;2023-03-11 20:45:42.597000;8;104655;1;1;38800.0000;1;23926.0000;None;258400.0000
1833;2023-03-11 20:47:53.177000;8;102052;1;1;62800.0000;1;23926.0000;None;258400.0000
1833;2023-03-11 20:47:53.177000;7;1045;1;1;0.0000;1;23926.0000;None;258400.0000
1833;2023-03-11 20:47:53.177000;3;102633;1;1;12800.0000;1;23926.0000;None;258400.0000
1833;2023-03-11 20:47:53.177000;7;2012;1;1;0.0000;1;23926.0000;None;258400.0000
1833;2023-03-11 20:47:53.177000;3;200007;1;1;12800.0000;1;23926.0000;None;258400.0000
1833;2023-03-11 20:47:53.177000;6;105636;1;1;0.0000;1;23926.0000;None;258400.0000
1833;2023-03-11 20:54:42.803000;1;109503;1;1;59800.0000;1;23926.0000;None;258400.0000
1833;2023-03-11 21:20:48.393000;8;104655;1;1;38800.0000;1;23926.0000;None;258400.0000
1833;2023-03-11 21:29:32.697000;1;104004;1;1;16800.0000;1;23926.0000;None;258400.0000
1834;2023-03-11 20:48:56.633000;8;101026;1;1;35800.0000;1;11907.0000;None;128600.0000
1834;2023-03-11 20:48:56.633000;8;103866;1;1;29800.0000;1;11907.0000;None;128600.0000
1834;2023-03-11 20:48:56.633000;8;103867;1;1;28800.0000;1;11907.0000;None;128600.0000
1834;2023-03-11 20:48:56.633000;3;201206;1;1;5800.0000;1;11907.0000;None;128600.0000
1834;2023-03-11 20:48:56.633000;3;201237;1;1;5800.0000;1;11907.0000;None;128600.0000
1834;2023-03-11 20:48:56.633000;3;104446;1;1;5800.0000;1;11907.0000;None;128600.0000
1834;2023-03-11 21:14:02.113000;1;103780;1;1;16800.0000;1;11907.0000;None;128600.0000
1835;2023-03-11 20:50:11.490000;1;109503;1;1;59800.0000;1;21056.0000;None;227400.0000
1835;2023-03-11 20:50:11.490000;7;1158;1;1;0.0000;1;21056.0000;None;227400.0000
1835;2023-03-11 20:50:11.490000;1;102456;1;1;16800.0000;1;21056.0000;None;227400.0000
1835;2023-03-11 20:50:11.490000;7;1158;1;1;0.0000;1;21056.0000;None;227400.0000
1835;2023-03-11 20:50:11.490000;7;1029;1;1;0.0000;1;21056.0000;None;227400.0000
1835;2023-03-11 20:50:45.057000;2;201187;1;1;9800.0000;1;21056.0000;None;227400.0000
1835;2023-03-11 21:12:02.013000;3;202570;1;1;8800.0000;1;21056.0000;None;227400.0000
1835;2023-03-11 21:12:02.013000;6;105636;1;1;0.0000;1;21056.0000;None;227400.0000
1835;2023-03-11 21:15:50.673000;8;103615;1;1;37800.0000;1;21056.0000;None;227400.0000
1835;2023-03-11 21:15:50.673000;7;1247;1;1;0.0000;1;21056.0000;None;227400.0000
1835;2023-03-11 21:15:50.673000;7;1213;1;1;0.0000;1;21056.0000;None;227400.0000
1835;2023-03-11 21:15:50.673000;1;101304;1;1;76800.0000;1;21056.0000;None;227400.0000
1835;2023-03-11 21:15:50.673000;7;1158;1;1;0.0000;1;21056.0000;None;227400.0000
1835;2023-03-11 21:15:50.673000;7;1011;1;1;0.0000;1;21056.0000;None;227400.0000
1835;2023-03-11 21:44:14.700000;3;103912;1;1;7800.0000;1;21056.0000;None;227400.0000
1835;2023-03-11 21:46:25.260000;3;102102;1;1;9800.0000;1;21056.0000;None;227400.0000
1836;2023-03-11 21:00:26.393000;8;109180;1;1;40800.0000;1;15000.0000;None;162000.0000
1836;2023-03-11 21:01:00.607000;3;104446;1;1;5800.0000;1;15000.0000;None;162000.0000
1836;2023-03-11 21:01:00.607000;3;201206;1;1;5800.0000;1;15000.0000;None;162000.0000
1836;2023-03-11 21:01:00.607000;8;100954;1;1;39800.0000;1;15000.0000;None;162000.0000
1836;2023-03-11 21:01:00.607000;8;107333;1;1;69800.0000;1;15000.0000;None;162000.0000
1837;2023-03-11 21:18:48.697000;8;103690;1;1;41800.0000;1;27630.0000;None;298400.0000
1837;2023-03-11 21:18:48.697000;8;105730;1;1;0.0000;1;27630.0000;None;298400.0000
1837;2023-03-11 21:18:48.697000;8;103690;1;1;41800.0000;1;27630.0000;None;298400.0000
1837;2023-03-11 21:18:48.697000;8;105731;1;1;0.0000;1;27630.0000;None;298400.0000
1837;2023-03-11 21:18:48.697000;8;103690;1;1;41800.0000;1;27630.0000;None;298400.0000
1837;2023-03-11 21:18:48.697000;8;105752;1;1;0.0000;1;27630.0000;None;298400.0000
1837;2023-03-11 21:18:48.697000;7;1001;1;1;0.0000;1;27630.0000;None;298400.0000
1837;2023-03-11 21:18:48.697000;7;1040;1;1;0.0000;1;27630.0000;None;298400.0000
1837;2023-03-11 21:18:48.697000;8;103615;1;1;37800.0000;1;27630.0000;None;298400.0000
1837;2023-03-11 21:18:48.697000;7;1040;1;1;0.0000;1;27630.0000;None;298400.0000
1837;2023-03-11 21:18:48.697000;8;101953;1;1;43800.0000;1;27630.0000;None;298400.0000
1837;2023-03-11 21:18:48.697000;7;1040;1;1;0.0000;1;27630.0000;None;298400.0000
1837;2023-03-11 21:18:48.697000;2;106012;1;1;49800.0000;1;27630.0000;None;298400.0000
1837;2023-03-11 21:18:48.697000;3;202570;1;1;8800.0000;1;27630.0000;None;298400.0000
1837;2023-03-11 21:34:06.843000;2;101727;1;1;32800.0000;1;27630.0000;None;298400.0000
1838;2023-03-11 21:21:23.067000;3;100606;1;1;6800.0000;1;15870.0000;None;171400.0000
1838;2023-03-11 21:21:23.067000;3;100606;1;1;6800.0000;1;15870.0000;None;171400.0000
1838;2023-03-11 21:21:23.067000;3;100614;1;1;5800.0000;1;15870.0000;None;171400.0000
1838;2023-03-11 21:30:39.597000;1;102457;1;1;18800.0000;1;15870.0000;None;171400.0000
1838;2023-03-11 21:30:39.597000;7;1158;1;1;0.0000;1;15870.0000;None;171400.0000
1838;2023-03-11 21:30:39.597000;7;1158;1;1;0.0000;1;15870.0000;None;171400.0000
1838;2023-03-11 21:30:54.657000;8;100953;1;1;44800.0000;1;15870.0000;None;171400.0000
1838;2023-03-11 21:30:54.657000;8;103539;1;1;32800.0000;1;15870.0000;None;171400.0000
1838;2023-03-11 21:30:54.657000;8;104655;1;1;38800.0000;1;15870.0000;None;171400.0000
1838;2023-03-11 21:59:24.500000;1;104004;1;1;16800.0000;1;15870.0000;None;171400.0000
1839;2023-03-11 21:23:46.090000;1;102457;1;1;18800.0000;1;35759.0000;None;386200.0000
1839;2023-03-11 21:23:46.090000;8;101996;1;1;15800.0000;1;35759.0000;None;386200.0000
1839;2023-03-11 21:23:46.090000;3;201269;1;1;5800.0000;1;35759.0000;None;386200.0000
1839;2023-03-11 21:23:46.090000;6;105636;1;1;0.0000;1;35759.0000;None;386200.0000
1839;2023-03-11 21:23:46.090000;3;102747;1;1;4800.0000;1;35759.0000;None;386200.0000
1839;2023-03-11 21:23:46.090000;3;102747;1;1;4800.0000;1;35759.0000;None;386200.0000
1839;2023-03-11 21:23:46.090000;3;102748;1;1;15800.0000;1;35759.0000;None;386200.0000
1839;2023-03-11 21:23:46.090000;3;102619;1;1;7800.0000;1;35759.0000;None;386200.0000
1839;2023-03-11 21:38:32.933000;8;101953;1;1;43800.0000;1;35759.0000;None;386200.0000
1839;2023-03-11 21:38:32.933000;8;103539;1;1;32800.0000;1;35759.0000;None;386200.0000
1839;2023-03-11 21:38:32.933000;1;103596;1;1;79800.0000;1;35759.0000;None;386200.0000
1839;2023-03-11 21:38:32.933000;1;102973;1;1;109800.0000;1;35759.0000;None;386200.0000
1839;2023-03-11 22:07:17.597000;3;200007;1;1;12800.0000;1;35759.0000;None;386200.0000
1839;2023-03-11 22:12:34.573000;1;104004;1;1;16800.0000;1;35759.0000;None;386200.0000
1839;2023-03-11 22:12:34.573000;1;101891;1;1;16800.0000;1;35759.0000;None;386200.0000
11888;2023-03-11 12:21:27.127000;8;107525;1;3;179400.0000;1;92815.0000;None;1002400.0000
11888;2023-03-11 12:21:27.127000;8;107525;1;1;59800.0000;1;92815.0000;None;1002400.0000
11888;2023-03-11 12:21:27.127000;7;1135;1;1;0.0000;1;92815.0000;None;1002400.0000
11888;2023-03-11 12:21:27.127000;1;109503;1;3;179400.0000;1;92815.0000;None;1002400.0000
11888;2023-03-11 12:21:27.127000;7;1135;1;1;0.0000;1;92815.0000;None;1002400.0000
11888;2023-03-11 13:25:01.310000;3;100614;1;3;17400.0000;1;92815.0000;None;1002400.0000
11888;2023-03-11 13:25:01.310000;7;1207;1;1;0.0000;1;92815.0000;None;1002400.0000
11888;2023-03-11 13:25:01.310000;3;201312;1;1;4800.0000;1;92815.0000;None;1002400.0000
11888;2023-03-11 13:34:06.107000;3;200008;1;1;15800.0000;1;92815.0000;None;1002400.0000
11888;2023-03-11 13:34:06.107000;3;200008;1;1;15800.0000;1;92815.0000;None;1002400.0000
11888;2023-03-11 13:34:06.107000;7;2008;1;8;0.0000;1;92815.0000;None;1002400.0000
11888;2023-03-11 13:34:06.107000;2;200188;1;1;210800.0000;1;92815.0000;None;1002400.0000
11888;2023-03-11 13:34:06.107000;7;2008;1;6;0.0000;1;92815.0000;None;1002400.0000
11888;2023-03-11 13:42:20.247000;3;201312;1;1;4800.0000;1;92815.0000;None;1002400.0000
11888;2023-03-11 13:42:20.247000;3;201312;1;1;4800.0000;1;92815.0000;None;1002400.0000
11888;2023-03-11 13:54:51.410000;1;102457;1;1;18800.0000;1;92815.0000;None;1002400.0000
11888;2023-03-11 13:54:51.410000;7;1135;1;1;0.0000;1;92815.0000;None;1002400.0000
11888;2023-03-11 13:54:51.410000;1;104240;1;1;28800.0000;1;92815.0000;None;1002400.0000
11888;2023-03-11 13:54:51.410000;1;102456;1;1;16800.0000;1;92815.0000;None;1002400.0000
11888;2023-03-11 13:54:51.410000;7;1014;1;1;0.0000;1;92815.0000;None;1002400.0000
11888;2023-03-11 13:54:51.410000;7;1014;1;1;0.0000;1;92815.0000;None;1002400.0000
11888;2023-03-11 14:25:49.187000;1;102923;1;1;68800.0000;1;92815.0000;None;1002400.0000
11888;2023-03-11 14:25:49.187000;7;1100;1;1;0.0000;1;92815.0000;None;1002400.0000
11888;2023-03-11 14:25:49.187000;7;1100;1;1;0.0000;1;92815.0000;None;1002400.0000
11888;2023-03-11 14:25:49.187000;7;1100;1;1;0.0000;1;92815.0000;None;1002400.0000
11888;2023-03-11 14:25:49.187000;1;103814;1;1;77800.0000;1;92815.0000;None;1002400.0000
11888;2023-03-11 14:25:49.187000;1;106337;1;1;0.0000;1;92815.0000;None;1002400.0000
11888;2023-03-11 14:25:49.187000;1;106337;2;1;0.0000;1;92815.0000;None;1002400.0000
11888;2023-03-11 14:25:49.187000;1;102923;1;1;68800.0000;1;92815.0000;None;1002400.0000
11888;2023-03-11 14:25:49.187000;1;103536;1;1;39800.0000;1;92815.0000;None;1002400.0000
11888;2023-03-11 14:25:49.187000;1;109511;1;1;46800.0000;1;92815.0000;None;1002400.0000
11888;2023-03-11 14:25:49.187000;1;109509;1;1;43800.0000;1;92815.0000;None;1002400.0000
11888;2023-03-11 14:25:49.187000;1;103864;1;1;83800.0000;1;92815.0000;None;1002400.0000
11888;2023-03-11 14:25:49.187000;1;106337;1;1;0.0000;1;92815.0000;None;1002400.0000
11888;2023-03-11 14:25:49.187000;1;106337;2;1;0.0000;1;92815.0000;None;1002400.0000
11888;2023-03-11 14:25:49.187000;7;1045;1;1;0.0000;1;92815.0000;None;1002400.0000
11888;2023-03-11 14:25:49.187000;7;1045;1;1;0.0000;1;92815.0000;None;1002400.0000
11888;2023-03-11 14:25:49.187000;7;1045;1;1;0.0000;1;92815.0000;None;1002400.0000
11888;2023-03-11 14:25:49.187000;7;1045;1;1;0.0000;1;92815.0000;None;1002400.0000
11888;2023-03-11 14:25:49.187000;1;105197;1;1;9800.0000;1;92815.0000;None;1002400.0000
11888;2023-03-11 14:25:49.187000;7;1020;1;1;0.0000;1;92815.0000;None;1002400.0000
11888;2023-03-11 14:25:49.187000;7;1020;1;1;0.0000;1;92815.0000;None;1002400.0000
11888;2023-03-11 14:25:49.187000;7;1020;1;1;0.0000;1;92815.0000;None;1002400.0000
11888;2023-03-11 14:25:49.187000;7;1158;1;1;0.0000;1;92815.0000;None;1002400.0000
11888;2023-03-11 14:25:49.187000;7;1158;1;1;0.0000;1;92815.0000;None;1002400.0000
11888;2023-03-11 14:50:04.387000;3;201312;1;2;9600.0000;1;92815.0000;None;1002400.0000
11888;2023-03-11 14:51:47.073000;3;102633;1;1;12800.0000;1;92815.0000;None;1002400.0000
11888;2023-03-11 14:51:47.073000;7;2001;1;1;0.0000;1;92815.0000;None;1002400.0000
11888;2023-03-11 14:54:19.253000;3;201312;1;1;4800.0000;1;92815.0000;None;1002400.0000
11888;2023-03-11 14:54:19.253000;3;102633;1;1;12800.0000;1;92815.0000;None;1002400.0000
11888;2023-03-11 14:54:19.253000;3;102633;1;1;12800.0000;1;92815.0000;None;1002400.0000
11888;2023-03-11 14:54:55.420000;1;105197;1;1;9800.0000;1;92815.0000;None;1002400.0000
11888;2023-03-11 15:28:53.510000;1;101011;1;1;22800.0000;1;92815.0000;None;1002400.0000
11888;2023-03-11 15:28:53.510000;1;101011;1;1;22800.0000;1;92815.0000;None;1002400.0000
11888;2023-03-11 15:28:53.510000;1;109317;1;1;16800.0000;1;92815.0000;None;1002400.0000
11888;2023-03-11 15:28:53.510000;1;102535;1;1;19800.0000;1;92815.0000;None;1002400.0000
11888;2023-03-11 15:28:53.510000;1;102535;1;1;19800.0000;1;92815.0000;None;1002400.0000
11888;2023-03-11 15:28:53.510000;1;101891;1;1;16800.0000;1;92815.0000;None;1002400.0000
11888;2023-03-11 15:28:53.510000;1;101425;1;1;17800.0000;1;92815.0000;None;1002400.0000
11888;2023-03-11 15:28:53.510000;1;101425;1;1;17800.0000;1;92815.0000;None;1002400.0000
11888;2023-03-11 15:28:53.510000;3;100607;1;1;6800.0000;1;92815.0000;None;1002400.0000
11888;2023-03-11 15:28:53.557000;3;100999;1;1;5800.0000;1;92815.0000;None;1002400.0000
11888;2023-03-11 15:28:53.557000;3;100999;1;1;5800.0000;1;92815.0000;None;1002400.0000
11888;2023-03-11 15:28:53.557000;7;1207;1;2;0.0000;1;92815.0000;None;1002400.0000
11888;2023-03-11 15:43:09.637000;3;100614;1;1;5800.0000;1;92815.0000;None;1002400.0000
11888;2023-03-11 15:52:46.980000;None;1;None;1;-435400.0000;2;92815.0000;None;1002400.0000
11889;2023-03-11 13:26:26.117000;8;103690;1;1;41800.0000;1;None;None;109340.0000
11889;2023-03-11 13:26:26.117000;8;105752;1;1;0.0000;1;None;None;109340.0000
11889;2023-03-11 13:26:26.117000;8;100954;1;1;39800.0000;1;None;None;109340.0000
11889;2023-03-11 13:26:26.117000;7;1213;1;1;0.0000;1;None;None;109340.0000
11889;2023-03-11 13:26:26.117000;8;103002;1;1;17800.0000;1;None;None;109340.0000
11889;2023-03-11 13:26:26.117000;7;1157;1;1;0.0000;1;None;None;109340.0000
11889;2023-03-11 13:26:26.117000;7;1157;1;1;0.0000;1;None;None;109340.0000
11889;2023-03-11 13:26:26.117000;9;802020;1;1;9940.0000;1;None;None;109340.0000
11890;2023-03-11 13:51:33.617000;1;101927;1;1;129800.0000;1;None;None;386760.0000
11890;2023-03-11 13:51:33.617000;7;1157;1;1;0.0000;1;None;None;386760.0000
11890;2023-03-11 13:51:33.617000;7;1157;1;1;0.0000;1;None;None;386760.0000
11890;2023-03-11 13:51:33.617000;8;103002;1;2;35600.0000;1;None;None;386760.0000
11890;2023-03-11 13:51:33.617000;7;1157;1;1;0.0000;1;None;None;386760.0000
11890;2023-03-11 13:51:33.617000;7;1157;1;1;0.0000;1;None;None;386760.0000
11890;2023-03-11 13:51:33.617000;1;103815;1;1;28800.0000;1;None;None;386760.0000
11890;2023-03-11 13:51:33.617000;7;1157;1;1;0.0000;1;None;None;386760.0000
11890;2023-03-11 13:51:33.617000;7;1157;1;1;0.0000;1;None;None;386760.0000
11890;2023-03-11 13:51:33.617000;1;108437;1;1;79800.0000;1;None;None;386760.0000
11890;2023-03-11 13:51:33.617000;8;104655;1;1;38800.0000;1;None;None;386760.0000
11890;2023-03-11 13:51:33.617000;1;109513;1;1;38800.0000;1;None;None;386760.0000
11890;2023-03-11 13:51:33.617000;7;1157;1;1;0.0000;1;None;None;386760.0000
11890;2023-03-11 13:51:33.617000;7;1157;1;1;0.0000;1;None;None;386760.0000
11890;2023-03-11 13:51:33.617000;7;1158;1;1;0.0000;1;None;None;386760.0000
11890;2023-03-11 13:51:33.617000;7;1158;1;1;0.0000;1;None;None;386760.0000
11890;2023-03-11 13:51:33.617000;9;802020;1;1;35160.0000;1;None;None;386760.0000
11891;2023-03-11 15:18:57.097000;8;103615;1;1;37800.0000;1;None;None;150920.0000
11891;2023-03-11 15:18:57.097000;8;104655;1;1;38800.0000;1;None;None;150920.0000
11891;2023-03-11 15:18:57.097000;8;100953;1;1;44800.0000;1;None;None;150920.0000
11891;2023-03-11 15:18:57.097000;7;1157;1;1;0.0000;1;None;None;150920.0000
11891;2023-03-11 15:18:57.097000;7;1157;1;1;0.0000;1;None;None;150920.0000
11891;2023-03-11 15:18:57.097000;7;1213;1;1;0.0000;1;None;None;150920.0000
11891;2023-03-11 15:18:57.097000;8;101996;1;1;15800.0000;1;None;None;150920.0000
11891;2023-03-11 15:18:57.097000;7;1157;1;1;0.0000;1;None;None;150920.0000
11891;2023-03-11 15:18:57.097000;7;1157;1;1;0.0000;1;None;None;150920.0000
11891;2023-03-11 15:18:57.097000;7;1135;1;1;0.0000;1;None;None;150920.0000
11891;2023-03-11 15:18:57.097000;9;802020;1;1;13720.0000;1;None;None;150920.0000
11892;2023-03-11 15:29:37.043000;8;106077;1;1;32800.0000;1;None;None;267300.0000
11892;2023-03-11 15:29:37.043000;8;103023;1;1;47800.0000;1;None;None;267300.0000
11892;2023-03-11 15:29:37.043000;8;103022;1;1;69800.0000;1;None;None;267300.0000
11892;2023-03-11 15:29:37.043000;7;1157;1;1;0.0000;1;None;None;267300.0000
11892;2023-03-11 15:29:37.043000;7;1157;1;1;0.0000;1;None;None;267300.0000
11892;2023-03-11 15:29:37.043000;1;101929;1;1;16800.0000;1;None;None;267300.0000
11892;2023-03-11 15:29:37.043000;7;1157;1;1;0.0000;1;None;None;267300.0000
11892;2023-03-11 15:29:37.043000;7;1157;1;1;0.0000;1;None;None;267300.0000
11892;2023-03-11 15:29:37.043000;8;105424;1;1;75800.0000;1;None;None;267300.0000
11892;2023-03-11 15:29:37.043000;7;1157;1;1;0.0000;1;None;None;267300.0000
11892;2023-03-11 15:29:37.043000;7;1157;1;1;0.0000;1;None;None;267300.0000
11892;2023-03-11 15:29:37.043000;9;802020;1;1;24300.0000;1;None;None;267300.0000
11893;2023-03-11 15:35:30.207000;1;101051;1;1;49800.0000;1;None;None;172700.0000
11893;2023-03-11 15:35:30.207000;8;104655;1;1;38800.0000;1;None;None;172700.0000
11893;2023-03-11 15:35:30.207000;8;103867;1;1;28800.0000;1;None;None;172700.0000
11893;2023-03-11 15:35:30.207000;7;1157;1;1;0.0000;1;None;None;172700.0000
11893;2023-03-11 15:35:30.207000;7;1157;1;1;0.0000;1;None;None;172700.0000
11893;2023-03-11 15:35:30.207000;1;102535;1;2;39600.0000;1;None;None;172700.0000
11893;2023-03-11 15:35:30.207000;7;1247;1;1;0.0000;1;None;None;172700.0000
11893;2023-03-11 15:35:30.207000;9;802020;1;1;15700.0000;1;None;None;172700.0000
11894;2023-03-11 16:38:05.603000;1;102925;1;2;25600.0000;1;None;None;113740.0000
11894;2023-03-11 16:38:05.603000;7;1157;1;1;0.0000;1;None;None;113740.0000
11894;2023-03-11 16:38:05.603000;8;102691;1;1;77800.0000;1;None;None;113740.0000
11894;2023-03-11 16:38:05.603000;7;1157;1;1;0.0000;1;None;None;113740.0000
11894;2023-03-11 16:38:32.523000;9;802020;1;1;10340.0000;1;None;None;113740.0000
11895;2023-03-11 16:56:06.600000;3;103912;1;1;7800.0000;1;21630.0000;None;233600.0000
11895;2023-03-11 16:56:06.600000;7;2052;1;1;0.0000;1;21630.0000;None;233600.0000
11895;2023-03-11 16:56:06.600000;3;201312;1;1;4800.0000;1;21630.0000;None;233600.0000
11895;2023-03-11 17:12:02.560000;1;103940;1;1;59800.0000;1;21630.0000;None;233600.0000
11895;2023-03-11 17:13:39.233000;1;109511;1;1;46800.0000;1;21630.0000;None;233600.0000
11895;2023-03-11 17:27:49.263000;8;102986;1;1;11800.0000;1;21630.0000;None;233600.0000
11895;2023-03-11 17:27:49.263000;8;102997;1;1;11800.0000;1;21630.0000;None;233600.0000
11895;2023-03-11 17:27:49.263000;8;103002;1;1;17800.0000;1;21630.0000;None;233600.0000
11895;2023-03-11 17:27:49.263000;8;108518;1;1;41800.0000;1;21630.0000;None;233600.0000
11895;2023-03-11 17:27:49.263000;7;1131;1;1;0.0000;1;21630.0000;None;233600.0000
11895;2023-03-11 17:27:49.263000;7;1131;1;1;0.0000;1;21630.0000;None;233600.0000
11895;2023-03-11 17:50:03.967000;1;103780;1;1;16800.0000;1;21630.0000;None;233600.0000
11895;2023-03-11 17:50:03.967000;3;100999;1;1;5800.0000;1;21630.0000;None;233600.0000
11895;2023-03-11 17:50:03.967000;3;100999;1;1;5800.0000;1;21630.0000;None;233600.0000
11895;2023-03-11 17:58:11.123000;1;101088;1;1;2800.0000;1;21630.0000;None;233600.0000
11896;2023-03-11 18:08:52.873000;8;102790;1;1;37800.0000;1;None;None;104060.0000
11896;2023-03-11 18:08:52.873000;8;103028;1;1;56800.0000;1;None;None;104060.0000
11896;2023-03-11 18:08:52.873000;7;1157;1;1;0.0000;1;None;None;104060.0000
11896;2023-03-11 18:08:52.873000;7;1157;1;1;0.0000;1;None;None;104060.0000
11896;2023-03-11 18:08:52.873000;7;1157;1;1;0.0000;1;None;None;104060.0000
11896;2023-03-11 18:15:48.897000;9;802020;1;1;9460.0000;1;None;None;104060.0000
11897;2023-03-11 18:10:37.757000;8;103837;1;1;11800.0000;1;1093.0000;None;11800.0000
11898;2023-03-11 18:18:37.960000;8;103615;1;1;37800.0000;1;None;None;62260.0000
11898;2023-03-11 18:18:37.960000;7;1157;1;1;0.0000;1;None;None;62260.0000
11898;2023-03-11 18:18:37.960000;7;1157;1;1;0.0000;1;None;None;62260.0000
11898;2023-03-11 18:18:37.960000;7;1054;1;1;0.0000;1;None;None;62260.0000
11898;2023-03-11 18:18:37.960000;7;1054;1;1;0.0000;1;None;None;62260.0000
11898;2023-03-11 18:18:37.960000;1;102459;1;1;18800.0000;1;None;None;62260.0000
11898;2023-03-11 18:18:37.960000;7;1157;1;1;0.0000;1;None;None;62260.0000
11898;2023-03-11 18:18:37.960000;7;1157;1;1;0.0000;1;None;None;62260.0000
11898;2023-03-11 18:18:37.960000;9;802020;1;1;5660.0000;1;None;None;62260.0000
11899;2023-03-11 18:35:41.833000;8;102790;1;5;189000.0000;1;None;None;207900.0000
11899;2023-03-11 18:35:41.833000;7;1157;1;1;0.0000;1;None;None;207900.0000
11899;2023-03-11 18:35:41.833000;7;1157;1;1;0.0000;1;None;None;207900.0000
11899;2023-03-11 18:35:41.833000;9;802020;1;1;18900.0000;1;None;None;207900.0000
11900;2023-03-11 18:59:57.797000;8;103544;1;1;25800.0000;1;None;None;46860.0000
11900;2023-03-11 18:59:57.797000;7;1213;1;1;0.0000;1;None;None;46860.0000
11900;2023-03-11 18:59:57.797000;7;1213;1;1;0.0000;1;None;None;46860.0000
11900;2023-03-11 18:59:57.797000;7;1157;1;1;0.0000;1;None;None;46860.0000
11900;2023-03-11 18:59:57.797000;7;1157;1;1;0.0000;1;None;None;46860.0000
11900;2023-03-11 18:59:57.797000;1;101929;1;1;16800.0000;1;None;None;46860.0000
11900;2023-03-11 18:59:57.797000;7;1157;1;1;0.0000;1;None;None;46860.0000
11900;2023-03-11 18:59:57.797000;7;1157;1;1;0.0000;1;None;None;46860.0000
11900;2023-03-11 18:59:57.797000;7;1157;1;1;0.0000;1;None;None;46860.0000
11900;2023-03-11 18:59:57.797000;9;802020;1;1;4260.0000;1;None;None;46860.0000
11902;2023-03-11 20:07:09.920000;8;101996;1;1;15800.0000;1;None;None;284680.0000
11902;2023-03-11 20:07:09.920000;8;107525;1;1;59800.0000;1;None;None;284680.0000
11902;2023-03-11 20:07:09.920000;7;1135;1;1;0.0000;1;None;None;284680.0000
11902;2023-03-11 20:07:09.920000;7;1157;1;1;0.0000;1;None;None;284680.0000
11902;2023-03-11 20:07:09.920000;8;103746;1;1;39800.0000;1;None;None;284680.0000
11902;2023-03-11 20:07:09.920000;8;102340;1;1;33800.0000;1;None;None;284680.0000
11902;2023-03-11 20:07:09.920000;7;1157;1;1;0.0000;1;None;None;284680.0000
11902;2023-03-11 20:07:09.920000;7;1157;1;1;0.0000;1;None;None;284680.0000
11902;2023-03-11 20:07:09.920000;1;102919;1;1;68800.0000;1;None;None;284680.0000
11902;2023-03-11 20:07:09.920000;7;1157;1;1;0.0000;1;None;None;284680.0000
11902;2023-03-11 20:07:09.920000;7;1157;1;1;0.0000;1;None;None;284680.0000
11902;2023-03-11 20:07:09.920000;8;103018;1;1;40800.0000;1;None;None;284680.0000
11902;2023-03-11 20:07:09.920000;7;1157;1;1;0.0000;1;None;None;284680.0000
11902;2023-03-11 20:07:09.920000;7;1157;1;1;0.0000;1;None;None;284680.0000
11902;2023-03-11 20:12:05.340000;9;802020;1;1;25880.0000;1;None;None;284680.0000
11903;2023-03-11 20:19:58.860000;8;103867;1;1;28800.0000;1;None;None;163020.0000
11903;2023-03-11 20:19:58.860000;8;100954;1;1;39800.0000;1;None;None;163020.0000
11903;2023-03-11 20:19:58.860000;8;103690;1;1;41800.0000;1;None;None;163020.0000
11903;2023-03-11 20:19:58.860000;8;105731;1;1;0.0000;1;None;None;163020.0000
11903;2023-03-11 20:19:58.860000;7;1157;1;1;0.0000;1;None;None;163020.0000
11903;2023-03-11 20:19:58.860000;7;1157;1;1;0.0000;1;None;None;163020.0000
11903;2023-03-11 20:19:58.860000;1;102455;1;1;37800.0000;1;None;None;163020.0000
11903;2023-03-11 20:19:58.860000;7;1157;1;1;0.0000;1;None;None;163020.0000
11903;2023-03-11 20:19:58.860000;7;1157;1;1;0.0000;1;None;None;163020.0000
11903;2023-03-11 20:19:58.860000;9;802020;1;1;14820.0000;1;None;None;163020.0000
11904;2023-03-11 20:27:48.667000;8;107525;1;1;59800.0000;1;None;None;263780.0000
11904;2023-03-11 20:27:48.667000;8;107526;1;1;29800.0000;1;None;None;263780.0000
11904;2023-03-11 20:27:48.667000;7;1157;1;1;0.0000;1;None;None;263780.0000
11904;2023-03-11 20:27:48.667000;7;1157;1;1;0.0000;1;None;None;263780.0000
11904;2023-03-11 20:27:48.667000;8;103615;1;1;37800.0000;1;None;None;263780.0000
11904;2023-03-11 20:27:48.667000;8;102691;1;1;77800.0000;1;None;None;263780.0000
11904;2023-03-11 20:27:48.667000;7;1157;1;1;0.0000;1;None;None;263780.0000
11904;2023-03-11 20:27:48.667000;7;1157;1;1;0.0000;1;None;None;263780.0000
11904;2023-03-11 20:27:48.667000;1;102459;1;1;18800.0000;1;None;None;263780.0000
11904;2023-03-11 20:27:48.667000;1;101651;1;1;15800.0000;1;None;None;263780.0000
11904;2023-03-11 20:27:48.667000;7;1157;1;1;0.0000;1;None;None;263780.0000
11904;2023-03-11 20:27:48.667000;7;1157;1;1;0.0000;1;None;None;263780.0000
11904;2023-03-11 20:27:48.667000;9;802020;1;1;23980.0000;1;None;None;263780.0000
11905;2023-03-11 21:01:55.720000;8;104655;1;1;38800.0000;1;8648.0000;None;93400.0000
11905;2023-03-11 21:01:55.720000;8;102790;1;1;37800.0000;1;8648.0000;None;93400.0000
11905;2023-03-11 21:01:55.720000;7;1158;1;1;0.0000;1;8648.0000;None;93400.0000
11905;2023-03-11 21:01:55.720000;7;1158;1;1;0.0000;1;8648.0000;None;93400.0000
11905;2023-03-11 21:52:36.567000;1;102447;1;1;16800.0000;1;8648.0000;None;93400.0000
31191;2023-03-11 13:34:06.767000;1;102457;1;1;18800.0000;1;32630.0000;None;352400.0000
31191;2023-03-11 13:34:06.767000;1;104240;1;1;28800.0000;1;32630.0000;None;352400.0000
31191;2023-03-11 13:34:06.767000;1;102455;1;1;37800.0000;1;32630.0000;None;352400.0000
31191;2023-03-11 13:34:06.767000;3;202570;1;1;8800.0000;1;32630.0000;None;352400.0000
31191;2023-03-11 13:34:06.767000;3;202570;1;1;8800.0000;1;32630.0000;None;352400.0000
31191;2023-03-11 13:34:06.767000;2;103225;1;1;48800.0000;1;32630.0000;None;352400.0000
31191;2023-03-11 13:49:25.140000;1;109504;1;1;27800.0000;1;32630.0000;None;352400.0000
31191;2023-03-11 13:49:25.140000;1;103813;1;1;59800.0000;1;32630.0000;None;352400.0000
31191;2023-03-11 13:49:25.140000;7;1002;1;1;0.0000;1;32630.0000;None;352400.0000
31191;2023-03-11 13:49:25.140000;1;105010;2;1;0.0000;1;32630.0000;None;352400.0000
31191;2023-03-11 13:49:25.140000;7;1245;1;1;0.0000;1;32630.0000;None;352400.0000
31191;2023-03-11 13:49:25.140000;7;1245;1;1;0.0000;1;32630.0000;None;352400.0000
31191;2023-03-11 13:49:25.140000;7;1158;1;1;0.0000;1;32630.0000;None;352400.0000
31191;2023-03-11 13:49:25.140000;8;105472;1;1;72800.0000;1;32630.0000;None;352400.0000
31191;2023-03-11 13:49:25.140000;7;1137;1;1;0.0000;1;32630.0000;None;352400.0000
31191;2023-03-11 13:49:25.140000;7;1137;1;1;0.0000;1;32630.0000;None;352400.0000
31191;2023-03-11 13:49:25.140000;7;1137;1;1;0.0000;1;32630.0000;None;352400.0000
31191;2023-03-11 14:18:51.030000;1;101011;1;1;22800.0000;1;32630.0000;None;352400.0000
31191;2023-03-11 14:18:51.030000;3;100614;1;1;5800.0000;1;32630.0000;None;352400.0000
31191;2023-03-11 14:18:51.030000;3;100614;1;1;5800.0000;1;32630.0000;None;352400.0000
31191;2023-03-11 14:18:51.030000;3;100614;1;1;5800.0000;1;32630.0000;None;352400.0000
31192;2023-03-11 13:38:22.237000;3;201704;1;1;15800.0000;1;43204.0000;None;466600.0000
31192;2023-03-11 13:38:22.237000;7;2018;1;1;0.0000;1;43204.0000;None;466600.0000
31192;2023-03-11 13:38:22.237000;2;200478;1;1;14800.0000;1;43204.0000;None;466600.0000
31192;2023-03-11 13:38:22.237000;3;102747;1;1;4800.0000;1;43204.0000;None;466600.0000
31192;2023-03-11 13:38:22.237000;3;102637;1;1;9800.0000;1;43204.0000;None;466600.0000
31192;2023-03-11 13:38:22.237000;2;105805;1;1;32800.0000;1;43204.0000;None;466600.0000
31192;2023-03-11 13:41:59.540000;8;102052;1;1;62800.0000;1;43204.0000;None;466600.0000
31192;2023-03-11 13:41:59.540000;1;102456;1;1;16800.0000;1;43204.0000;None;466600.0000
31192;2023-03-11 13:41:59.540000;8;102143;1;1;3800.0000;1;43204.0000;None;466600.0000
31192;2023-03-11 13:41:59.540000;1;103596;1;1;79800.0000;1;43204.0000;None;466600.0000
31192;2023-03-11 13:41:59.540000;1;106922;1;1;0.0000;1;43204.0000;None;466600.0000
31192;2023-03-11 13:41:59.540000;1;106337;2;1;0.0000;1;43204.0000;None;466600.0000
31192;2023-03-11 13:41:59.540000;8;102997;1;1;11800.0000;1;43204.0000;None;466600.0000
31192;2023-03-11 13:41:59.540000;8;102997;1;1;11800.0000;1;43204.0000;None;466600.0000
31192;2023-03-11 13:41:59.540000;8;102997;1;1;11800.0000;1;43204.0000;None;466600.0000
31192;2023-03-11 13:41:59.540000;8;102997;1;1;11800.0000;1;43204.0000;None;466600.0000
31192;2023-03-11 13:41:59.540000;8;101996;1;1;15800.0000;1;43204.0000;None;466600.0000
31192;2023-03-11 13:41:59.540000;7;1158;1;1;0.0000;1;43204.0000;None;466600.0000
31192;2023-03-11 13:41:59.540000;7;1158;1;1;0.0000;1;43204.0000;None;466600.0000
31192;2023-03-11 13:44:14.637000;1;103813;1;1;59800.0000;1;43204.0000;None;466600.0000
31192;2023-03-11 13:44:14.637000;7;1002;1;1;0.0000;1;43204.0000;None;466600.0000
31192;2023-03-11 13:44:14.637000;1;105010;2;1;0.0000;1;43204.0000;None;466600.0000
31192;2023-03-11 13:44:14.637000;8;103591;1;1;28800.0000;1;43204.0000;None;466600.0000
31192;2023-03-11 13:44:14.637000;1;101929;1;1;16800.0000;1;43204.0000;None;466600.0000
31192;2023-03-11 13:44:14.637000;7;1158;1;1;0.0000;1;43204.0000;None;466600.0000
31192;2023-03-11 13:44:14.637000;7;1158;1;1;0.0000;1;43204.0000;None;466600.0000
31192;2023-03-11 13:57:16.507000;2;105805;1;1;32800.0000;1;43204.0000;None;466600.0000
31192;2023-03-11 14:29:01.023000;1;102910;1;1;5200.0000;1;43204.0000;None;466600.0000
31192;2023-03-11 14:29:01.023000;1;102910;1;1;5200.0000;1;43204.0000;None;466600.0000
31192;2023-03-11 14:29:01.023000;1;102905;1;1;5200.0000;1;43204.0000;None;466600.0000
31192;2023-03-11 14:29:01.023000;1;101088;1;1;2800.0000;1;43204.0000;None;466600.0000
31192;2023-03-11 14:29:01.023000;7;1247;1;1;0.0000;1;43204.0000;None;466600.0000
31192;2023-03-11 14:29:01.023000;3;100614;1;1;5800.0000;1;43204.0000;None;466600.0000
31193;2023-03-11 13:51:38.830000;3;102637;1;1;9800.0000;1;20111.0000;None;217200.0000
31193;2023-03-11 13:51:38.830000;3;200007;1;1;12800.0000;1;20111.0000;None;217200.0000
31193;2023-03-11 13:51:38.830000;6;105636;1;1;0.0000;1;20111.0000;None;217200.0000
31193;2023-03-11 13:58:05.177000;3;201237;1;1;5800.0000;1;20111.0000;None;217200.0000
31193;2023-03-11 13:58:05.177000;8;102692;1;1;34800.0000;1;20111.0000;None;217200.0000
31193;2023-03-11 13:58:05.177000;7;1158;1;1;0.0000;1;20111.0000;None;217200.0000
31193;2023-03-11 13:58:05.177000;7;1158;1;1;0.0000;1;20111.0000;None;217200.0000
31193;2023-03-11 13:59:35.740000;1;103058;1;1;32800.0000;1;20111.0000;None;217200.0000
31193;2023-03-11 13:59:35.740000;1;106922;2;1;0.0000;1;20111.0000;None;217200.0000
31193;2023-03-11 13:59:35.740000;1;106922;2;1;0.0000;1;20111.0000;None;217200.0000
31193;2023-03-11 13:59:35.740000;1;103536;1;1;39800.0000;1;20111.0000;None;217200.0000
31193;2023-03-11 13:59:35.740000;1;109504;1;1;27800.0000;1;20111.0000;None;217200.0000
31193;2023-03-11 13:59:35.740000;7;1020;1;1;0.0000;1;20111.0000;None;217200.0000
31193;2023-03-11 13:59:35.740000;7;1020;1;1;0.0000;1;20111.0000;None;217200.0000
31193;2023-03-11 13:59:35.740000;7;1158;1;1;0.0000;1;20111.0000;None;217200.0000
31193;2023-03-11 14:26:28.763000;2;108101;1;1;36800.0000;1;20111.0000;None;217200.0000
31193;2023-03-11 14:46:44.507000;1;101895;1;1;16800.0000;1;20111.0000;None;217200.0000
31194;2023-03-11 13:53:03.033000;3;202570;1;1;8800.0000;1;35667.0000;None;385200.0000
31194;2023-03-11 13:53:03.033000;3;200007;1;1;12800.0000;1;35667.0000;None;385200.0000
31194;2023-03-11 13:53:03.033000;4;108191;1;1;0.0000;1;35667.0000;None;385200.0000
31194;2023-03-11 13:53:03.033000;7;1207;1;1;0.0000;1;35667.0000;None;385200.0000
31194;2023-03-11 13:53:49.967000;1;104308;1;1;79800.0000;1;35667.0000;None;385200.0000
31194;2023-03-11 13:53:49.967000;8;101996;1;1;15800.0000;1;35667.0000;None;385200.0000
31194;2023-03-11 13:53:49.967000;7;1158;1;1;0.0000;1;35667.0000;None;385200.0000
31194;2023-03-11 14:01:45.553000;1;102459;1;1;18800.0000;1;35667.0000;None;385200.0000
31194;2023-03-11 14:01:45.553000;1;103747;1;1;58800.0000;1;35667.0000;None;385200.0000
31194;2023-03-11 14:01:45.553000;7;1158;1;1;0.0000;1;35667.0000;None;385200.0000
31194;2023-03-11 14:01:45.553000;8;103690;1;1;41800.0000;1;35667.0000;None;385200.0000
31194;2023-03-11 14:01:45.553000;8;105731;1;1;0.0000;1;35667.0000;None;385200.0000
31194;2023-03-11 14:01:45.553000;1;101318;1;1;35800.0000;1;35667.0000;None;385200.0000
31194;2023-03-11 14:01:45.553000;8;102693;1;1;40800.0000;1;35667.0000;None;385200.0000
31194;2023-03-11 14:01:45.553000;7;1158;1;1;0.0000;1;35667.0000;None;385200.0000
31194;2023-03-11 14:36:37.410000;3;202570;1;1;8800.0000;1;35667.0000;None;385200.0000
31194;2023-03-11 14:39:04.737000;8;103867;1;1;28800.0000;1;35667.0000;None;385200.0000
31194;2023-03-11 14:39:04.737000;7;1158;1;1;0.0000;1;35667.0000;None;385200.0000
31194;2023-03-11 14:39:04.737000;3;201269;1;1;5800.0000;1;35667.0000;None;385200.0000
31194;2023-03-11 14:39:04.737000;4;108191;1;1;0.0000;1;35667.0000;None;385200.0000
31194;2023-03-11 14:39:04.737000;7;1207;1;1;0.0000;1;35667.0000;None;385200.0000
31194;2023-03-11 14:45:30.803000;3;200007;1;1;12800.0000;1;35667.0000;None;385200.0000
31194;2023-03-11 15:06:22.317000;1;102770;1;1;15800.0000;1;35667.0000;None;385200.0000
31195;2023-03-11 15:05:01.750000;3;200012;1;1;9800.0000;1;7917.0000;None;85500.0000
31195;2023-03-11 15:05:01.750000;8;100924;1;1;48900.0000;1;7917.0000;None;85500.0000
31195;2023-03-11 15:05:01.750000;7;1158;1;1;0.0000;1;7917.0000;None;85500.0000
31195;2023-03-11 15:17:37.790000;1;108435;1;1;26800.0000;1;7917.0000;None;85500.0000
31195;2023-03-11 15:17:37.790000;7;1158;1;1;0.0000;1;7917.0000;None;85500.0000
31195;2023-03-11 15:17:37.790000;7;1158;1;1;0.0000;1;7917.0000;None;85500.0000
33619;2023-03-11 12:47:17.147000;2;200478;1;1;14800.0000;1;11157.0000;None;120500.0000
33619;2023-03-11 12:47:17.147000;1;102456;1;1;16800.0000;1;11157.0000;None;120500.0000
33619;2023-03-11 12:47:17.147000;8;103591;1;1;28800.0000;1;11157.0000;None;120500.0000
33619;2023-03-11 12:47:25.803000;3;202570;1;1;8800.0000;1;11157.0000;None;120500.0000
33619;2023-03-11 12:49:59.830000;1;106691;1;1;15600.0000;1;11157.0000;None;120500.0000
33619;2023-03-11 12:49:59.830000;7;1011;1;1;0.0000;1;11157.0000;None;120500.0000
33619;2023-03-11 13:20:02.283000;1;100939;1;1;20900.0000;1;11157.0000;None;120500.0000
33619;2023-03-11 13:20:02.283000;7;1011;1;1;0.0000;1;11157.0000;None;120500.0000
33619;2023-03-11 13:24:04.687000;2;200478;1;1;14800.0000;1;11157.0000;None;120500.0000
33620;2023-03-11 13:13:31.733000;1;102925;1;5;64000.0000;1;65111.0000;None;703200.0000
33620;2023-03-11 13:13:31.733000;1;102927;1;1;66800.0000;1;65111.0000;None;703200.0000
33620;2023-03-11 13:13:31.733000;6;105509;1;1;0.0000;1;65111.0000;None;703200.0000
33620;2023-03-11 13:13:31.733000;6;105509;1;1;0.0000;1;65111.0000;None;703200.0000
33620;2023-03-11 13:13:31.733000;6;101546;1;1;0.0000;1;65111.0000;None;703200.0000
33620;2023-03-11 13:15:38.320000;8;102052;1;1;62800.0000;1;65111.0000;None;703200.0000
33620;2023-03-11 13:15:38.320000;7;1131;1;1;0.0000;1;65111.0000;None;703200.0000
33620;2023-03-11 13:20:23.643000;3;200007;1;1;12800.0000;1;65111.0000;None;703200.0000
33620;2023-03-11 13:37:13.567000;8;103677;1;1;279800.0000;1;65111.0000;None;703200.0000
33620;2023-03-11 13:37:13.567000;8;105752;1;3;0.0000;1;65111.0000;None;703200.0000
33620;2023-03-11 13:37:13.567000;8;105730;1;3;0.0000;1;65111.0000;None;703200.0000
33620;2023-03-11 13:37:13.567000;8;105731;1;2;0.0000;1;65111.0000;None;703200.0000
33620;2023-03-11 13:37:13.567000;8;105868;1;1;0.0000;1;65111.0000;None;703200.0000
33620;2023-03-11 13:37:13.567000;7;1131;1;1;0.0000;1;65111.0000;None;703200.0000
33620;2023-03-11 14:25:41.693000;3;100614;1;1;5800.0000;1;65111.0000;None;703200.0000
33620;2023-03-11 14:25:41.693000;3;100613;1;1;5800.0000;1;65111.0000;None;703200.0000
33620;2023-03-11 14:25:41.693000;3;100613;1;1;5800.0000;1;65111.0000;None;703200.0000
33620;2023-03-11 14:28:57.757000;8;102800;1;1;69800.0000;1;65111.0000;None;703200.0000
33620;2023-03-11 14:28:57.757000;8;103803;1;1;129800.0000;1;65111.0000;None;703200.0000
33620;2023-03-11 14:28:57.757000;7;1131;1;1;0.0000;1;65111.0000;None;703200.0000
33620;2023-03-11 14:28:57.757000;7;1131;1;1;0.0000;1;65111.0000;None;703200.0000
33624;2023-03-11 14:00:07.047000;8;201562;1;1;276800.0000;1;None;None;291400.0000
33624;2023-03-11 14:00:07.047000;8;104780;1;1;0.0000;1;None;None;291400.0000
33624;2023-03-11 14:00:07.047000;8;102794;1;1;0.0000;1;None;None;291400.0000
33624;2023-03-11 14:00:07.047000;8;103014;1;1;0.0000;1;None;None;291400.0000
33624;2023-03-11 14:00:07.047000;8;103014;1;1;0.0000;1;None;None;291400.0000
33624;2023-03-11 14:00:07.047000;8;103014;1;1;0.0000;1;None;None;291400.0000
33624;2023-03-11 14:00:07.047000;8;103014;1;1;0.0000;1;None;None;291400.0000
33624;2023-03-11 14:00:07.047000;8;103014;1;1;0.0000;1;None;None;291400.0000
33624;2023-03-11 14:00:07.047000;8;103014;1;1;0.0000;1;None;None;291400.0000
33624;2023-03-11 14:00:07.047000;8;103014;1;1;0.0000;1;None;None;291400.0000
33624;2023-03-11 14:00:07.047000;8;103014;1;1;0.0000;1;None;None;291400.0000
33624;2023-03-11 14:00:07.047000;3;201269;1;1;5800.0000;1;None;None;291400.0000
33624;2023-03-11 14:00:07.047000;4;108191;1;1;0.0000;1;None;None;291400.0000
33624;2023-03-11 14:00:07.047000;3;102635;1;1;8800.0000;1;None;None;291400.0000
33625;2023-03-11 14:13:48.437000;3;102635;1;1;8800.0000;1;21695.0000;None;234300.0000
33625;2023-03-11 14:13:48.437000;3;201312;1;1;4800.0000;1;21695.0000;None;234300.0000
33625;2023-03-11 14:13:48.437000;7;2042;1;1;0.0000;1;21695.0000;None;234300.0000
33625;2023-03-11 14:13:48.437000;1;101929;1;1;16800.0000;1;21695.0000;None;234300.0000
33625;2023-03-11 14:13:48.437000;1;105023;1;1;55800.0000;1;21695.0000;None;234300.0000
33625;2023-03-11 14:13:48.437000;7;1054;1;1;0.0000;1;21695.0000;None;234300.0000
33625;2023-03-11 14:13:48.437000;1;103595;1;1;35800.0000;1;21695.0000;None;234300.0000
33625;2023-03-11 14:13:48.437000;7;1158;1;1;0.0000;1;21695.0000;None;234300.0000
33625;2023-03-11 14:13:48.437000;7;1011;1;1;0.0000;1;21695.0000;None;234300.0000
33625;2023-03-11 14:42:06.300000;8;102790;1;1;37800.0000;1;21695.0000;None;234300.0000
33625;2023-03-11 14:42:06.300000;8;103023;1;1;47800.0000;1;21695.0000;None;234300.0000
33625;2023-03-11 14:42:06.300000;7;1020;1;1;0.0000;1;21695.0000;None;234300.0000
33625;2023-03-11 15:05:29.673000;1;100939;1;1;20900.0000;1;21695.0000;None;234300.0000
33625;2023-03-11 15:05:29.673000;7;1011;1;1;0.0000;1;21695.0000;None;234300.0000
33625;2023-03-11 15:05:29.673000;3;201206;1;1;5800.0000;1;21695.0000;None;234300.0000
33626;2023-03-11 15:02:57.957000;8;103867;1;1;28800.0000;1;19093.0000;None;206200.0000
33626;2023-03-11 15:02:57.957000;8;104655;1;1;38800.0000;1;19093.0000;None;206200.0000
33626;2023-03-11 15:02:57.957000;7;1131;1;1;0.0000;1;19093.0000;None;206200.0000
33626;2023-03-11 15:02:57.957000;7;1131;1;1;0.0000;1;19093.0000;None;206200.0000
33626;2023-03-11 15:02:57.957000;2;200140;1;1;70800.0000;1;19093.0000;None;206200.0000
33626;2023-03-11 15:02:57.957000;7;2049;1;1;0.0000;1;19093.0000;None;206200.0000
33626;2023-03-11 15:02:57.957000;7;2049;1;1;0.0000;1;19093.0000;None;206200.0000
33626;2023-03-11 15:15:54.587000;8;103724;1;1;67800.0000;1;19093.0000;None;206200.0000
33628;2023-03-11 13:12:58.763000;1;101323;1;1;29800.0000;1;9944.0000;None;107400.0000
33628;2023-03-11 19:20:05.383000;8;104655;1;2;77600.0000;1;9944.0000;None;107400.0000
33628;2023-03-11 19:20:05.383000;7;1157;1;1;0.0000;1;9944.0000;None;107400.0000
33628;2023-03-11 19:20:05.383000;7;1157;1;1;0.0000;1;9944.0000;None;107400.0000
33629;2023-03-11 13:43:02.980000;3;102747;1;1;4800.0000;1;29871.0000;None;322600.0000
33629;2023-03-11 13:43:02.980000;7;2006;1;1;0.0000;1;29871.0000;None;322600.0000
33629;2023-03-11 13:43:02.980000;3;201312;1;1;4800.0000;1;29871.0000;None;322600.0000
33629;2023-03-11 13:43:02.980000;3;201312;1;1;4800.0000;1;29871.0000;None;322600.0000
33629;2023-03-11 13:43:02.980000;1;101050;1;1;49800.0000;1;29871.0000;None;322600.0000
33629;2023-03-11 13:43:02.980000;7;1006;1;1;0.0000;1;29871.0000;None;322600.0000
33629;2023-03-11 13:43:02.980000;1;106922;2;1;0.0000;1;29871.0000;None;322600.0000
33629;2023-03-11 13:43:02.980000;1;104766;1;1;16800.0000;1;29871.0000;None;322600.0000
33629;2023-03-11 13:43:02.980000;8;102052;1;1;62800.0000;1;29871.0000;None;322600.0000
33629;2023-03-11 13:43:02.980000;8;103690;1;1;41800.0000;1;29871.0000;None;322600.0000
33629;2023-03-11 13:43:02.980000;8;105752;1;1;0.0000;1;29871.0000;None;322600.0000
33629;2023-03-11 13:43:02.980000;8;103690;1;1;41800.0000;1;29871.0000;None;322600.0000
33629;2023-03-11 13:43:02.980000;8;105731;1;1;0.0000;1;29871.0000;None;322600.0000
33629;2023-03-11 14:04:25.087000;8;107525;1;1;59800.0000;1;29871.0000;None;322600.0000
33629;2023-03-11 14:04:25.087000;7;1158;1;1;0.0000;1;29871.0000;None;322600.0000
33629;2023-03-11 14:04:25.087000;7;1158;1;1;0.0000;1;29871.0000;None;322600.0000
33629;2023-03-11 14:27:40.843000;1;102535;1;1;19800.0000;1;29871.0000;None;322600.0000
33629;2023-03-11 14:31:38.783000;3;100607;1;1;6800.0000;1;29871.0000;None;322600.0000
33629;2023-03-11 14:49:30.823000;3;202570;1;1;8800.0000;1;29871.0000;None;322600.0000
33630;2023-03-11 15:18:03.117000;1;102458;1;1;19800.0000;1;29315.0000;None;316600.0000
33630;2023-03-11 15:18:03.133000;8;101996;1;1;15800.0000;1;29315.0000;None;316600.0000
33630;2023-03-11 15:18:03.133000;3;201269;1;1;5800.0000;1;29315.0000;None;316600.0000
33630;2023-03-11 15:18:03.133000;4;108191;1;1;0.0000;1;29315.0000;None;316600.0000
33630;2023-03-11 15:18:03.133000;3;102747;1;1;4800.0000;1;29315.0000;None;316600.0000
33630;2023-03-11 15:18:03.133000;2;200480;1;1;12800.0000;1;29315.0000;None;316600.0000
33630;2023-03-11 15:18:03.133000;4;108191;1;1;0.0000;1;29315.0000;None;316600.0000
33630;2023-03-11 15:18:03.133000;3;201312;1;1;4800.0000;1;29315.0000;None;316600.0000
33630;2023-03-11 15:32:46.757000;3;104446;1;1;5800.0000;1;29315.0000;None;316600.0000
33630;2023-03-11 15:35:33.873000;8;104655;1;1;38800.0000;1;29315.0000;None;316600.0000
33630;2023-03-11 15:35:33.873000;8;100953;1;1;44800.0000;1;29315.0000;None;316600.0000
33630;2023-03-11 15:35:33.873000;8;102691;1;1;77800.0000;1;29315.0000;None;316600.0000
33630;2023-03-11 15:35:33.873000;8;103867;1;1;28800.0000;1;29315.0000;None;316600.0000
33630;2023-03-11 15:35:33.873000;8;103028;1;1;56800.0000;1;29315.0000;None;316600.0000
33630;2023-03-11 15:35:33.873000;7;1213;1;1;0.0000;1;29315.0000;None;316600.0000
33631;2023-03-11 15:14:46.233000;2;201187;1;1;9800.0000;1;19241.0000;None;207800.0000
33631;2023-03-11 15:34:53.437000;2;200478;1;1;14800.0000;1;19241.0000;None;207800.0000
33631;2023-03-11 15:37:39.100000;1;109503;1;1;59800.0000;1;19241.0000;None;207800.0000
33631;2023-03-11 15:54:53.547000;8;103615;1;1;37800.0000;1;19241.0000;None;207800.0000
33631;2023-03-11 15:54:53.547000;7;1029;1;1;0.0000;1;19241.0000;None;207800.0000
33631;2023-03-11 15:54:53.547000;1;103376;1;1;45800.0000;1;19241.0000;None;207800.0000
33631;2023-03-11 15:54:53.547000;1;102395;1;1;39800.0000;1;19241.0000;None;207800.0000
33631;2023-03-11 15:54:53.547000;7;1020;1;1;0.0000;1;19241.0000;None;207800.0000
33631;2023-03-11 15:54:53.547000;7;1030;1;1;0.0000;1;19241.0000;None;207800.0000
33632;2023-03-11 15:43:24.533000;2;200478;1;1;14800.0000;1;20241.0000;None;218600.0000
33632;2023-03-11 15:43:24.533000;8;101996;1;1;15800.0000;1;20241.0000;None;218600.0000
33632;2023-03-11 15:43:55.173000;1;103695;1;1;79800.0000;1;20241.0000;None;218600.0000
33632;2023-03-11 15:43:55.173000;1;106922;2;1;0.0000;1;20241.0000;None;218600.0000
33632;2023-03-11 15:43:55.173000;1;106922;2;1;0.0000;1;20241.0000;None;218600.0000
33632;2023-03-11 15:43:55.173000;1;102142;1;1;9800.0000;1;20241.0000;None;218600.0000
33632;2023-03-11 15:43:55.173000;1;102923;1;1;68800.0000;1;20241.0000;None;218600.0000
33632;2023-03-11 15:43:55.173000;7;1020;1;1;0.0000;1;20241.0000;None;218600.0000
33632;2023-03-11 15:43:55.173000;7;1135;1;1;0.0000;1;20241.0000;None;218600.0000
33632;2023-03-11 15:46:09.683000;2;200478;1;1;14800.0000;1;20241.0000;None;218600.0000
33632;2023-03-11 16:25:51.407000;1;101195;1;1;14800.0000;1;20241.0000;None;218600.0000
33633;2023-03-11 16:27:44.780000;8;103867;1;1;28800.0000;1;13074.0000;None;141200.0000
33633;2023-03-11 16:27:44.780000;8;102692;1;1;34800.0000;1;13074.0000;None;141200.0000
33633;2023-03-11 16:27:44.780000;2;108124;1;1;41800.0000;1;13074.0000;None;141200.0000
33633;2023-03-11 16:27:44.780000;6;105446;1;1;0.0000;1;13074.0000;None;141200.0000
33633;2023-03-11 17:04:56.737000;8;101026;1;1;35800.0000;1;13074.0000;None;141200.0000
33634;2023-03-11 17:39:20.697000;1;103780;1;2;33600.0000;1;4574.0000;None;49400.0000
33634;2023-03-11 17:39:20.697000;3;201704;1;1;15800.0000;1;4574.0000;None;49400.0000
33634;2023-03-11 17:39:20.697000;7;2008;1;1;0.0000;1;4574.0000;None;49400.0000
33634;2023-03-11 17:39:20.697000;7;2008;1;1;0.0000;1;4574.0000;None;49400.0000
33634;2023-03-11 17:39:20.697000;7;2008;1;1;0.0000;1;4574.0000;None;49400.0000
33636;2023-03-11 19:20:26.317000;3;201312;1;1;4800.0000;1;18741.0000;None;202400.0000
33636;2023-03-11 19:20:26.317000;3;201312;1;1;4800.0000;1;18741.0000;None;202400.0000
33636;2023-03-11 19:20:26.317000;3;201206;1;1;5800.0000;1;18741.0000;None;202400.0000
33636;2023-03-11 19:20:26.317000;1;102924;1;2;37600.0000;1;18741.0000;None;202400.0000
33636;2023-03-11 19:21:15.307000;8;101026;1;1;35800.0000;1;18741.0000;None;202400.0000
33636;2023-03-11 19:21:15.307000;7;1078;1;1;0.0000;1;18741.0000;None;202400.0000
33636;2023-03-11 19:21:15.307000;8;102997;1;1;11800.0000;1;18741.0000;None;202400.0000
33636;2023-03-11 19:21:15.307000;7;1040;1;1;0.0000;1;18741.0000;None;202400.0000
33636;2023-03-11 19:21:15.307000;7;1001;1;1;0.0000;1;18741.0000;None;202400.0000
33636;2023-03-11 19:21:15.307000;8;104655;1;1;38800.0000;1;18741.0000;None;202400.0000
33636;2023-03-11 19:21:15.307000;7;1001;1;1;0.0000;1;18741.0000;None;202400.0000
33636;2023-03-11 19:21:15.307000;7;1137;1;1;0.0000;1;18741.0000;None;202400.0000
33636;2023-03-11 19:21:15.307000;1;109504;1;1;27800.0000;1;18741.0000;None;202400.0000
33636;2023-03-11 19:21:15.307000;7;1054;1;1;0.0000;1;18741.0000;None;202400.0000
33636;2023-03-11 19:21:15.307000;7;1245;1;1;0.0000;1;18741.0000;None;202400.0000
33636;2023-03-11 19:29:25.127000;7;1220;1;1;0.0000;1;18741.0000;None;202400.0000
33636;2023-03-11 20:03:07.100000;1;101195;1;1;14800.0000;1;18741.0000;None;202400.0000
33636;2023-03-11 20:05:09.617000;3;100607;1;3;20400.0000;1;18741.0000;None;202400.0000
33637;2023-03-11 19:41:46.433000;3;102747;1;1;4800.0000;1;50056.0000;None;540600.0000
33637;2023-03-11 19:41:46.433000;7;2042;1;1;0.0000;1;50056.0000;None;540600.0000
33637;2023-03-11 19:41:46.433000;3;102747;1;1;4800.0000;1;50056.0000;None;540600.0000
33637;2023-03-11 19:41:46.433000;3;102635;1;1;8800.0000;1;50056.0000;None;540600.0000
33637;2023-03-11 19:41:46.433000;3;102643;1;1;14800.0000;1;50056.0000;None;540600.0000
33637;2023-03-11 19:41:46.433000;3;102617;1;1;6200.0000;1;50056.0000;None;540600.0000
33637;2023-03-11 19:41:46.433000;8;100954;1;1;39800.0000;1;50056.0000;None;540600.0000
33637;2023-03-11 19:41:46.433000;8;103615;1;1;37800.0000;1;50056.0000;None;540600.0000
33637;2023-03-11 19:41:46.433000;8;104655;1;1;38800.0000;1;50056.0000;None;540600.0000
33637;2023-03-11 19:41:46.433000;7;1135;1;1;0.0000;1;50056.0000;None;540600.0000
33637;2023-03-11 20:10:13.483000;1;104256;1;1;28800.0000;1;50056.0000;None;540600.0000
33637;2023-03-11 20:10:13.483000;7;1187;1;1;0.0000;1;50056.0000;None;540600.0000
33637;2023-03-11 20:10:13.483000;1;102228;1;1;8800.0000;1;50056.0000;None;540600.0000
33637;2023-03-11 20:10:13.483000;7;1001;1;1;0.0000;1;50056.0000;None;540600.0000
33637;2023-03-11 20:10:13.483000;7;1040;1;1;0.0000;1;50056.0000;None;540600.0000
33637;2023-03-11 20:10:13.483000;1;102840;1;1;89800.0000;1;50056.0000;None;540600.0000
33637;2023-03-11 20:10:13.483000;1;102840;1;1;89800.0000;1;50056.0000;None;540600.0000
33637;2023-03-11 20:10:13.483000;7;1135;1;1;0.0000;1;50056.0000;None;540600.0000
33637;2023-03-11 20:10:13.483000;7;1187;1;1;0.0000;1;50056.0000;None;540600.0000
33637;2023-03-11 20:10:13.483000;7;1187;1;1;0.0000;1;50056.0000;None;540600.0000
33637;2023-03-11 20:10:13.483000;1;102927;1;1;66800.0000;1;50056.0000;None;540600.0000
33637;2023-03-11 20:10:13.483000;6;101546;1;1;0.0000;1;50056.0000;None;540600.0000
33637;2023-03-11 20:10:13.483000;6;105090;1;1;0.0000;1;50056.0000;None;540600.0000
33637;2023-03-11 20:10:13.483000;6;105509;1;1;0.0000;1;50056.0000;None;540600.0000
33637;2023-03-11 20:10:13.483000;1;109511;1;1;46800.0000;1;50056.0000;None;540600.0000
33637;2023-03-11 20:10:13.483000;7;1158;1;1;0.0000;1;50056.0000;None;540600.0000
33637;2023-03-11 20:10:13.483000;7;1158;1;1;0.0000;1;50056.0000;None;540600.0000
33637;2023-03-11 20:10:13.483000;7;1020;1;1;0.0000;1;50056.0000;None;540600.0000
33637;2023-03-11 20:10:13.483000;7;1158;1;1;0.0000;1;50056.0000;None;540600.0000
33637;2023-03-11 20:10:13.483000;7;1020;1;1;0.0000;1;50056.0000;None;540600.0000
33637;2023-03-11 20:10:13.483000;7;1020;1;1;0.0000;1;50056.0000;None;540600.0000
33637;2023-03-11 20:11:26.477000;1;103780;1;1;16800.0000;1;50056.0000;None;540600.0000
33637;2023-03-11 20:11:26.477000;1;103780;1;1;16800.0000;1;50056.0000;None;540600.0000
33637;2023-03-11 20:51:23.797000;3;102747;1;1;4800.0000;1;50056.0000;None;540600.0000
33637;2023-03-11 20:51:23.797000;7;2042;1;1;0.0000;1;50056.0000;None;540600.0000
33637;2023-03-11 20:51:23.797000;3;200007;1;1;12800.0000;1;50056.0000;None;540600.0000
33637;2023-03-11 21:10:31.350000;1;103780;1;-1;-16800.0000;1;50056.0000;None;540600.0000
33637;2023-03-11 21:10:47.443000;1;101891;1;1;16800.0000;1;50056.0000;None;540600.0000
33637;2023-03-11 21:10:47.443000;1;101088;1;1;2800.0000;1;50056.0000;None;540600.0000
33638;2023-03-11 19:52:43.327000;3;201312;1;1;4800.0000;1;12037.0000;None;130000.0000
33638;2023-03-11 20:01:41.837000;8;103023;1;1;47800.0000;1;12037.0000;None;130000.0000
33638;2023-03-11 20:01:41.837000;2;201187;1;1;9800.0000;1;12037.0000;None;130000.0000
33638;2023-03-11 20:01:41.837000;4;108191;1;1;0.0000;1;12037.0000;None;130000.0000
33638;2023-03-11 20:05:42.040000;8;102797;1;1;56800.0000;1;12037.0000;None;130000.0000
33638;2023-03-11 20:08:14.670000;3;201277;1;1;5800.0000;1;12037.0000;None;130000.0000
33638;2023-03-11 20:08:14.670000;2;201187;1;1;9800.0000;1;12037.0000;None;130000.0000
33638;2023-03-11 20:08:57.310000;3;201312;1;-1;-4800.0000;1;12037.0000;None;130000.0000
33638;2023-03-11 20:08:57.310000;7;2042;1;-1;0.0000;1;12037.0000;None;130000.0000
33638;2023-03-11 20:08:57.310000;7;2045;1;-1;0.0000;1;12037.0000;None;130000.0000
33638;2023-03-11 20:08:57.310000;7;2042;1;-1;0.0000;1;12037.0000;None;130000.0000
33639;2023-03-11 19:59:35.773000;8;102797;1;1;56800.0000;1;14000.0000;None;151200.0000
33639;2023-03-11 19:59:35.773000;8;103867;1;1;28800.0000;1;14000.0000;None;151200.0000
33639;2023-03-11 19:59:35.773000;7;1157;1;1;0.0000;1;14000.0000;None;151200.0000
33639;2023-03-11 19:59:35.773000;7;1157;1;1;0.0000;1;14000.0000;None;151200.0000
33639;2023-03-11 20:31:10.023000;2;105805;1;1;32800.0000;1;14000.0000;None;151200.0000
33639;2023-03-11 20:42:37.930000;2;105805;1;1;32800.0000;1;14000.0000;None;151200.0000
33639;2023-03-11 20:42:37.930000;7;1207;1;1;0.0000;1;14000.0000;None;151200.0000
33640;2023-03-11 20:07:19.717000;1;102925;1;1;12800.0000;1;24333.0000;None;262800.0000
33640;2023-03-11 20:07:19.717000;1;102925;1;1;12800.0000;1;24333.0000;None;262800.0000
33640;2023-03-11 20:07:19.717000;1;102455;1;1;37800.0000;1;24333.0000;None;262800.0000
33640;2023-03-11 20:07:19.717000;2;200478;1;1;14800.0000;1;24333.0000;None;262800.0000
33640;2023-03-11 20:07:19.717000;2;200478;1;1;14800.0000;1;24333.0000;None;262800.0000
33640;2023-03-11 20:18:34.480000;1;103940;1;1;59800.0000;1;24333.0000;None;262800.0000
33640;2023-03-11 20:18:34.480000;8;105424;1;1;75800.0000;1;24333.0000;None;262800.0000
33640;2023-03-11 20:31:39.227000;3;201269;1;1;5800.0000;1;24333.0000;None;262800.0000
33640;2023-03-11 21:01:30.223000;1;109317;1;1;16800.0000;1;24333.0000;None;262800.0000
33640;2023-03-11 21:01:30.223000;3;100614;1;1;5800.0000;1;24333.0000;None;262800.0000
33640;2023-03-11 21:01:30.223000;7;1207;1;1;0.0000;1;24333.0000;None;262800.0000
33640;2023-03-11 21:01:30.223000;3;100614;1;1;5800.0000;1;24333.0000;None;262800.0000
33641;2023-03-11 20:50:03.660000;8;104655;1;3;116400.0000;1;None;None;257180.0000
33641;2023-03-11 20:50:03.660000;8;103746;1;2;79600.0000;1;None;None;257180.0000
33641;2023-03-11 20:50:03.660000;8;103615;1;1;37800.0000;1;None;None;257180.0000
33641;2023-03-11 20:50:03.660000;7;1157;1;1;0.0000;1;None;None;257180.0000
33641;2023-03-11 20:50:03.660000;7;1157;1;1;0.0000;1;None;None;257180.0000
33641;2023-03-11 20:55:41.560000;9;802020;1;1;23380.0000;1;None;None;257180.0000
33642;2023-03-11 20:55:47.823000;2;105805;1;1;32800.0000;1;3037.0000;None;32800.0000
33643;2023-03-11 21:05:15.450000;8;106491;1;1;55800.0000;1;18945.0000;None;204600.0000
33643;2023-03-11 21:05:15.450000;8;103539;1;1;32800.0000;1;18945.0000;None;204600.0000
33643;2023-03-11 21:05:15.450000;7;1158;1;1;0.0000;1;18945.0000;None;204600.0000
33643;2023-03-11 21:05:15.450000;7;1158;1;1;0.0000;1;18945.0000;None;204600.0000
33643;2023-03-11 21:05:15.450000;2;201615;1;1;14800.0000;1;18945.0000;None;204600.0000
33643;2023-03-11 21:05:15.450000;2;201615;1;1;14800.0000;1;18945.0000;None;204600.0000
33643;2023-03-11 21:35:45.527000;2;201615;1;1;14800.0000;1;18945.0000;None;204600.0000
33643;2023-03-11 21:35:45.527000;2;201615;1;1;14800.0000;1;18945.0000;None;204600.0000
33643;2023-03-11 21:35:45.527000;8;103028;1;1;56800.0000;1;18945.0000;None;204600.0000
33643;2023-03-11 21:35:45.527000;7;1011;1;1;0.0000;1;18945.0000;None;204600.0000
33644;2023-03-11 21:18:54.947000;8;102920;1;1;42800.0000;1;10667.0000;None;115200.0000
33644;2023-03-11 21:18:54.947000;8;103867;1;1;28800.0000;1;10667.0000;None;115200.0000
33644;2023-03-11 21:18:54.947000;8;103867;1;1;28800.0000;1;10667.0000;None;115200.0000
33644;2023-03-11 21:18:54.947000;7;1158;1;1;0.0000;1;10667.0000;None;115200.0000
33644;2023-03-11 21:18:54.947000;7;1158;1;1;0.0000;1;10667.0000;None;115200.0000
33644;2023-03-11 21:18:54.947000;3;102643;1;1;14800.0000;1;10667.0000;None;115200.0000
33645;2023-03-11 21:22:14.353000;3;201269;1;1;5800.0000;1;20907.0000;None;225800.0000
33645;2023-03-11 21:22:14.353000;3;201237;1;1;5800.0000;1;20907.0000;None;225800.0000
33645;2023-03-11 21:22:14.353000;3;201206;1;1;5800.0000;1;20907.0000;None;225800.0000
33645;2023-03-11 21:22:14.353000;1;104215;1;1;18800.0000;1;20907.0000;None;225800.0000
33645;2023-03-11 21:24:37.567000;8;101026;1;1;35800.0000;1;20907.0000;None;225800.0000
33645;2023-03-11 21:24:37.567000;8;101026;1;1;35800.0000;1;20907.0000;None;225800.0000
33645;2023-03-11 21:24:37.567000;7;1213;1;1;0.0000;1;20907.0000;None;225800.0000
33645;2023-03-11 21:24:37.567000;8;103615;1;1;37800.0000;1;20907.0000;None;225800.0000
33645;2023-03-11 21:24:37.567000;7;1213;1;1;0.0000;1;20907.0000;None;225800.0000
33645;2023-03-11 21:24:37.567000;8;100953;1;1;44800.0000;1;20907.0000;None;225800.0000
33645;2023-03-11 21:24:37.567000;7;1020;1;1;0.0000;1;20907.0000;None;225800.0000
33645;2023-03-11 21:24:37.567000;7;1020;1;1;0.0000;1;20907.0000;None;225800.0000
33645;2023-03-11 21:24:37.567000;7;1020;1;1;0.0000;1;20907.0000;None;225800.0000
33645;2023-03-11 21:24:37.567000;7;1158;1;1;0.0000;1;20907.0000;None;225800.0000
33645;2023-03-11 21:24:37.567000;7;1158;1;1;0.0000;1;20907.0000;None;225800.0000
33645;2023-03-11 21:24:37.567000;1;104215;1;1;18800.0000;1;20907.0000;None;225800.0000
33645;2023-03-11 21:24:37.567000;7;1030;1;1;0.0000;1;20907.0000;None;225800.0000
33645;2023-03-11 21:24:37.567000;7;1030;1;1;0.0000;1;20907.0000;None;225800.0000
33645;2023-03-11 22:12:05.777000;3;100606;1;1;6800.0000;1;20907.0000;None;225800.0000
33645;2023-03-11 22:12:05.777000;3;102102;1;1;9800.0000;1;20907.0000;None;225800.0000
33646;2023-03-11 22:13:39.103000;2;108101;1;1;36800.0000;1;6074.0000;None;65600.0000
33646;2023-03-11 22:13:39.103000;8;103867;1;1;28800.0000;1;6074.0000;None;65600.0000
