1840;2023-03-12 12:21:53.200000;8;104938;1;1;41800.0000;1;45945.0000;None;496200.0000
1840;2023-03-12 12:21:53.200000;8;104938;1;1;41800.0000;1;45945.0000;None;496200.0000
1840;2023-03-12 12:21:53.200000;8;100953;1;1;44800.0000;1;45945.0000;None;496200.0000
1840;2023-03-12 12:21:53.200000;8;100953;1;1;44800.0000;1;45945.0000;None;496200.0000
1840;2023-03-12 12:21:53.200000;8;103867;1;1;28800.0000;1;45945.0000;None;496200.0000
1840;2023-03-12 12:21:53.200000;7;1158;1;1;0.0000;1;45945.0000;None;496200.0000
1840;2023-03-12 12:21:53.200000;7;1011;1;1;0.0000;1;45945.0000;None;496200.0000
1840;2023-03-12 12:21:53.200000;1;102973;1;1;109800.0000;1;45945.0000;None;496200.0000
1840;2023-03-12 12:21:53.200000;1;106922;1;1;0.0000;1;45945.0000;None;496200.0000
1840;2023-03-12 12:21:53.200000;1;106922;2;1;0.0000;1;45945.0000;None;496200.0000
1840;2023-03-12 12:21:53.200000;1;102927;1;1;66800.0000;1;45945.0000;None;496200.0000
1840;2023-03-12 12:21:53.200000;6;101546;1;1;0.0000;1;45945.0000;None;496200.0000
1840;2023-03-12 12:21:53.200000;6;105090;1;1;0.0000;1;45945.0000;None;496200.0000
1840;2023-03-12 12:21:53.200000;6;105509;1;1;0.0000;1;45945.0000;None;496200.0000
1840;2023-03-12 12:21:53.200000;7;1011;1;1;0.0000;1;45945.0000;None;496200.0000
1840;2023-03-12 12:21:53.200000;7;1020;1;1;0.0000;1;45945.0000;None;496200.0000
1840;2023-03-12 12:21:53.200000;7;1158;1;1;0.0000;1;45945.0000;None;496200.0000
1840;2023-03-12 12:21:53.200000;3;102635;1;1;8800.0000;1;45945.0000;None;496200.0000
1840;2023-03-12 12:21:53.200000;7;2012;1;1;0.0000;1;45945.0000;None;496200.0000
1840;2023-03-12 12:21:53.200000;3;201269;1;1;5800.0000;1;45945.0000;None;496200.0000
1840;2023-03-12 12:21:53.200000;3;201312;1;1;4800.0000;1;45945.0000;None;496200.0000
1840;2023-03-12 12:21:53.200000;3;201277;1;1;5800.0000;1;45945.0000;None;496200.0000
1840;2023-03-12 12:21:53.200000;3;201237;1;1;5800.0000;1;45945.0000;None;496200.0000
1840;2023-03-12 12:23:12.187000;1;103814;1;1;77800.0000;1;45945.0000;None;496200.0000
1840;2023-03-12 12:23:12.187000;1;106922;1;1;0.0000;1;45945.0000;None;496200.0000
1840;2023-03-12 12:23:12.187000;1;106922;2;1;0.0000;1;45945.0000;None;496200.0000
1840;2023-03-12 12:23:12.187000;1;102228;1;1;8800.0000;1;45945.0000;None;496200.0000
1840;2023-03-12 12:23:12.187000;7;1001;1;1;0.0000;1;45945.0000;None;496200.0000
1840;2023-03-12 12:23:12.187000;7;1045;1;1;0.0000;1;45945.0000;None;496200.0000
1841;2023-03-12 13:06:11.903000;3;201269;1;1;5800.0000;1;27741.0000;None;299600.0000
1841;2023-03-12 13:06:11.903000;6;105636;1;1;0.0000;1;27741.0000;None;299600.0000
1841;2023-03-12 13:10:08.013000;3;201146;1;1;5800.0000;1;27741.0000;None;299600.0000
1841;2023-03-12 13:10:08.013000;3;201146;1;1;5800.0000;1;27741.0000;None;299600.0000
1841;2023-03-12 13:10:08.013000;7;2042;1;2;0.0000;1;27741.0000;None;299600.0000
1841;2023-03-12 13:13:39.377000;1;103747;1;1;58800.0000;1;27741.0000;None;299600.0000
1841;2023-03-12 13:13:39.377000;1;107168;1;1;34800.0000;1;27741.0000;None;299600.0000
1841;2023-03-12 13:13:39.377000;1;102459;1;1;18800.0000;1;27741.0000;None;299600.0000
1841;2023-03-12 13:38:18.507000;1;102925;1;1;12800.0000;1;27741.0000;None;299600.0000
1841;2023-03-12 13:38:18.507000;7;1158;1;1;0.0000;1;27741.0000;None;299600.0000
1841;2023-03-12 13:38:58.140000;8;101953;1;1;43800.0000;1;27741.0000;None;299600.0000
1841;2023-03-12 13:38:58.140000;8;102340;1;1;33800.0000;1;27741.0000;None;299600.0000
1841;2023-03-12 13:38:58.140000;8;100953;1;1;44800.0000;1;27741.0000;None;299600.0000
1841;2023-03-12 13:38:58.140000;1;102743;1;1;28800.0000;1;27741.0000;None;299600.0000
1841;2023-03-12 13:41:50.197000;3;201146;1;1;5800.0000;1;27741.0000;None;299600.0000
1841;2023-03-12 13:41:50.197000;7;2042;1;1;0.0000;1;27741.0000;None;299600.0000
1842;2023-03-12 13:12:09.557000;3;102635;1;2;17600.0000;1;41315.0000;None;446200.0000
1842;2023-03-12 13:12:09.557000;3;102633;1;1;12800.0000;1;41315.0000;None;446200.0000
1842;2023-03-12 13:12:09.557000;3;102633;1;1;12800.0000;1;41315.0000;None;446200.0000
1842;2023-03-12 13:20:09.790000;8;102052;1;1;62800.0000;1;41315.0000;None;446200.0000
1842;2023-03-12 13:20:09.790000;1;102447;1;1;16800.0000;1;41315.0000;None;446200.0000
1842;2023-03-12 13:22:30.930000;8;108519;1;1;42800.0000;1;41315.0000;None;446200.0000
1842;2023-03-12 13:22:30.930000;8;104655;1;1;38800.0000;1;41315.0000;None;446200.0000
1842;2023-03-12 13:22:30.930000;8;103615;1;1;37800.0000;1;41315.0000;None;446200.0000
1842;2023-03-12 13:23:45.653000;8;108517;1;1;59800.0000;1;41315.0000;None;446200.0000
1842;2023-03-12 13:23:45.653000;7;1044;1;1;0.0000;1;41315.0000;None;446200.0000
1842;2023-03-12 13:23:45.653000;7;1044;1;1;0.0000;1;41315.0000;None;446200.0000
1842;2023-03-12 13:23:45.653000;7;1044;1;1;0.0000;1;41315.0000;None;446200.0000
1842;2023-03-12 13:23:45.653000;8;102823;1;1;63800.0000;1;41315.0000;None;446200.0000
1842;2023-03-12 13:23:45.653000;7;1213;1;1;0.0000;1;41315.0000;None;446200.0000
1842;2023-03-12 13:23:45.653000;7;1044;1;1;0.0000;1;41315.0000;None;446200.0000
1842;2023-03-12 13:23:45.653000;7;1044;1;1;0.0000;1;41315.0000;None;446200.0000
1842;2023-03-12 13:23:45.653000;7;1044;1;1;0.0000;1;41315.0000;None;446200.0000
1842;2023-03-12 13:25:52.783000;1;103057;1;1;58800.0000;1;41315.0000;None;446200.0000
1842;2023-03-12 13:25:52.783000;1;105010;1;1;0.0000;1;41315.0000;None;446200.0000
1842;2023-03-12 13:25:52.783000;1;105010;2;1;0.0000;1;41315.0000;None;446200.0000
1842;2023-03-12 13:25:52.783000;7;1011;1;1;0.0000;1;41315.0000;None;446200.0000
1842;2023-03-12 13:25:52.783000;7;1030;1;1;0.0000;1;41315.0000;None;446200.0000
1842;2023-03-12 13:33:29.550000;3;102635;1;1;8800.0000;1;41315.0000;None;446200.0000
1842;2023-03-12 13:33:29.550000;7;2042;1;1;0.0000;1;41315.0000;None;446200.0000
1842;2023-03-12 13:35:35.903000;3;102633;1;1;12800.0000;1;41315.0000;None;446200.0000
1843;2023-03-12 13:24:45.977000;8;107525;1;1;59800.0000;1;33926.0000;None;366400.0000
1843;2023-03-12 13:25:20.790000;3;201312;1;1;4800.0000;1;33926.0000;None;366400.0000
1843;2023-03-12 13:25:20.790000;3;102619;1;1;7800.0000;1;33926.0000;None;366400.0000
1843;2023-03-12 13:28:57.987000;8;100954;1;1;39800.0000;1;33926.0000;None;366400.0000
1843;2023-03-12 13:28:57.987000;7;1045;1;1;0.0000;1;33926.0000;None;366400.0000
1843;2023-03-12 13:28:57.987000;7;1045;1;1;0.0000;1;33926.0000;None;366400.0000
1843;2023-03-12 13:28:57.987000;7;1045;1;1;0.0000;1;33926.0000;None;366400.0000
1843;2023-03-12 13:28:57.987000;2;201187;1;1;9800.0000;1;33926.0000;None;366400.0000
1843;2023-03-12 13:32:03.007000;1;101051;1;1;49800.0000;1;33926.0000;None;366400.0000
1843;2023-03-12 13:32:03.007000;7;1135;1;1;0.0000;1;33926.0000;None;366400.0000
1843;2023-03-12 13:32:03.007000;7;1030;1;1;0.0000;1;33926.0000;None;366400.0000
1843;2023-03-12 13:48:11.820000;8;104711;1;1;189800.0000;1;33926.0000;None;366400.0000
1843;2023-03-12 13:48:11.820000;8;106237;1;1;0.0000;1;33926.0000;None;366400.0000
1843;2023-03-12 13:48:11.820000;8;102983;1;1;0.0000;1;33926.0000;None;366400.0000
1843;2023-03-12 13:48:11.820000;8;106860;1;1;0.0000;1;33926.0000;None;366400.0000
1843;2023-03-12 13:48:11.820000;8;102991;1;1;0.0000;1;33926.0000;None;366400.0000
1843;2023-03-12 13:48:11.820000;8;102597;1;1;0.0000;1;33926.0000;None;366400.0000
1843;2023-03-12 13:48:11.820000;8;100513;1;1;0.0000;1;33926.0000;None;366400.0000
1843;2023-03-12 13:48:11.820000;8;105447;1;1;0.0000;1;33926.0000;None;366400.0000
1843;2023-03-12 13:48:11.820000;8;105728;1;1;0.0000;1;33926.0000;None;366400.0000
1843;2023-03-12 13:48:11.820000;8;103014;1;1;0.0000;1;33926.0000;None;366400.0000
1843;2023-03-12 13:48:11.820000;7;1131;1;1;0.0000;1;33926.0000;None;366400.0000
1843;2023-03-12 13:48:11.820000;7;1131;1;1;0.0000;1;33926.0000;None;366400.0000
1843;2023-03-12 13:53:57.307000;3;201312;1;1;4800.0000;1;33926.0000;None;366400.0000
1844;2023-03-12 13:45:49.313000;3;200007;1;1;12800.0000;1;17019.0000;None;183800.0000
1844;2023-03-12 13:45:49.313000;6;105636;1;1;0.0000;1;17019.0000;None;183800.0000
1844;2023-03-12 13:45:49.313000;3;201312;1;1;4800.0000;1;17019.0000;None;183800.0000
1844;2023-03-12 13:45:49.313000;8;103591;1;1;28800.0000;1;17019.0000;None;183800.0000
1844;2023-03-12 13:45:49.313000;7;1158;1;1;0.0000;1;17019.0000;None;183800.0000
1844;2023-03-12 13:45:49.313000;8;104655;1;1;38800.0000;1;17019.0000;None;183800.0000
1844;2023-03-12 13:45:49.313000;8;102800;1;1;69800.0000;1;17019.0000;None;183800.0000
1844;2023-03-12 13:45:49.313000;1;109501;1;1;28800.0000;1;17019.0000;None;183800.0000
1844;2023-03-12 13:45:49.313000;7;1011;1;1;0.0000;1;17019.0000;None;183800.0000
1845;2023-03-12 14:04:11.410000;3;202570;1;1;8800.0000;1;22056.0000;None;238200.0000
1845;2023-03-12 14:07:22.423000;3;102619;1;1;7800.0000;1;22056.0000;None;238200.0000
1845;2023-03-12 14:07:22.423000;3;102633;1;1;12800.0000;1;22056.0000;None;238200.0000
1845;2023-03-12 14:07:22.423000;2;107567;1;1;22800.0000;1;22056.0000;None;238200.0000
1845;2023-03-12 14:07:22.423000;8;103023;1;1;47800.0000;1;22056.0000;None;238200.0000
1845;2023-03-12 14:07:22.423000;8;103539;1;1;32800.0000;1;22056.0000;None;238200.0000
1845;2023-03-12 14:07:22.423000;1;102458;1;1;19800.0000;1;22056.0000;None;238200.0000
1845;2023-03-12 14:07:22.423000;7;1158;1;1;0.0000;1;22056.0000;None;238200.0000
1845;2023-03-12 14:07:22.423000;7;1011;1;1;0.0000;1;22056.0000;None;238200.0000
1845;2023-03-12 14:29:10.133000;1;101051;1;1;49800.0000;1;22056.0000;None;238200.0000
1845;2023-03-12 14:29:10.133000;7;1011;1;1;0.0000;1;22056.0000;None;238200.0000
1845;2023-03-12 14:29:10.133000;1;101318;1;1;35800.0000;1;22056.0000;None;238200.0000
1845;2023-03-12 14:29:10.133000;7;1158;1;1;0.0000;1;22056.0000;None;238200.0000
1845;2023-03-12 14:29:10.133000;7;1011;1;1;0.0000;1;22056.0000;None;238200.0000
1845;2023-03-12 14:29:10.133000;7;1011;1;1;0.0000;1;22056.0000;None;238200.0000
1846;2023-03-12 14:08:32.873000;3;201206;1;1;5800.0000;1;11963.0000;None;129200.0000
1846;2023-03-12 14:08:32.873000;3;202570;1;1;8800.0000;1;11963.0000;None;129200.0000
1846;2023-03-12 14:08:32.873000;6;105636;1;1;0.0000;1;11963.0000;None;129200.0000
1846;2023-03-12 14:14:42.877000;8;103023;1;1;47800.0000;1;11963.0000;None;129200.0000
1846;2023-03-12 14:14:42.877000;1;102927;1;1;66800.0000;1;11963.0000;None;129200.0000
1846;2023-03-12 14:14:42.877000;6;101546;1;1;0.0000;1;11963.0000;None;129200.0000
1846;2023-03-12 14:14:42.877000;6;105090;1;1;0.0000;1;11963.0000;None;129200.0000
1846;2023-03-12 14:14:42.877000;6;105509;1;1;0.0000;1;11963.0000;None;129200.0000
1846;2023-03-12 14:14:42.877000;7;1011;1;1;0.0000;1;11963.0000;None;129200.0000
1848;2023-03-12 14:21:13.203000;3;102747;1;1;4800.0000;1;7741.0000;None;83600.0000
1848;2023-03-12 14:21:13.203000;7;2072;1;1;0.0000;1;7741.0000;None;83600.0000
1848;2023-03-12 14:21:13.203000;1;103519;1;1;78800.0000;1;7741.0000;None;83600.0000
1848;2023-03-12 14:21:13.203000;1;105010;2;1;0.0000;1;7741.0000;None;83600.0000
1848;2023-03-12 14:21:13.203000;1;105010;2;1;0.0000;1;7741.0000;None;83600.0000
1849;2023-03-12 14:36:49.673000;8;101996;1;1;15800.0000;1;51648.0000;None;557800.0000
1849;2023-03-12 14:36:49.673000;7;1135;1;1;0.0000;1;51648.0000;None;557800.0000
1849;2023-03-12 14:36:49.673000;8;104655;1;1;38800.0000;1;51648.0000;None;557800.0000
1849;2023-03-12 14:36:49.673000;8;104655;1;1;38800.0000;1;51648.0000;None;557800.0000
1849;2023-03-12 14:40:34.317000;3;102747;1;1;4800.0000;1;51648.0000;None;557800.0000
1849;2023-03-12 14:40:34.317000;7;2006;1;1;0.0000;1;51648.0000;None;557800.0000
1849;2023-03-12 14:40:34.317000;3;102643;1;1;14800.0000;1;51648.0000;None;557800.0000
1849;2023-03-12 14:40:34.317000;3;200007;1;1;12800.0000;1;51648.0000;None;557800.0000
1849;2023-03-12 14:40:34.317000;6;105636;1;1;0.0000;1;51648.0000;None;557800.0000
1849;2023-03-12 14:44:28.950000;8;101996;1;1;15800.0000;1;51648.0000;None;557800.0000
1849;2023-03-12 14:44:28.950000;7;1135;1;1;0.0000;1;51648.0000;None;557800.0000
1849;2023-03-12 15:05:46.407000;1;103813;1;1;59800.0000;1;51648.0000;None;557800.0000
1849;2023-03-12 15:05:46.407000;7;1002;1;1;0.0000;1;51648.0000;None;557800.0000
1849;2023-03-12 15:05:46.407000;7;1054;1;1;0.0000;1;51648.0000;None;557800.0000
1849;2023-03-12 15:05:46.407000;7;1045;1;1;0.0000;1;51648.0000;None;557800.0000
1849;2023-03-12 15:05:46.407000;7;1045;1;1;0.0000;1;51648.0000;None;557800.0000
1849;2023-03-12 15:05:46.407000;7;1045;1;1;0.0000;1;51648.0000;None;557800.0000
1849;2023-03-12 15:05:46.407000;1;105010;2;1;0.0000;1;51648.0000;None;557800.0000
1849;2023-03-12 15:05:46.407000;7;1014;1;1;0.0000;1;51648.0000;None;557800.0000
1849;2023-03-12 15:05:46.407000;1;102228;1;1;8800.0000;1;51648.0000;None;557800.0000
1849;2023-03-12 15:05:46.407000;7;1014;1;1;0.0000;1;51648.0000;None;557800.0000
1849;2023-03-12 15:05:46.407000;7;1014;1;1;0.0000;1;51648.0000;None;557800.0000
1849;2023-03-12 15:05:46.407000;1;101318;1;1;35800.0000;1;51648.0000;None;557800.0000
1849;2023-03-12 15:05:46.407000;1;103814;1;1;77800.0000;1;51648.0000;None;557800.0000
1849;2023-03-12 15:05:46.407000;7;1054;1;1;0.0000;1;51648.0000;None;557800.0000
1849;2023-03-12 15:05:46.407000;1;105010;1;1;0.0000;1;51648.0000;None;557800.0000
1849;2023-03-12 15:05:46.407000;1;105010;2;1;0.0000;1;51648.0000;None;557800.0000
1849;2023-03-12 15:05:46.407000;7;1020;1;1;0.0000;1;51648.0000;None;557800.0000
1849;2023-03-12 15:05:46.407000;7;1020;1;1;0.0000;1;51648.0000;None;557800.0000
1849;2023-03-12 15:05:46.407000;7;1020;1;1;0.0000;1;51648.0000;None;557800.0000
1849;2023-03-12 15:05:46.407000;7;1158;1;1;0.0000;1;51648.0000;None;557800.0000
1849;2023-03-12 15:05:46.407000;7;1158;1;1;0.0000;1;51648.0000;None;557800.0000
1849;2023-03-12 15:05:46.407000;7;1158;1;1;0.0000;1;51648.0000;None;557800.0000
1849;2023-03-12 15:07:53.547000;3;102635;1;1;8800.0000;1;51648.0000;None;557800.0000
1849;2023-03-12 15:07:53.547000;7;2042;1;1;0.0000;1;51648.0000;None;557800.0000
1849;2023-03-12 15:08:07.877000;1;102927;1;1;66800.0000;1;51648.0000;None;557800.0000
1849;2023-03-12 15:08:07.877000;6;101546;1;1;0.0000;1;51648.0000;None;557800.0000
1849;2023-03-12 15:08:07.877000;6;105509;1;1;0.0000;1;51648.0000;None;557800.0000
1849;2023-03-12 15:08:07.877000;6;101408;1;1;0.0000;1;51648.0000;None;557800.0000
1849;2023-03-12 15:08:07.877000;1;102927;1;1;66800.0000;1;51648.0000;None;557800.0000
1849;2023-03-12 15:08:07.877000;6;101546;1;1;0.0000;1;51648.0000;None;557800.0000
1849;2023-03-12 15:08:07.877000;6;105509;1;1;0.0000;1;51648.0000;None;557800.0000
1849;2023-03-12 15:08:07.877000;6;101408;1;1;0.0000;1;51648.0000;None;557800.0000
1849;2023-03-12 15:08:07.877000;7;1020;1;1;0.0000;1;51648.0000;None;557800.0000
1849;2023-03-12 15:36:30.050000;3;200007;1;1;12800.0000;1;51648.0000;None;557800.0000
1849;2023-03-12 15:36:30.050000;6;105636;1;1;0.0000;1;51648.0000;None;557800.0000
1849;2023-03-12 15:38:00.480000;3;102635;1;1;8800.0000;1;51648.0000;None;557800.0000
1849;2023-03-12 15:38:00.480000;7;2042;1;1;0.0000;1;51648.0000;None;557800.0000
1849;2023-03-12 15:53:29.553000;1;102535;1;1;19800.0000;1;51648.0000;None;557800.0000
1849;2023-03-12 15:53:29.553000;1;102535;1;1;19800.0000;1;51648.0000;None;557800.0000
1849;2023-03-12 15:53:29.553000;1;101891;1;1;16800.0000;1;51648.0000;None;557800.0000
1849;2023-03-12 15:53:29.553000;3;103912;1;1;7800.0000;1;51648.0000;None;557800.0000
1849;2023-03-12 15:53:29.553000;3;100614;1;1;5800.0000;1;51648.0000;None;557800.0000
1850;2023-03-12 14:40:10.360000;3;201206;1;1;5800.0000;1;12796.0000;None;138200.0000
1850;2023-03-12 14:40:10.360000;7;2045;1;1;0.0000;1;12796.0000;None;138200.0000
1850;2023-03-12 14:40:10.360000;7;1207;1;1;0.0000;1;12796.0000;None;138200.0000
1850;2023-03-12 14:40:10.360000;1;101318;1;1;35800.0000;1;12796.0000;None;138200.0000
1850;2023-03-12 14:40:10.360000;7;1158;1;1;0.0000;1;12796.0000;None;138200.0000
1850;2023-03-12 14:40:10.360000;7;1158;1;1;0.0000;1;12796.0000;None;138200.0000
1850;2023-03-12 14:40:10.360000;7;1011;1;1;0.0000;1;12796.0000;None;138200.0000
1850;2023-03-12 14:40:10.360000;8;103028;1;1;56800.0000;1;12796.0000;None;138200.0000
1850;2023-03-12 14:40:10.360000;8;107043;1;1;39800.0000;1;12796.0000;None;138200.0000
1850;2023-03-12 14:40:10.360000;7;1020;1;1;0.0000;1;12796.0000;None;138200.0000
1850;2023-03-12 14:40:10.360000;7;1020;1;1;0.0000;1;12796.0000;None;138200.0000
1850;2023-03-12 14:40:10.360000;7;1020;1;1;0.0000;1;12796.0000;None;138200.0000
1851;2023-03-12 14:43:00.763000;3;200007;1;1;12800.0000;1;14648.0000;None;158200.0000
1851;2023-03-12 14:43:00.763000;1;101270;1;1;0.0000;1;14648.0000;None;158200.0000
1851;2023-03-12 14:43:00.763000;7;2010;1;1;0.0000;1;14648.0000;None;158200.0000
1851;2023-03-12 14:44:58.587000;1;104180;1;1;84800.0000;1;14648.0000;None;158200.0000
1851;2023-03-12 14:44:58.587000;1;102447;1;1;16800.0000;1;14648.0000;None;158200.0000
1851;2023-03-12 15:03:38.900000;8;101953;1;1;43800.0000;1;14648.0000;None;158200.0000
1856;2023-03-12 15:03:18.293000;1;101322;1;1;24800.0000;1;20945.0000;None;226200.0000
1856;2023-03-12 15:03:18.293000;1;101322;1;1;24800.0000;1;20945.0000;None;226200.0000
1856;2023-03-12 15:03:18.293000;8;103544;1;1;25800.0000;1;20945.0000;None;226200.0000
1856;2023-03-12 15:03:18.293000;8;106077;1;1;32800.0000;1;20945.0000;None;226200.0000
1856;2023-03-12 15:03:18.293000;8;102997;1;1;11800.0000;1;20945.0000;None;226200.0000
1856;2023-03-12 15:03:18.293000;3;201704;1;1;15800.0000;1;20945.0000;None;226200.0000
1856;2023-03-12 15:34:30.993000;8;103544;1;1;25800.0000;1;20945.0000;None;226200.0000
1856;2023-03-12 15:34:30.993000;8;103544;1;1;25800.0000;1;20945.0000;None;226200.0000
1856;2023-03-12 15:34:30.993000;8;104655;1;1;38800.0000;1;20945.0000;None;226200.0000
1856;2023-03-12 15:34:30.993000;7;1011;1;1;0.0000;1;20945.0000;None;226200.0000
1857;2023-03-12 15:06:51.247000;3;104446;1;1;5800.0000;1;12148.0000;None;131200.0000
1857;2023-03-12 15:06:51.247000;3;102635;1;1;8800.0000;1;12148.0000;None;131200.0000
1857;2023-03-12 15:06:51.247000;1;102457;1;1;18800.0000;1;12148.0000;None;131200.0000
1857;2023-03-12 15:06:51.247000;7;1135;1;1;0.0000;1;12148.0000;None;131200.0000
1857;2023-03-12 15:06:51.247000;7;1029;1;1;0.0000;1;12148.0000;None;131200.0000
1857;2023-03-12 15:06:51.247000;7;1029;1;1;0.0000;1;12148.0000;None;131200.0000
1857;2023-03-12 15:06:51.247000;8;103867;1;1;28800.0000;1;12148.0000;None;131200.0000
1857;2023-03-12 15:06:51.247000;8;103615;1;1;37800.0000;1;12148.0000;None;131200.0000
1857;2023-03-12 15:06:51.247000;7;1020;1;1;0.0000;1;12148.0000;None;131200.0000
1857;2023-03-12 15:06:51.247000;7;1030;1;1;0.0000;1;12148.0000;None;131200.0000
1857;2023-03-12 15:06:51.247000;7;1030;1;1;0.0000;1;12148.0000;None;131200.0000
1857;2023-03-12 15:48:58.740000;1;104004;1;1;16800.0000;1;12148.0000;None;131200.0000
1857;2023-03-12 15:48:58.740000;1;101088;1;1;2800.0000;1;12148.0000;None;131200.0000
1857;2023-03-12 16:01:11.650000;3;100613;1;1;5800.0000;1;12148.0000;None;131200.0000
1857;2023-03-12 16:01:11.650000;3;100613;1;1;5800.0000;1;12148.0000;None;131200.0000
1858;2023-03-12 15:10:02.567000;3;104446;1;1;5800.0000;1;5685.0000;None;61400.0000
1858;2023-03-12 15:36:54.137000;8;104655;1;1;38800.0000;1;5685.0000;None;61400.0000
1858;2023-03-12 15:36:54.137000;1;105477;1;1;16800.0000;1;5685.0000;None;61400.0000
1858;2023-03-12 15:36:54.137000;7;1131;1;1;0.0000;1;5685.0000;None;61400.0000
1858;2023-03-12 15:36:54.137000;7;1131;1;1;0.0000;1;5685.0000;None;61400.0000
1858;2023-03-12 15:36:54.137000;7;1131;1;1;0.0000;1;5685.0000;None;61400.0000
1859;2023-03-12 15:23:26.467000;3;102643;1;1;14800.0000;1;17056.0000;None;184200.0000
1859;2023-03-12 15:23:26.467000;3;102643;1;1;14800.0000;1;17056.0000;None;184200.0000
1859;2023-03-12 15:23:26.467000;3;104446;1;1;5800.0000;1;17056.0000;None;184200.0000
1859;2023-03-12 15:23:26.467000;8;101992;1;1;31800.0000;1;17056.0000;None;184200.0000
1859;2023-03-12 15:23:26.467000;8;104938;1;1;41800.0000;1;17056.0000;None;184200.0000
1859;2023-03-12 15:23:26.467000;8;102692;1;1;34800.0000;1;17056.0000;None;184200.0000
1859;2023-03-12 15:23:26.467000;7;1011;1;1;0.0000;1;17056.0000;None;184200.0000
1859;2023-03-12 15:23:26.467000;7;1011;1;1;0.0000;1;17056.0000;None;184200.0000
1859;2023-03-12 16:00:10.213000;3;100614;1;1;5800.0000;1;17056.0000;None;184200.0000
1859;2023-03-12 16:00:10.213000;1;101891;1;1;16800.0000;1;17056.0000;None;184200.0000
1859;2023-03-12 16:00:10.213000;1;101425;1;1;17800.0000;1;17056.0000;None;184200.0000
1860;2023-03-12 15:40:18.247000;8;103867;1;1;28800.0000;1;10167.0000;None;109800.0000
1860;2023-03-12 15:40:18.247000;7;1213;1;1;0.0000;1;10167.0000;None;109800.0000
1860;2023-03-12 15:40:18.247000;1;101048;1;1;44800.0000;1;10167.0000;None;109800.0000
1860;2023-03-12 15:40:18.247000;1;101305;1;1;21800.0000;1;10167.0000;None;109800.0000
1860;2023-03-12 15:40:18.247000;7;1011;1;1;0.0000;1;10167.0000;None;109800.0000
1860;2023-03-12 15:40:18.247000;3;201277;1;1;5800.0000;1;10167.0000;None;109800.0000
1860;2023-03-12 15:40:18.247000;3;201312;1;1;4800.0000;1;10167.0000;None;109800.0000
1860;2023-03-12 15:50:55.283000;1;102319;1;1;3800.0000;1;10167.0000;None;109800.0000
1860;2023-03-12 15:50:55.283000;7;1131;1;1;0.0000;1;10167.0000;None;109800.0000
1862;2023-03-12 14:33:29.980000;3;200007;1;1;12800.0000;1;22148.0000;None;239200.0000
1862;2023-03-12 14:33:29.980000;6;105636;1;1;0.0000;1;22148.0000;None;239200.0000
1862;2023-03-12 15:57:23.323000;3;201312;1;1;4800.0000;1;22148.0000;None;239200.0000
1862;2023-03-12 16:02:27.567000;8;104655;1;1;38800.0000;1;22148.0000;None;239200.0000
1862;2023-03-12 16:02:27.567000;8;103165;1;1;34800.0000;1;22148.0000;None;239200.0000
1862;2023-03-12 16:02:27.567000;8;100953;1;1;44800.0000;1;22148.0000;None;239200.0000
1862;2023-03-12 16:02:27.567000;7;1158;1;1;0.0000;1;22148.0000;None;239200.0000
1862;2023-03-12 16:02:27.567000;7;1158;1;1;0.0000;1;22148.0000;None;239200.0000
1862;2023-03-12 16:02:27.567000;7;1158;1;1;0.0000;1;22148.0000;None;239200.0000
1862;2023-03-12 16:06:22.763000;1;105299;1;1;29800.0000;1;22148.0000;None;239200.0000
1862;2023-03-12 16:23:58.723000;2;102605;1;1;47800.0000;1;22148.0000;None;239200.0000
1862;2023-03-12 16:23:58.723000;7;2013;1;1;0.0000;1;22148.0000;None;239200.0000
1862;2023-03-12 16:50:12.163000;3;100614;1;1;5800.0000;1;22148.0000;None;239200.0000
1862;2023-03-12 16:50:12.163000;1;102535;1;1;19800.0000;1;22148.0000;None;239200.0000
11907;2023-03-12 10:51:29.220000;1;101927;1;1;129800.0000;1;None;None;231440.0000
11907;2023-03-12 10:51:29.220000;7;1157;1;1;0.0000;1;None;None;231440.0000
11907;2023-03-12 10:51:29.220000;7;1135;1;1;0.0000;1;None;None;231440.0000
11907;2023-03-12 10:51:29.220000;8;103615;1;1;37800.0000;1;None;None;231440.0000
11907;2023-03-12 10:51:29.220000;8;102920;1;1;42800.0000;1;None;None;231440.0000
11907;2023-03-12 10:51:29.220000;7;1157;1;1;0.0000;1;None;None;231440.0000
11907;2023-03-12 10:51:29.220000;7;1157;1;1;0.0000;1;None;None;231440.0000
11907;2023-03-12 10:51:29.220000;7;1213;1;1;0.0000;1;None;None;231440.0000
11907;2023-03-12 10:51:29.220000;9;802020;1;1;21040.0000;1;None;None;231440.0000
11908;2023-03-12 10:56:31.420000;1;103074;1;1;37800.0000;1;None;None;84260.0000
11908;2023-03-12 10:56:31.420000;7;1135;1;1;0.0000;1;None;None;84260.0000
11908;2023-03-12 10:56:31.420000;7;1135;1;1;0.0000;1;None;None;84260.0000
11908;2023-03-12 10:56:31.420000;7;1157;1;1;0.0000;1;None;None;84260.0000
11908;2023-03-12 10:56:31.420000;8;104655;1;1;38800.0000;1;None;None;84260.0000
11908;2023-03-12 10:56:31.420000;7;1157;1;1;0.0000;1;None;None;84260.0000
11908;2023-03-12 10:56:31.420000;9;802020;1;1;7660.0000;1;None;None;84260.0000
11910;2023-03-12 11:01:48.697000;1;101929;1;2;33600.0000;1;None;None;418660.0000
11910;2023-03-12 11:01:48.697000;1;104215;1;1;18800.0000;1;None;None;418660.0000
11910;2023-03-12 11:01:48.697000;1;101323;1;2;59600.0000;1;None;None;418660.0000
11910;2023-03-12 11:01:48.697000;1;104766;1;3;50400.0000;1;None;None;418660.0000
11910;2023-03-12 11:01:48.697000;8;100925;1;1;41900.0000;1;None;None;418660.0000
11910;2023-03-12 11:01:48.697000;8;100884;1;1;48900.0000;1;None;None;418660.0000
11910;2023-03-12 11:01:48.697000;8;102992;1;2;85600.0000;1;None;None;418660.0000
11910;2023-03-12 11:01:48.697000;8;103690;1;1;41800.0000;1;None;None;418660.0000
11910;2023-03-12 11:01:48.697000;9;802020;1;1;38060.0000;1;None;None;418660.0000
11911;2023-03-12 11:48:30.847000;1;100942;1;1;37350.0000;1;None;None;76945.0000
11911;2023-03-12 11:48:30.847000;7;1157;1;1;0.0000;1;None;None;76945.0000
11911;2023-03-12 11:48:30.847000;1;101929;1;1;16800.0000;1;None;None;76945.0000
11911;2023-03-12 11:48:30.847000;1;103612;1;1;15800.0000;1;None;None;76945.0000
11911;2023-03-12 11:48:30.847000;7;1157;1;1;0.0000;1;None;None;76945.0000
11911;2023-03-12 11:48:30.847000;7;1157;1;1;0.0000;1;None;None;76945.0000
11911;2023-03-12 11:48:30.847000;9;802020;1;1;6995.0000;1;None;None;76945.0000
11912;2023-03-12 11:49:29.207000;8;106077;1;2;65600.0000;1;None;None;82720.0000
11912;2023-03-12 11:49:29.207000;7;1213;1;1;0.0000;1;None;None;82720.0000
11912;2023-03-12 11:49:29.207000;7;1213;1;1;0.0000;1;None;None;82720.0000
11912;2023-03-12 11:49:29.207000;3;201221;1;2;9600.0000;1;None;None;82720.0000
11912;2023-03-12 11:49:29.207000;9;802020;1;1;7520.0000;1;None;None;82720.0000
11913;2023-03-12 12:04:52.060000;8;100990;1;2;151600.0000;1;None;None;198440.0000
11913;2023-03-12 12:04:52.060000;7;1157;1;1;0.0000;1;None;None;198440.0000
11913;2023-03-12 12:04:52.060000;7;1157;1;1;0.0000;1;None;None;198440.0000
11913;2023-03-12 12:04:52.060000;1;103815;1;1;28800.0000;1;None;None;198440.0000
11913;2023-03-12 12:04:52.060000;7;1157;1;1;0.0000;1;None;None;198440.0000
11913;2023-03-12 12:04:52.060000;7;1157;1;1;0.0000;1;None;None;198440.0000
11913;2023-03-12 12:04:52.060000;9;802020;1;1;18040.0000;1;None;None;198440.0000
11914;2023-03-12 12:24:46.050000;8;106077;1;1;32800.0000;1;3037.0000;None;32800.0000
11914;2023-03-12 12:24:46.050000;7;1158;1;1;0.0000;1;3037.0000;None;32800.0000
11914;2023-03-12 12:24:46.050000;7;1158;1;1;0.0000;1;3037.0000;None;32800.0000
11915;2023-03-12 12:31:14.303000;8;107284;1;1;38800.0000;1;None;None;153340.0000
11915;2023-03-12 12:31:14.303000;7;1213;1;1;0.0000;1;None;None;153340.0000
11915;2023-03-12 12:31:14.303000;8;102790;1;1;37800.0000;1;None;None;153340.0000
11915;2023-03-12 12:31:14.303000;8;102052;1;1;62800.0000;1;None;None;153340.0000
11915;2023-03-12 12:31:14.303000;7;1213;1;1;0.0000;1;None;None;153340.0000
11915;2023-03-12 12:31:14.303000;7;1157;1;1;0.0000;1;None;None;153340.0000
11915;2023-03-12 12:31:14.303000;7;1157;1;1;0.0000;1;None;None;153340.0000
11915;2023-03-12 12:31:14.303000;7;1157;1;1;0.0000;1;None;None;153340.0000
11915;2023-03-12 12:31:14.303000;9;802020;1;1;13940.0000;1;None;None;153340.0000
11916;2023-03-12 12:44:46.260000;1;101323;1;1;29800.0000;1;None;None;230560.0000
11916;2023-03-12 12:44:46.260000;7;1157;1;1;0.0000;1;None;None;230560.0000
11916;2023-03-12 12:44:46.260000;7;1157;1;1;0.0000;1;None;None;230560.0000
11916;2023-03-12 12:44:46.260000;8;102995;1;2;43600.0000;1;None;None;230560.0000
11916;2023-03-12 12:44:46.260000;8;102997;1;1;11800.0000;1;None;None;230560.0000
11916;2023-03-12 12:44:46.260000;8;101886;1;1;17800.0000;1;None;None;230560.0000
11916;2023-03-12 12:44:46.260000;7;1157;1;1;0.0000;1;None;None;230560.0000
11916;2023-03-12 12:44:46.260000;7;1157;1;1;0.0000;1;None;None;230560.0000
11916;2023-03-12 12:44:46.260000;1;101929;1;1;16800.0000;1;None;None;230560.0000
11916;2023-03-12 12:44:46.260000;1;103865;1;1;89800.0000;1;None;None;230560.0000
11916;2023-03-12 12:44:46.260000;1;106922;1;1;0.0000;1;None;None;230560.0000
11916;2023-03-12 12:44:46.260000;1;106922;2;1;0.0000;1;None;None;230560.0000
11916;2023-03-12 12:44:46.260000;7;1157;1;1;0.0000;1;None;None;230560.0000
11916;2023-03-12 12:44:46.260000;7;1157;1;1;0.0000;1;None;None;230560.0000
11916;2023-03-12 12:44:46.260000;7;1157;1;1;0.0000;1;None;None;230560.0000
11916;2023-03-12 12:44:46.260000;9;802020;1;1;20960.0000;1;None;None;230560.0000
11917;2023-03-12 13:09:21.753000;8;107333;1;1;69800.0000;1;None;None;76780.0000
11917;2023-03-12 13:09:21.753000;7;1157;1;1;0.0000;1;None;None;76780.0000
11917;2023-03-12 13:09:21.753000;7;1157;1;1;0.0000;1;None;None;76780.0000
11917;2023-03-12 13:09:21.753000;9;802020;1;1;6980.0000;1;None;None;76780.0000
11918;2023-03-12 13:11:19.513000;1;103595;1;1;35800.0000;1;None;None;277420.0000
11918;2023-03-12 13:11:19.513000;1;104180;1;1;84800.0000;1;None;None;277420.0000
11918;2023-03-12 13:11:19.513000;1;101304;1;1;76800.0000;1;None;None;277420.0000
11918;2023-03-12 13:11:19.513000;7;1157;1;1;0.0000;1;None;None;277420.0000
11918;2023-03-12 13:11:19.513000;7;1157;1;1;0.0000;1;None;None;277420.0000
11918;2023-03-12 13:11:19.513000;8;101883;1;1;54800.0000;1;None;None;277420.0000
11918;2023-03-12 13:11:19.513000;7;1157;1;1;0.0000;1;None;None;277420.0000
11918;2023-03-12 13:11:19.513000;7;1157;1;1;0.0000;1;None;None;277420.0000
11918;2023-03-12 13:11:19.513000;7;1157;1;1;0.0000;1;None;None;277420.0000
11918;2023-03-12 13:11:19.513000;9;802020;1;1;25220.0000;1;None;None;277420.0000
11919;2023-03-12 13:29:45.060000;8;102823;1;1;63800.0000;1;None;None;175340.0000
11919;2023-03-12 13:29:45.060000;1;108437;1;1;79800.0000;1;None;None;175340.0000
11919;2023-03-12 13:29:45.060000;7;1157;1;1;0.0000;1;None;None;175340.0000
11919;2023-03-12 13:29:45.060000;7;1157;1;1;0.0000;1;None;None;175340.0000
11919;2023-03-12 13:29:45.060000;8;101996;1;1;15800.0000;1;None;None;175340.0000
11919;2023-03-12 13:29:45.060000;7;1157;1;1;0.0000;1;None;None;175340.0000
11919;2023-03-12 13:29:45.060000;7;1157;1;1;0.0000;1;None;None;175340.0000
11919;2023-03-12 13:29:45.060000;9;802020;1;1;15940.0000;1;None;None;175340.0000
11920;2023-03-12 13:32:23.623000;8;104655;1;1;38800.0000;1;None;None;48600.0000
11920;2023-03-12 13:32:23.623000;7;1157;1;1;0.0000;1;None;None;48600.0000
11920;2023-03-12 13:32:23.623000;7;1157;1;1;0.0000;1;None;None;48600.0000
11920;2023-03-12 13:32:23.623000;3;201312;1;1;4800.0000;1;None;None;48600.0000
11920;2023-03-12 13:32:23.623000;7;2034;1;1;0.0000;1;None;None;48600.0000
11920;2023-03-12 13:32:23.623000;7;2034;1;1;0.0000;1;None;None;48600.0000
11920;2023-03-12 13:32:23.623000;9;802020;1;1;5000.0000;1;None;None;48600.0000
11921;2023-03-12 13:39:35.870000;8;104655;1;2;77600.0000;1;None;None;517440.0000
11921;2023-03-12 13:39:35.870000;8;103746;1;2;79600.0000;1;None;None;517440.0000
11921;2023-03-12 13:39:35.870000;8;103867;1;2;57600.0000;1;None;None;517440.0000
11921;2023-03-12 13:39:35.870000;8;103866;1;2;59600.0000;1;None;None;517440.0000
11921;2023-03-12 13:39:35.870000;8;102920;1;1;42800.0000;1;None;None;517440.0000
11921;2023-03-12 13:39:35.870000;8;103539;1;1;32800.0000;1;None;None;517440.0000
11921;2023-03-12 13:39:35.870000;8;103615;1;1;37800.0000;1;None;None;517440.0000
11921;2023-03-12 13:39:35.870000;8;103690;1;1;41800.0000;1;None;None;517440.0000
11921;2023-03-12 13:39:35.870000;8;105730;1;1;0.0000;1;None;None;517440.0000
11921;2023-03-12 13:39:35.870000;7;1135;1;1;0.0000;1;None;None;517440.0000
11921;2023-03-12 13:39:35.870000;8;103018;1;1;40800.0000;1;None;None;517440.0000
11921;2023-03-12 13:39:35.870000;7;1135;1;1;0.0000;1;None;None;517440.0000
11921;2023-03-12 13:40:31.300000;9;802020;1;1;47040.0000;1;None;None;517440.0000
11922;2023-03-12 14:14:50.257000;1;102923;1;1;68800.0000;1;11056.0000;None;119400.0000
11922;2023-03-12 14:14:50.257000;1;101929;1;1;16800.0000;1;11056.0000;None;119400.0000
11922;2023-03-12 14:23:09.877000;8;102340;1;1;33800.0000;1;11056.0000;None;119400.0000
11922;2023-03-12 14:23:09.877000;7;1158;1;1;0.0000;1;11056.0000;None;119400.0000
11922;2023-03-12 14:23:09.877000;7;1158;1;1;0.0000;1;11056.0000;None;119400.0000
11923;2023-03-12 14:25:47.670000;1;101929;1;2;33600.0000;1;None;None;69740.0000
11923;2023-03-12 14:25:47.670000;1;101323;1;1;29800.0000;1;None;None;69740.0000
11923;2023-03-12 14:25:47.670000;7;1157;1;1;0.0000;1;None;None;69740.0000
11923;2023-03-12 14:25:47.670000;9;802020;1;1;6340.0000;1;None;None;69740.0000
11924;2023-03-12 14:35:36.257000;8;101996;1;1;15800.0000;1;19111.0000;None;206400.0000
11924;2023-03-12 14:35:36.257000;1;102925;1;1;12800.0000;1;19111.0000;None;206400.0000
11924;2023-03-12 14:35:36.257000;8;103690;1;1;41800.0000;1;19111.0000;None;206400.0000
11924;2023-03-12 14:35:36.257000;8;105730;1;1;0.0000;1;19111.0000;None;206400.0000
11924;2023-03-12 14:35:36.257000;8;103690;1;1;41800.0000;1;19111.0000;None;206400.0000
11924;2023-03-12 14:35:36.257000;8;105752;1;1;0.0000;1;19111.0000;None;206400.0000
11924;2023-03-12 14:35:36.257000;8;107333;1;1;69800.0000;1;19111.0000;None;206400.0000
11924;2023-03-12 14:40:01.140000;3;201146;1;1;5800.0000;1;19111.0000;None;206400.0000
11924;2023-03-12 14:40:01.140000;3;201146;1;1;5800.0000;1;19111.0000;None;206400.0000
11924;2023-03-12 14:40:01.140000;7;2049;1;1;0.0000;1;19111.0000;None;206400.0000
11924;2023-03-12 14:57:14.023000;1;102925;1;1;12800.0000;1;19111.0000;None;206400.0000
11924;2023-03-12 14:57:14.023000;7;1158;1;1;0.0000;1;19111.0000;None;206400.0000
11924;2023-03-12 14:57:14.023000;7;1158;1;1;0.0000;1;19111.0000;None;206400.0000
11925;2023-03-12 14:40:13.813000;3;102643;1;1;14800.0000;1;37371.0000;None;403600.0000
11925;2023-03-12 14:40:13.813000;3;200009;1;1;9800.0000;1;37371.0000;None;403600.0000
11925;2023-03-12 14:40:13.813000;1;104180;1;1;84800.0000;1;37371.0000;None;403600.0000
11925;2023-03-12 14:40:13.813000;1;108429;1;1;69800.0000;1;37371.0000;None;403600.0000
11925;2023-03-12 14:42:02.737000;8;102839;1;1;35800.0000;1;37371.0000;None;403600.0000
11925;2023-03-12 14:48:05.247000;1;107168;1;1;34800.0000;1;37371.0000;None;403600.0000
11925;2023-03-12 15:03:56.597000;3;201312;1;1;4800.0000;1;37371.0000;None;403600.0000
11925;2023-03-12 15:03:56.597000;1;101049;1;1;58800.0000;1;37371.0000;None;403600.0000
11925;2023-03-12 15:21:00.903000;1;101051;1;1;49800.0000;1;37371.0000;None;403600.0000
11925;2023-03-12 15:21:00.903000;7;1157;1;1;0.0000;1;37371.0000;None;403600.0000
11925;2023-03-12 15:37:47.263000;3;103912;1;1;7800.0000;1;37371.0000;None;403600.0000
11925;2023-03-12 15:37:47.263000;3;102102;1;1;9800.0000;1;37371.0000;None;403600.0000
11925;2023-03-12 15:37:47.263000;1;101011;1;1;22800.0000;1;37371.0000;None;403600.0000
11926;2023-03-12 14:47:32.960000;1;102927;1;1;66800.0000;1;None;None;73480.0000
11926;2023-03-12 14:47:32.960000;6;101408;1;1;0.0000;1;None;None;73480.0000
11926;2023-03-12 14:47:32.960000;6;105509;1;1;0.0000;1;None;None;73480.0000
11926;2023-03-12 14:47:32.960000;6;101546;1;1;0.0000;1;None;None;73480.0000
11926;2023-03-12 14:47:32.960000;9;802020;1;1;6680.0000;1;None;None;73480.0000
11927;2023-03-12 15:13:23.567000;8;100953;1;1;44800.0000;1;26722.0000;None;288600.0000
11927;2023-03-12 15:13:23.567000;7;1157;1;1;0.0000;1;26722.0000;None;288600.0000
11927;2023-03-12 15:13:23.567000;7;1157;1;1;0.0000;1;26722.0000;None;288600.0000
11927;2023-03-12 15:13:23.567000;1;101316;1;1;36800.0000;1;26722.0000;None;288600.0000
11927;2023-03-12 15:13:23.567000;1;102228;1;1;8800.0000;1;26722.0000;None;288600.0000
11927;2023-03-12 15:13:23.567000;1;103639;1;1;43800.0000;1;26722.0000;None;288600.0000
11927;2023-03-12 15:13:23.567000;1;103638;1;1;66800.0000;1;26722.0000;None;288600.0000
11927;2023-03-12 15:13:23.567000;1;102927;1;1;66800.0000;1;26722.0000;None;288600.0000
11927;2023-03-12 15:13:23.567000;6;105509;1;1;0.0000;1;26722.0000;None;288600.0000
11927;2023-03-12 15:13:23.567000;6;105509;1;1;0.0000;1;26722.0000;None;288600.0000
11927;2023-03-12 15:13:23.567000;6;101546;1;1;0.0000;1;26722.0000;None;288600.0000
11927;2023-03-12 15:13:23.567000;6;101546;1;1;0.0000;1;26722.0000;None;288600.0000
11927;2023-03-12 15:13:23.567000;7;1157;1;1;0.0000;1;26722.0000;None;288600.0000
11927;2023-03-12 15:13:23.567000;7;1157;1;1;0.0000;1;26722.0000;None;288600.0000
11927;2023-03-12 15:13:23.567000;7;1157;1;1;0.0000;1;26722.0000;None;288600.0000
11927;2023-03-12 15:13:23.567000;1;102906;1;2;10400.0000;1;26722.0000;None;288600.0000
11927;2023-03-12 15:13:23.567000;1;102910;1;2;10400.0000;1;26722.0000;None;288600.0000
11927;2023-03-12 15:13:23.567000;7;1247;1;1;0.0000;1;26722.0000;None;288600.0000
11928;2023-03-12 15:18:15.013000;8;103023;1;2;95600.0000;1;None;None;150920.0000
11928;2023-03-12 15:18:15.013000;7;1157;1;1;0.0000;1;None;None;150920.0000
11928;2023-03-12 15:18:15.013000;7;1157;1;1;0.0000;1;None;None;150920.0000
11928;2023-03-12 15:18:15.013000;1;101322;1;1;24800.0000;1;None;None;150920.0000
11928;2023-03-12 15:18:15.013000;1;104253;1;1;16800.0000;1;None;None;150920.0000
11928;2023-03-12 15:18:15.013000;7;1157;1;1;0.0000;1;None;None;150920.0000
11928;2023-03-12 15:18:15.013000;7;1157;1;1;0.0000;1;None;None;150920.0000
11928;2023-03-12 15:18:15.013000;9;802020;1;1;13720.0000;1;None;None;150920.0000
11930;2023-03-12 15:20:00.153000;8;100953;1;1;44800.0000;1;4148.0000;None;44800.0000
11930;2023-03-12 15:20:00.153000;7;1213;1;1;0.0000;1;4148.0000;None;44800.0000
11930;2023-03-12 15:20:00.153000;7;1158;1;1;0.0000;1;4148.0000;None;44800.0000
11930;2023-03-12 15:20:00.153000;7;1158;1;1;0.0000;1;4148.0000;None;44800.0000
11931;2023-03-12 15:27:02.100000;8;102340;1;2;67600.0000;1;None;None;493900.0000
11931;2023-03-12 15:27:02.100000;7;1157;1;1;0.0000;1;None;None;493900.0000
11931;2023-03-12 15:27:02.100000;7;1157;1;1;0.0000;1;None;None;493900.0000
11931;2023-03-12 15:27:02.100000;1;102840;1;2;179600.0000;1;None;None;493900.0000
11931;2023-03-12 15:27:02.100000;8;101996;1;3;47400.0000;1;None;None;493900.0000
11931;2023-03-12 15:27:02.100000;1;102447;1;1;16800.0000;1;None;None;493900.0000
11931;2023-03-12 15:27:02.100000;1;101929;1;2;33600.0000;1;None;None;493900.0000
11931;2023-03-12 15:27:02.100000;1;104216;1;2;35600.0000;1;None;None;493900.0000
11931;2023-03-12 15:27:02.100000;1;102925;1;2;25600.0000;1;None;None;493900.0000
11931;2023-03-12 15:27:02.100000;8;102992;1;1;42800.0000;1;None;None;493900.0000
11931;2023-03-12 15:27:02.100000;7;1157;1;1;0.0000;1;None;None;493900.0000
11931;2023-03-12 15:27:02.100000;7;1157;1;1;0.0000;1;None;None;493900.0000
11931;2023-03-12 15:27:02.100000;7;1157;1;1;0.0000;1;None;None;493900.0000
11931;2023-03-12 15:27:02.100000;9;802020;1;1;44900.0000;1;None;None;493900.0000
11932;2023-03-12 15:45:28.093000;1;108437;1;1;79800.0000;1;None;None;302940.0000
11932;2023-03-12 15:45:28.093000;8;104655;1;1;38800.0000;1;None;None;302940.0000
11932;2023-03-12 15:45:28.093000;8;102995;1;2;43600.0000;1;None;None;302940.0000
11932;2023-03-12 15:45:28.093000;8;102988;1;2;77600.0000;1;None;None;302940.0000
11932;2023-03-12 15:45:28.093000;8;103002;1;2;35600.0000;1;None;None;302940.0000
11932;2023-03-12 15:45:28.093000;7;1157;1;1;0.0000;1;None;None;302940.0000
11932;2023-03-12 15:45:28.093000;7;1157;1;1;0.0000;1;None;None;302940.0000
11932;2023-03-12 15:45:28.093000;7;1157;1;1;0.0000;1;None;None;302940.0000
11932;2023-03-12 15:45:28.093000;7;1158;1;1;0.0000;1;None;None;302940.0000
11932;2023-03-12 15:45:28.093000;7;1158;1;1;0.0000;1;None;None;302940.0000
11932;2023-03-12 15:45:28.093000;9;802020;1;1;27540.0000;1;None;None;302940.0000
11934;2023-03-12 16:25:32.677000;8;106077;1;1;32800.0000;1;22074.0000;None;238400.0000
11934;2023-03-12 16:25:32.677000;8;102143;1;1;3800.0000;1;22074.0000;None;238400.0000
11934;2023-03-12 16:25:32.677000;8;102052;1;1;62800.0000;1;22074.0000;None;238400.0000
11934;2023-03-12 16:25:32.677000;7;1131;1;1;0.0000;1;22074.0000;None;238400.0000
11934;2023-03-12 16:25:32.677000;7;1131;1;1;0.0000;1;22074.0000;None;238400.0000
11934;2023-03-12 16:25:32.677000;1;103073;1;1;32800.0000;1;22074.0000;None;238400.0000
11934;2023-03-12 16:25:32.677000;8;101996;1;1;15800.0000;1;22074.0000;None;238400.0000
11934;2023-03-12 16:25:32.677000;3;102635;1;1;8800.0000;1;22074.0000;None;238400.0000
11934;2023-03-12 16:25:32.677000;3;202570;1;1;8800.0000;1;22074.0000;None;238400.0000
11934;2023-03-12 16:25:32.677000;3;200007;1;1;12800.0000;1;22074.0000;None;238400.0000
11934;2023-03-12 16:25:32.677000;3;201312;1;1;4800.0000;1;22074.0000;None;238400.0000
11934;2023-03-12 16:25:32.677000;3;201312;1;1;4800.0000;1;22074.0000;None;238400.0000
11934;2023-03-12 16:25:32.677000;3;102635;1;1;8800.0000;1;22074.0000;None;238400.0000
11934;2023-03-12 16:25:32.677000;3;202570;1;1;8800.0000;1;22074.0000;None;238400.0000
11934;2023-03-12 16:25:32.677000;7;2049;1;1;0.0000;1;22074.0000;None;238400.0000
11934;2023-03-12 16:25:32.677000;7;2049;1;1;0.0000;1;22074.0000;None;238400.0000
11934;2023-03-12 16:25:32.677000;1;103073;1;1;32800.0000;1;22074.0000;None;238400.0000
11934;2023-03-12 16:25:32.677000;7;1131;1;1;0.0000;1;22074.0000;None;238400.0000
11934;2023-03-12 16:25:32.677000;7;1131;1;1;0.0000;1;22074.0000;None;238400.0000
11934;2023-03-12 16:25:32.677000;7;1131;1;1;0.0000;1;22074.0000;None;238400.0000
11935;2023-03-12 16:45:19.780000;1;100942;1;-1;-37350.0000;1;None;None;-76945.0000
11935;2023-03-12 16:45:19.780000;1;101929;1;-1;-16800.0000;1;None;None;-76945.0000
11935;2023-03-12 16:45:19.780000;1;103612;1;-1;-15800.0000;1;None;None;-76945.0000
11935;2023-03-12 16:45:19.780000;9;802020;1;-1;-6995.0000;1;None;None;-76945.0000
11937;2023-03-12 16:58:06.840000;8;106077;1;-1;-32800.0000;1;-26685.0000;None;-288200.0000
11937;2023-03-12 16:58:06.840000;8;102143;1;-1;-3800.0000;1;-26685.0000;None;-288200.0000
11937;2023-03-12 16:58:06.840000;8;102052;1;-1;-62800.0000;1;-26685.0000;None;-288200.0000
11937;2023-03-12 16:58:06.840000;1;101051;1;-1;-49800.0000;1;-26685.0000;None;-288200.0000
11937;2023-03-12 16:58:06.840000;1;103058;1;-1;-32800.0000;1;-26685.0000;None;-288200.0000
11937;2023-03-12 16:58:06.840000;1;106922;1;-1;0.0000;1;-26685.0000;None;-288200.0000
11937;2023-03-12 16:58:06.840000;1;106922;2;-1;0.0000;1;-26685.0000;None;-288200.0000
11937;2023-03-12 16:58:06.840000;1;103073;1;-1;-32800.0000;1;-26685.0000;None;-288200.0000
11937;2023-03-12 16:58:06.840000;8;101996;1;-1;-15800.0000;1;-26685.0000;None;-288200.0000
11937;2023-03-12 16:58:06.840000;3;102635;1;-2;-17600.0000;1;-26685.0000;None;-288200.0000
11937;2023-03-12 16:58:06.840000;3;202570;1;-1;-8800.0000;1;-26685.0000;None;-288200.0000
11937;2023-03-12 16:58:06.840000;3;200007;1;-1;-12800.0000;1;-26685.0000;None;-288200.0000
11937;2023-03-12 16:58:06.840000;3;201312;1;-1;-4800.0000;1;-26685.0000;None;-288200.0000
11937;2023-03-12 16:58:06.840000;3;202570;1;-1;-8800.0000;1;-26685.0000;None;-288200.0000
11937;2023-03-12 16:58:06.840000;3;201312;1;-1;-4800.0000;1;-26685.0000;None;-288200.0000
31196;2023-03-12 14:33:29.980000;3;102748;1;1;15800.0000;1;13315.0000;None;143800.0000
31196;2023-03-12 14:33:29.980000;3;102748;1;1;15800.0000;1;13315.0000;None;143800.0000
31196;2023-03-12 14:37:35.657000;1;101323;1;1;29800.0000;1;13315.0000;None;143800.0000
31196;2023-03-12 14:37:35.657000;7;1245;1;1;0.0000;1;13315.0000;None;143800.0000
31196;2023-03-12 14:37:35.657000;8;102778;1;1;19800.0000;1;13315.0000;None;143800.0000
31196;2023-03-12 14:37:35.657000;8;103028;1;1;56800.0000;1;13315.0000;None;143800.0000
31196;2023-03-12 14:37:35.657000;7;1137;1;1;0.0000;1;13315.0000;None;143800.0000
31196;2023-03-12 14:43:39.520000;3;200644;1;1;5800.0000;1;13315.0000;None;143800.0000
33647;2023-03-12 12:33:32.897000;8;103690;1;1;41800.0000;1;23796.0000;None;257000.0000
33647;2023-03-12 12:33:32.897000;8;105731;1;1;0.0000;1;23796.0000;None;257000.0000
33647;2023-03-12 12:33:32.897000;8;103690;1;1;41800.0000;1;23796.0000;None;257000.0000
33647;2023-03-12 12:33:32.897000;8;105730;1;1;0.0000;1;23796.0000;None;257000.0000
33647;2023-03-12 12:33:32.897000;8;106491;1;1;55800.0000;1;23796.0000;None;257000.0000
33647;2023-03-12 12:33:32.897000;8;103544;1;1;25800.0000;1;23796.0000;None;257000.0000
33647;2023-03-12 12:33:32.897000;8;101025;1;1;18800.0000;1;23796.0000;None;257000.0000
33647;2023-03-12 12:33:32.897000;8;107526;1;1;29800.0000;1;23796.0000;None;257000.0000
33647;2023-03-12 12:33:32.897000;1;101322;1;1;24800.0000;1;23796.0000;None;257000.0000
33647;2023-03-12 12:33:32.897000;3;201312;1;2;9600.0000;1;23796.0000;None;257000.0000
33647;2023-03-12 12:33:32.897000;3;202570;1;1;8800.0000;1;23796.0000;None;257000.0000
33648;2023-03-12 13:02:20.820000;8;101026;1;1;35800.0000;1;16222.0000;None;175200.0000
33648;2023-03-12 13:02:20.820000;8;103023;1;1;47800.0000;1;16222.0000;None;175200.0000
33648;2023-03-12 13:02:20.820000;8;102850;1;1;43800.0000;1;16222.0000;None;175200.0000
33648;2023-03-12 13:02:20.820000;7;1157;1;1;0.0000;1;16222.0000;None;175200.0000
33648;2023-03-12 13:02:20.820000;7;1157;1;1;0.0000;1;16222.0000;None;175200.0000
33648;2023-03-12 13:02:20.820000;2;102605;1;1;47800.0000;1;16222.0000;None;175200.0000
33648;2023-03-12 13:02:20.820000;7;2052;1;1;0.0000;1;16222.0000;None;175200.0000
33648;2023-03-12 13:02:20.820000;7;2008;1;1;0.0000;1;16222.0000;None;175200.0000
33648;2023-03-12 13:02:20.820000;7;2008;1;1;0.0000;1;16222.0000;None;175200.0000
33649;2023-03-12 14:12:29.993000;3;102747;1;1;4800.0000;1;19204.0000;None;207400.0000
33649;2023-03-12 14:18:29.760000;1;101318;1;1;35800.0000;1;19204.0000;None;207400.0000
33649;2023-03-12 14:18:29.760000;8;107526;1;1;29800.0000;1;19204.0000;None;207400.0000
33649;2023-03-12 14:18:29.760000;8;102839;1;1;35800.0000;1;19204.0000;None;207400.0000
33649;2023-03-12 14:19:37.843000;1;101321;1;1;26800.0000;1;19204.0000;None;207400.0000
33649;2023-03-12 14:19:37.843000;7;1026;1;1;0.0000;1;19204.0000;None;207400.0000
33649;2023-03-12 14:19:37.843000;1;106922;2;1;0.0000;1;19204.0000;None;207400.0000
33649;2023-03-12 14:19:37.843000;7;1030;1;1;0.0000;1;19204.0000;None;207400.0000
33649;2023-03-12 14:19:37.843000;8;101026;1;1;35800.0000;1;19204.0000;None;207400.0000
33649;2023-03-12 14:19:37.843000;7;1078;1;1;0.0000;1;19204.0000;None;207400.0000
33649;2023-03-12 14:19:37.843000;8;103539;1;1;32800.0000;1;19204.0000;None;207400.0000
33649;2023-03-12 14:19:37.843000;7;1020;1;1;0.0000;1;19204.0000;None;207400.0000
33649;2023-03-12 14:19:37.843000;7;1030;1;1;0.0000;1;19204.0000;None;207400.0000
33649;2023-03-12 14:19:37.843000;3;201146;1;1;5800.0000;1;19204.0000;None;207400.0000
33649;2023-03-12 14:39:32.967000;7;1220;1;1;0.0000;1;19204.0000;None;207400.0000
33650;2023-03-12 14:28:38.020000;1;102927;1;1;66800.0000;1;18667.0000;None;201600.0000
33650;2023-03-12 14:28:38.020000;6;105509;1;1;0.0000;1;18667.0000;None;201600.0000
33650;2023-03-12 14:28:38.020000;6;101546;1;1;0.0000;1;18667.0000;None;201600.0000
33650;2023-03-12 14:28:38.020000;6;101408;1;1;0.0000;1;18667.0000;None;201600.0000
33650;2023-03-12 14:28:38.020000;1;102840;1;1;89800.0000;1;18667.0000;None;201600.0000
33650;2023-03-12 14:28:38.020000;7;1020;1;1;0.0000;1;18667.0000;None;201600.0000
33650;2023-03-12 14:28:38.020000;7;1020;1;1;0.0000;1;18667.0000;None;201600.0000
33650;2023-03-12 14:28:38.020000;7;1158;1;1;0.0000;1;18667.0000;None;201600.0000
33650;2023-03-12 14:28:38.020000;7;1158;1;1;0.0000;1;18667.0000;None;201600.0000
33650;2023-03-12 14:28:38.020000;3;202570;1;1;8800.0000;1;18667.0000;None;201600.0000
33650;2023-03-12 14:28:38.020000;7;2050;1;1;0.0000;1;18667.0000;None;201600.0000
33650;2023-03-12 14:28:38.020000;3;102635;1;1;8800.0000;1;18667.0000;None;201600.0000
33650;2023-03-12 14:28:38.020000;7;2042;1;1;0.0000;1;18667.0000;None;201600.0000
33650;2023-03-12 14:43:12.633000;8;101996;1;1;15800.0000;1;18667.0000;None;201600.0000
33650;2023-03-12 15:13:25.987000;3;100614;1;1;5800.0000;1;18667.0000;None;201600.0000
33650;2023-03-12 15:13:25.987000;7;1207;1;1;0.0000;1;18667.0000;None;201600.0000
33650;2023-03-12 15:13:25.987000;3;100614;1;1;5800.0000;1;18667.0000;None;201600.0000
33651;2023-03-12 14:40:43.500000;3;201146;1;1;5800.0000;1;25482.0000;None;275200.0000
33651;2023-03-12 14:40:43.500000;3;200644;1;1;5800.0000;1;25482.0000;None;275200.0000
33651;2023-03-12 14:40:43.500000;6;105636;1;1;0.0000;1;25482.0000;None;275200.0000
33651;2023-03-12 14:40:43.500000;3;102619;1;1;7800.0000;1;25482.0000;None;275200.0000
33651;2023-03-12 14:50:35.677000;8;102692;1;1;34800.0000;1;25482.0000;None;275200.0000
33651;2023-03-12 14:50:35.677000;7;1213;1;1;0.0000;1;25482.0000;None;275200.0000
33651;2023-03-12 14:50:35.677000;8;102693;1;1;40800.0000;1;25482.0000;None;275200.0000
33651;2023-03-12 14:50:35.677000;8;102920;1;1;42800.0000;1;25482.0000;None;275200.0000
33651;2023-03-12 14:50:35.677000;8;102920;1;1;42800.0000;1;25482.0000;None;275200.0000
33651;2023-03-12 14:50:35.677000;7;1213;1;1;0.0000;1;25482.0000;None;275200.0000
33651;2023-03-12 14:50:35.677000;1;101048;1;1;44800.0000;1;25482.0000;None;275200.0000
33651;2023-03-12 15:22:48.430000;1;101051;1;1;49800.0000;1;25482.0000;None;275200.0000
33651;2023-03-12 15:22:48.430000;7;1011;1;1;0.0000;1;25482.0000;None;275200.0000
33652;2023-03-12 14:43:32.097000;3;102633;1;1;12800.0000;1;30500.0000;None;329400.0000
33652;2023-03-12 14:43:32.097000;3;104446;1;1;5800.0000;1;30500.0000;None;329400.0000
33652;2023-03-12 14:43:32.097000;3;201237;1;1;5800.0000;1;30500.0000;None;329400.0000
33652;2023-03-12 14:43:32.097000;6;105636;1;1;0.0000;1;30500.0000;None;329400.0000
33652;2023-03-12 14:43:32.097000;2;201959;1;1;13800.0000;1;30500.0000;None;329400.0000
33652;2023-03-12 14:54:07.770000;1;102972;1;1;99800.0000;1;30500.0000;None;329400.0000
33652;2023-03-12 14:54:07.770000;1;106922;1;1;0.0000;1;30500.0000;None;329400.0000
33652;2023-03-12 14:54:07.770000;1;106922;2;1;0.0000;1;30500.0000;None;329400.0000
33652;2023-03-12 14:54:07.770000;8;102691;1;1;77800.0000;1;30500.0000;None;329400.0000
33652;2023-03-12 14:54:07.770000;1;109509;1;1;43800.0000;1;30500.0000;None;329400.0000
33652;2023-03-12 14:54:07.770000;7;1011;1;1;0.0000;1;30500.0000;None;329400.0000
33652;2023-03-12 14:54:07.770000;7;1011;1;1;0.0000;1;30500.0000;None;329400.0000
33652;2023-03-12 15:13:05.967000;1;105197;1;1;9800.0000;1;30500.0000;None;329400.0000
33652;2023-03-12 15:35:41.107000;1;103780;1;1;16800.0000;1;30500.0000;None;329400.0000
33652;2023-03-12 15:35:41.107000;1;101011;1;1;22800.0000;1;30500.0000;None;329400.0000
33652;2023-03-12 15:35:41.107000;3;100606;1;1;6800.0000;1;30500.0000;None;329400.0000
33652;2023-03-12 15:35:41.107000;3;100606;1;1;6800.0000;1;30500.0000;None;329400.0000
33652;2023-03-12 15:35:41.107000;3;100606;1;1;6800.0000;1;30500.0000;None;329400.0000
33653;2023-03-12 15:14:05.640000;8;106077;1;1;32800.0000;1;26685.0000;None;288200.0000
33653;2023-03-12 15:14:05.640000;8;102143;1;1;3800.0000;1;26685.0000;None;288200.0000
33653;2023-03-12 15:14:05.640000;8;102052;1;1;62800.0000;1;26685.0000;None;288200.0000
33653;2023-03-12 15:14:05.640000;7;1158;1;1;0.0000;1;26685.0000;None;288200.0000
33653;2023-03-12 15:14:05.640000;7;1158;1;1;0.0000;1;26685.0000;None;288200.0000
33653;2023-03-12 15:14:05.640000;1;101051;1;1;49800.0000;1;26685.0000;None;288200.0000
33653;2023-03-12 15:14:05.640000;1;103058;1;1;32800.0000;1;26685.0000;None;288200.0000
33653;2023-03-12 15:14:05.640000;1;106922;1;1;0.0000;1;26685.0000;None;288200.0000
33653;2023-03-12 15:14:05.640000;1;106922;2;1;0.0000;1;26685.0000;None;288200.0000
33653;2023-03-12 15:14:05.640000;1;103073;1;1;32800.0000;1;26685.0000;None;288200.0000
33653;2023-03-12 15:14:05.640000;8;101996;1;1;15800.0000;1;26685.0000;None;288200.0000
33653;2023-03-12 15:14:05.640000;7;1158;1;1;0.0000;1;26685.0000;None;288200.0000
33653;2023-03-12 15:14:05.640000;7;1158;1;1;0.0000;1;26685.0000;None;288200.0000
33653;2023-03-12 15:14:05.640000;7;1158;1;1;0.0000;1;26685.0000;None;288200.0000
33653;2023-03-12 15:14:05.640000;7;1011;1;1;0.0000;1;26685.0000;None;288200.0000
33653;2023-03-12 15:14:05.640000;7;1011;1;1;0.0000;1;26685.0000;None;288200.0000
33653;2023-03-12 15:14:05.640000;3;102635;1;2;17600.0000;1;26685.0000;None;288200.0000
33653;2023-03-12 15:14:05.640000;7;2042;1;2;0.0000;1;26685.0000;None;288200.0000
33653;2023-03-12 15:14:05.640000;3;202570;1;1;8800.0000;1;26685.0000;None;288200.0000
33653;2023-03-12 15:14:05.640000;3;200007;1;1;12800.0000;1;26685.0000;None;288200.0000
33653;2023-03-12 15:25:55.437000;3;201312;1;1;4800.0000;1;26685.0000;None;288200.0000
33653;2023-03-12 15:57:31.807000;3;202570;1;1;8800.0000;1;26685.0000;None;288200.0000
33653;2023-03-12 16:02:04.547000;3;201312;1;1;4800.0000;1;26685.0000;None;288200.0000
33654;2023-03-12 15:30:40.130000;3;201312;1;1;4800.0000;1;20028.0000;None;216300.0000
33654;2023-03-12 15:30:40.130000;3;201312;1;1;4800.0000;1;20028.0000;None;216300.0000
33654;2023-03-12 15:30:40.130000;6;105636;1;1;0.0000;1;20028.0000;None;216300.0000
33654;2023-03-12 15:30:40.130000;8;103867;1;1;28800.0000;1;20028.0000;None;216300.0000
33654;2023-03-12 15:30:40.130000;1;101318;1;1;35800.0000;1;20028.0000;None;216300.0000
33654;2023-03-12 15:30:40.130000;7;1158;1;1;0.0000;1;20028.0000;None;216300.0000
33654;2023-03-12 15:30:40.130000;1;101323;1;1;29800.0000;1;20028.0000;None;216300.0000
33654;2023-03-12 15:30:40.130000;7;1011;1;1;0.0000;1;20028.0000;None;216300.0000
33654;2023-03-12 15:30:40.130000;7;1011;1;1;0.0000;1;20028.0000;None;216300.0000
33654;2023-03-12 15:30:40.130000;7;1030;1;1;0.0000;1;20028.0000;None;216300.0000
33654;2023-03-12 15:59:24.847000;8;100990;1;1;75800.0000;1;20028.0000;None;216300.0000
33654;2023-03-12 15:59:24.847000;7;1157;1;1;0.0000;1;20028.0000;None;216300.0000
33654;2023-03-12 15:59:24.847000;1;100939;1;1;20900.0000;1;20028.0000;None;216300.0000
33654;2023-03-12 15:59:24.847000;7;1157;1;1;0.0000;1;20028.0000;None;216300.0000
33654;2023-03-12 16:25:20.973000;3;100613;1;1;5800.0000;1;20028.0000;None;216300.0000
33654;2023-03-12 16:25:20.973000;6;105082;1;1;2000.0000;1;20028.0000;None;216300.0000
33654;2023-03-12 16:25:20.973000;3;100613;1;1;5800.0000;1;20028.0000;None;216300.0000
33654;2023-03-12 16:25:20.973000;6;105082;1;1;2000.0000;1;20028.0000;None;216300.0000
33656;2023-03-12 16:09:51.473000;3;102619;1;1;7800.0000;1;14176.0000;None;153100.0000
33656;2023-03-12 16:09:51.473000;7;2018;1;1;0.0000;1;14176.0000;None;153100.0000
33656;2023-03-12 16:09:51.473000;3;102635;1;1;8800.0000;1;14176.0000;None;153100.0000
33656;2023-03-12 16:09:51.473000;7;2018;1;1;0.0000;1;14176.0000;None;153100.0000
33656;2023-03-12 16:09:51.473000;1;101929;1;1;16800.0000;1;14176.0000;None;153100.0000
33656;2023-03-12 16:09:51.473000;7;1029;1;1;0.0000;1;14176.0000;None;153100.0000
33656;2023-03-12 16:09:51.473000;7;1011;1;1;0.0000;1;14176.0000;None;153100.0000
33656;2023-03-12 16:09:51.473000;1;102842;1;1;76800.0000;1;14176.0000;None;153100.0000
33656;2023-03-12 16:09:51.473000;1;100941;1;1;14100.0000;1;14176.0000;None;153100.0000
33656;2023-03-12 16:09:51.473000;7;1020;1;1;0.0000;1;14176.0000;None;153100.0000
33656;2023-03-12 16:09:51.473000;7;1011;1;1;0.0000;1;14176.0000;None;153100.0000
33656;2023-03-12 16:09:51.473000;7;1030;1;1;0.0000;1;14176.0000;None;153100.0000
33656;2023-03-12 16:28:12.137000;7;1220;1;1;0.0000;1;14176.0000;None;153100.0000
33656;2023-03-12 16:32:00.560000;8;103867;1;1;28800.0000;1;14176.0000;None;153100.0000
33656;2023-03-12 16:32:00.560000;7;1157;1;1;0.0000;1;14176.0000;None;153100.0000
33656;2023-03-12 16:32:00.560000;7;1157;1;1;0.0000;1;14176.0000;None;153100.0000
33657;2023-03-12 16:55:09.657000;8;102052;1;1;62800.0000;1;None;None;108460.0000
33657;2023-03-12 16:55:09.657000;7;1157;1;1;0.0000;1;None;None;108460.0000
33657;2023-03-12 16:55:09.657000;7;1157;1;1;0.0000;1;None;None;108460.0000
33657;2023-03-12 16:55:09.657000;1;103595;1;1;35800.0000;1;None;None;108460.0000
33657;2023-03-12 16:55:09.657000;7;1157;1;1;0.0000;1;None;None;108460.0000
33657;2023-03-12 16:55:09.657000;7;1157;1;1;0.0000;1;None;None;108460.0000
33657;2023-03-12 17:07:53.973000;9;802020;1;1;9860.0000;1;None;None;108460.0000
