7644;2023-03-10 08:01:14.107000;7;1000;1;1;0.0000;1;10222.0000;None;110400.0000
7644;2023-03-10 11:52:20.570000;7;1000;1;1;0.0000;1;10222.0000;None;110400.0000
7644;2023-03-10 15:08:52.953000;3;201304;1;1;6800.0000;1;10222.0000;None;110400.0000
7644;2023-03-10 15:08:52.953000;1;109155;1;1;63800.0000;1;10222.0000;None;110400.0000
7644;2023-03-10 15:08:52.953000;1;108314;1;1;39800.0000;1;10222.0000;None;110400.0000
7645;2023-03-10 08:07:13.480000;7;1000;1;1;0.0000;1;8537.0000;None;92200.0000
7645;2023-03-10 12:19:53.630000;3;107873;1;1;8800.0000;1;8537.0000;None;92200.0000
7645;2023-03-10 12:19:53.630000;3;107873;1;1;8800.0000;1;8537.0000;None;92200.0000
7645;2023-03-10 12:19:53.630000;1;106866;1;1;27800.0000;1;8537.0000;None;92200.0000
7645;2023-03-10 12:19:53.630000;1;104347;1;1;46800.0000;1;8537.0000;None;92200.0000
7647;2023-03-10 12:21:31.660000;1;107829;1;1;38800.0000;1;None;None;119400.0000
7647;2023-03-10 12:21:31.660000;1;107829;1;1;38800.0000;1;None;None;119400.0000
7647;2023-03-10 12:21:31.660000;1;107839;1;1;41800.0000;1;None;None;119400.0000
7647;2023-03-10 12:21:31.660000;7;1135;1;1;0.0000;1;None;None;119400.0000
7648;2023-03-10 12:26:15.857000;1;107823;1;1;24800.0000;1;6574.0000;None;71000.0000
7648;2023-03-10 12:26:15.857000;1;107823;1;1;24800.0000;1;6574.0000;None;71000.0000
7648;2023-03-10 12:26:15.857000;1;102170;1;1;3800.0000;1;6574.0000;None;71000.0000
7648;2023-03-10 12:26:15.857000;3;107873;1;1;8800.0000;1;6574.0000;None;71000.0000
7648;2023-03-10 12:26:15.857000;3;107873;1;1;8800.0000;1;6574.0000;None;71000.0000
7649;2023-03-10 12:43:24.537000;1;103351;1;1;36800.0000;1;9833.0000;None;106200.0000
7649;2023-03-10 12:43:24.537000;1;109243;1;1;45800.0000;1;9833.0000;None;106200.0000
7649;2023-03-10 12:43:24.537000;3;104355;1;1;11800.0000;1;9833.0000;None;106200.0000
7649;2023-03-10 12:43:24.537000;3;104355;1;1;11800.0000;1;9833.0000;None;106200.0000
7651;2023-03-10 12:51:26.917000;1;104341;1;1;39800.0000;1;14611.0000;None;157800.0000
7651;2023-03-10 12:51:26.917000;3;104355;1;1;11800.0000;1;14611.0000;None;157800.0000
7651;2023-03-10 12:51:26.917000;1;109568;1;1;47800.0000;1;14611.0000;None;157800.0000
7651;2023-03-10 12:51:26.917000;7;1135;1;1;0.0000;1;14611.0000;None;157800.0000
7651;2023-03-10 12:51:26.917000;1;102172;1;1;3800.0000;1;14611.0000;None;157800.0000
7651;2023-03-10 12:51:26.917000;3;201304;1;1;6800.0000;1;14611.0000;None;157800.0000
7651;2023-03-10 12:51:26.917000;1;109245;1;1;47800.0000;1;14611.0000;None;157800.0000
7652;2023-03-10 12:53:38.947000;1;108323;1;1;52800.0000;1;10482.0000;None;113200.0000
7652;2023-03-10 12:53:38.947000;3;200644;1;1;6800.0000;1;10482.0000;None;113200.0000
7652;2023-03-10 12:53:38.947000;1;101270;1;1;0.0000;1;10482.0000;None;113200.0000
7652;2023-03-10 12:53:38.947000;1;104347;1;1;46800.0000;1;10482.0000;None;113200.0000
7652;2023-03-10 12:53:38.947000;3;200644;1;1;6800.0000;1;10482.0000;None;113200.0000
7653;2023-03-10 12:54:56.867000;1;107831;1;1;58800.0000;1;10926.0000;None;118000.0000
7653;2023-03-10 12:54:56.867000;1;107846;1;1;33800.0000;1;10926.0000;None;118000.0000
7653;2023-03-10 12:54:56.867000;3;200644;1;1;6800.0000;1;10926.0000;None;118000.0000
7653;2023-03-10 12:54:56.867000;3;104355;1;1;11800.0000;1;10926.0000;None;118000.0000
7653;2023-03-10 12:54:56.867000;3;201146;1;1;6800.0000;1;10926.0000;None;118000.0000
7654;2023-03-10 12:55:46.927000;1;107836;1;1;19800.0000;1;None;None;19800.0000
7655;2023-03-10 12:57:04.657000;1;101007;1;1;63800.0000;1;6537.0000;None;70600.0000
7655;2023-03-10 12:57:04.657000;3;201146;1;1;6800.0000;1;6537.0000;None;70600.0000
7656;2023-03-10 12:58:45.067000;1;107826;1;1;46800.0000;1;11056.0000;None;119400.0000
7656;2023-03-10 12:58:45.067000;1;101007;1;1;63800.0000;1;11056.0000;None;119400.0000
7656;2023-03-10 12:58:45.067000;3;107873;1;1;8800.0000;1;11056.0000;None;119400.0000
7657;2023-03-10 13:01:40.567000;1;106358;1;1;38800.0000;1;None;None;509200.0000
7657;2023-03-10 13:01:40.567000;7;1135;1;1;0.0000;1;None;None;509200.0000
7657;2023-03-10 13:01:40.567000;1;104447;1;1;56800.0000;1;None;None;509200.0000
7657;2023-03-10 13:01:40.567000;1;104447;1;1;56800.0000;1;None;None;509200.0000
7657;2023-03-10 13:01:40.567000;1;104447;1;1;56800.0000;1;None;None;509200.0000
7657;2023-03-10 13:01:40.567000;1;104447;1;1;56800.0000;1;None;None;509200.0000
7657;2023-03-10 13:01:40.567000;1;104447;1;1;56800.0000;1;None;None;509200.0000
7657;2023-03-10 13:01:40.567000;1;107836;1;1;19800.0000;1;None;None;509200.0000
7657;2023-03-10 13:01:40.567000;3;104355;1;6;70800.0000;1;None;None;509200.0000
7657;2023-03-10 13:01:40.567000;1;103993;1;5;84000.0000;1;None;None;509200.0000
7657;2023-03-10 13:01:40.567000;7;1135;1;1;0.0000;1;None;None;509200.0000
7657;2023-03-10 13:01:40.567000;3;104355;1;1;11800.0000;1;None;None;509200.0000
7658;2023-03-10 13:03:00.447000;1;104347;1;1;46800.0000;1;None;None;86600.0000
7658;2023-03-10 13:03:00.447000;1;104341;1;1;39800.0000;1;None;None;86600.0000
7658;2023-03-10 13:03:00.447000;7;1135;1;1;0.0000;1;None;None;86600.0000
7659;2023-03-10 13:06:06.940000;1;101007;1;1;63800.0000;1;17389.0000;None;187800.0000
7659;2023-03-10 13:06:06.940000;1;104347;1;1;46800.0000;1;17389.0000;None;187800.0000
7659;2023-03-10 13:06:06.940000;1;104974;1;1;46800.0000;1;17389.0000;None;187800.0000
7659;2023-03-10 13:06:06.940000;2;201184;1;1;10800.0000;1;17389.0000;None;187800.0000
7659;2023-03-10 13:06:06.940000;2;201184;1;1;10800.0000;1;17389.0000;None;187800.0000
7659;2023-03-10 13:06:06.940000;3;107873;1;1;8800.0000;1;17389.0000;None;187800.0000
7660;2023-03-10 13:07:40.817000;1;108320;1;1;32800.0000;1;13593.0000;None;146800.0000
7660;2023-03-10 13:07:40.817000;1;109450;1;1;33800.0000;1;13593.0000;None;146800.0000
7660;2023-03-10 13:07:40.817000;1;109156;1;1;32800.0000;1;13593.0000;None;146800.0000
7660;2023-03-10 13:07:40.817000;1;107846;1;1;33800.0000;1;13593.0000;None;146800.0000
7660;2023-03-10 13:07:40.817000;3;201304;1;1;6800.0000;1;13593.0000;None;146800.0000
7660;2023-03-10 13:07:40.817000;3;201304;1;1;6800.0000;1;13593.0000;None;146800.0000
7661;2023-03-10 13:08:55.353000;1;104347;1;1;46800.0000;1;11037.0000;None;119200.0000
7661;2023-03-10 13:08:55.353000;1;107831;1;1;58800.0000;1;11037.0000;None;119200.0000
7661;2023-03-10 13:08:55.353000;3;201146;1;1;6800.0000;1;11037.0000;None;119200.0000
7661;2023-03-10 13:08:55.353000;3;200644;1;1;6800.0000;1;11037.0000;None;119200.0000
7661;2023-03-10 13:08:55.353000;1;101270;1;1;0.0000;1;11037.0000;None;119200.0000
7662;2023-03-10 13:10:04.470000;1;107829;1;1;38800.0000;1;3593.0000;None;38800.0000
7663;2023-03-10 13:11:56.120000;1;109454;1;1;57800.0000;1;None;None;106200.0000
7663;2023-03-10 13:11:56.120000;1;103856;1;1;34800.0000;1;None;None;106200.0000
7663;2023-03-10 13:11:56.120000;3;201146;1;1;6800.0000;1;None;None;106200.0000
7663;2023-03-10 13:11:56.120000;3;201221;1;1;6800.0000;1;None;None;106200.0000
7664;2023-03-10 13:17:00.403000;1;101007;1;1;63800.0000;1;None;None;158000.0000
7664;2023-03-10 13:17:00.403000;7;1135;1;1;0.0000;1;None;None;158000.0000
7664;2023-03-10 13:17:00.403000;1;107827;1;1;53800.0000;1;None;None;158000.0000
7664;2023-03-10 13:17:00.403000;3;104355;1;1;11800.0000;1;None;None;158000.0000
7664;2023-03-10 13:17:00.403000;3;104355;1;1;11800.0000;1;None;None;158000.0000
7664;2023-03-10 13:17:00.403000;1;103993;1;1;16800.0000;1;None;None;158000.0000
7665;2023-03-10 13:18:43.243000;1;107833;1;1;53800.0000;1;5611.0000;None;60600.0000
7665;2023-03-10 13:18:43.243000;3;201221;1;1;6800.0000;1;5611.0000;None;60600.0000
7666;2023-03-10 13:23:27.767000;1;107832;1;1;41800.0000;1;44611.0000;None;481800.0000
7666;2023-03-10 13:23:27.767000;1;104347;1;1;46800.0000;1;44611.0000;None;481800.0000
7666;2023-03-10 13:23:27.767000;1;107826;1;1;46800.0000;1;44611.0000;None;481800.0000
7666;2023-03-10 13:23:27.767000;1;104974;1;1;46800.0000;1;44611.0000;None;481800.0000
7666;2023-03-10 13:23:27.767000;3;104355;1;1;11800.0000;1;44611.0000;None;481800.0000
7666;2023-03-10 13:23:27.767000;1;104341;1;1;39800.0000;1;44611.0000;None;481800.0000
7666;2023-03-10 13:23:27.767000;3;200644;1;1;6800.0000;1;44611.0000;None;481800.0000
7666;2023-03-10 13:23:27.767000;3;201304;1;3;20400.0000;1;44611.0000;None;481800.0000
7666;2023-03-10 13:23:27.767000;1;107826;1;1;46800.0000;1;44611.0000;None;481800.0000
7666;2023-03-10 13:23:27.767000;1;109452;1;1;56800.0000;1;44611.0000;None;481800.0000
7666;2023-03-10 13:23:27.767000;3;201304;1;1;6800.0000;1;44611.0000;None;481800.0000
7666;2023-03-10 13:23:27.767000;1;107831;1;1;58800.0000;1;44611.0000;None;481800.0000
7666;2023-03-10 13:23:27.767000;1;104341;1;1;39800.0000;1;44611.0000;None;481800.0000
7666;2023-03-10 13:23:27.767000;3;104355;1;1;11800.0000;1;44611.0000;None;481800.0000
7667;2023-03-10 13:31:00.370000;1;109568;1;1;47800.0000;1;None;None;135800.0000
7667;2023-03-10 13:31:00.370000;7;1135;1;1;0.0000;1;None;None;135800.0000
7667;2023-03-10 13:31:00.370000;1;102172;1;1;3800.0000;1;None;None;135800.0000
7667;2023-03-10 13:31:00.370000;1;101007;1;1;63800.0000;1;None;None;135800.0000
7667;2023-03-10 13:31:00.370000;3;200644;1;1;6800.0000;1;None;None;135800.0000
7667;2023-03-10 13:31:00.370000;3;200644;1;1;6800.0000;1;None;None;135800.0000
7667;2023-03-10 13:31:00.370000;3;200644;1;1;6800.0000;1;None;None;135800.0000
7667;2023-03-10 13:31:00.370000;1;101270;1;1;0.0000;1;None;None;135800.0000
7667;2023-03-10 13:31:00.370000;1;101270;1;1;0.0000;1;None;None;135800.0000
7667;2023-03-10 13:31:00.370000;1;101270;1;1;0.0000;1;None;None;135800.0000
7668;2023-03-10 13:32:18.737000;1;101007;1;1;63800.0000;1;5907.0000;None;63800.0000
7668;2023-03-10 13:32:18.737000;7;1135;1;1;0.0000;1;5907.0000;None;63800.0000
7669;2023-03-10 13:33:54.103000;1;109568;1;1;47800.0000;1;4426.0000;None;47800.0000
7669;2023-03-10 13:33:54.103000;7;1135;1;1;0.0000;1;4426.0000;None;47800.0000
7670;2023-03-10 13:38:29.640000;1;104447;1;1;56800.0000;1;18222.0000;None;196800.0000
7670;2023-03-10 13:38:29.640000;1;109155;1;1;63800.0000;1;18222.0000;None;196800.0000
7670;2023-03-10 13:38:29.640000;3;104355;1;1;11800.0000;1;18222.0000;None;196800.0000
7670;2023-03-10 13:38:29.640000;3;104355;1;1;11800.0000;1;18222.0000;None;196800.0000
7670;2023-03-10 13:38:29.640000;1;107840;1;1;45800.0000;1;18222.0000;None;196800.0000
7670;2023-03-10 13:38:29.640000;3;201146;1;1;6800.0000;1;18222.0000;None;196800.0000
7671;2023-03-10 13:39:44.650000;1;107831;1;1;58800.0000;1;6704.0000;None;72400.0000
7671;2023-03-10 13:39:44.650000;3;201304;1;1;6800.0000;1;6704.0000;None;72400.0000
7671;2023-03-10 13:39:44.650000;3;201304;1;1;6800.0000;1;6704.0000;None;72400.0000
7672;2023-03-10 13:40:36.687000;1;104347;1;1;46800.0000;1;None;None;117200.0000
7672;2023-03-10 13:40:36.687000;1;104347;1;1;46800.0000;1;None;None;117200.0000
7672;2023-03-10 13:40:36.687000;3;104355;1;1;11800.0000;1;None;None;117200.0000
7672;2023-03-10 13:40:36.687000;3;104355;1;1;11800.0000;1;None;None;117200.0000
7672;2023-03-10 13:40:36.687000;7;1207;1;1;0.0000;1;None;None;117200.0000
7673;2023-03-10 13:43:40.387000;1;109450;1;1;33800.0000;1;14259.0000;None;154000.0000
7673;2023-03-10 13:43:40.387000;1;104357;1;1;45800.0000;1;14259.0000;None;154000.0000
7673;2023-03-10 13:43:40.387000;1;108323;1;1;52800.0000;1;14259.0000;None;154000.0000
7673;2023-03-10 13:43:40.387000;3;200644;1;1;6800.0000;1;14259.0000;None;154000.0000
7673;2023-03-10 13:43:40.387000;2;201615;1;1;14800.0000;1;14259.0000;None;154000.0000
7674;2023-03-10 13:47:15.120000;1;109568;1;1;47800.0000;1;16907.0000;None;182600.0000
7674;2023-03-10 13:47:15.137000;7;1135;1;1;0.0000;1;16907.0000;None;182600.0000
7674;2023-03-10 13:47:15.137000;1;102172;1;1;3800.0000;1;16907.0000;None;182600.0000
7674;2023-03-10 13:47:15.137000;1;104347;1;1;46800.0000;1;16907.0000;None;182600.0000
7674;2023-03-10 13:47:15.137000;1;101007;1;1;63800.0000;1;16907.0000;None;182600.0000
7674;2023-03-10 13:47:15.137000;3;201269;1;1;6800.0000;1;16907.0000;None;182600.0000
7674;2023-03-10 13:47:15.137000;3;201221;1;1;6800.0000;1;16907.0000;None;182600.0000
7674;2023-03-10 13:47:15.137000;3;201221;1;1;6800.0000;1;16907.0000;None;182600.0000
7675;2023-03-10 13:48:46.857000;1;109155;1;1;63800.0000;1;6537.0000;None;70600.0000
7675;2023-03-10 13:48:46.857000;3;201304;1;1;6800.0000;1;6537.0000;None;70600.0000
7676;2023-03-10 13:52:32.817000;1;103351;1;1;36800.0000;1;14167.0000;None;153000.0000
7676;2023-03-10 13:52:32.817000;1;102172;1;1;3800.0000;1;14167.0000;None;153000.0000
7676;2023-03-10 13:52:32.817000;1;103993;1;1;16800.0000;1;14167.0000;None;153000.0000
7676;2023-03-10 13:52:32.817000;1;109156;1;1;32800.0000;1;14167.0000;None;153000.0000
7676;2023-03-10 13:52:32.817000;1;109157;1;1;62800.0000;1;14167.0000;None;153000.0000
7677;2023-03-10 13:53:51.573000;1;101007;1;1;63800.0000;1;13556.0000;None;146400.0000
7677;2023-03-10 13:53:51.573000;1;109452;1;1;56800.0000;1;13556.0000;None;146400.0000
7677;2023-03-10 13:53:51.573000;3;201304;1;3;20400.0000;1;13556.0000;None;146400.0000
7677;2023-03-10 13:53:51.573000;1;104777;1;1;1800.0000;1;13556.0000;None;146400.0000
7677;2023-03-10 13:53:51.573000;1;104777;1;1;1800.0000;1;13556.0000;None;146400.0000
7677;2023-03-10 13:53:51.573000;1;104777;1;1;1800.0000;1;13556.0000;None;146400.0000
7678;2023-03-10 13:55:54.303000;1;108323;1;1;52800.0000;1;5519.0000;None;59600.0000
7678;2023-03-10 13:55:54.303000;3;201304;1;1;6800.0000;1;5519.0000;None;59600.0000
7679;2023-03-10 13:56:58.273000;1;109156;1;1;32800.0000;1;4407.0000;None;47600.0000
7679;2023-03-10 13:56:58.273000;2;201615;1;1;14800.0000;1;4407.0000;None;47600.0000
7680;2023-03-10 13:57:59.583000;1;106866;1;1;27800.0000;1;None;None;119200.0000
7680;2023-03-10 13:57:59.583000;7;1135;1;1;0.0000;1;None;None;119200.0000
7680;2023-03-10 13:57:59.583000;1;104341;1;1;39800.0000;1;None;None;119200.0000
7680;2023-03-10 13:57:59.583000;1;104341;1;1;39800.0000;1;None;None;119200.0000
7680;2023-03-10 13:57:59.583000;3;104355;1;1;11800.0000;1;None;None;119200.0000
7681;2023-03-10 13:59:39.080000;1;107831;1;1;58800.0000;1;7630.0000;None;82400.0000
7681;2023-03-10 13:59:39.080000;3;104355;1;1;11800.0000;1;7630.0000;None;82400.0000
7681;2023-03-10 13:59:39.080000;3;104355;1;1;11800.0000;1;7630.0000;None;82400.0000
7682;2023-03-10 14:01:58.757000;1;107831;1;1;58800.0000;1;7074.0000;None;76400.0000
7682;2023-03-10 14:01:58.757000;2;201184;1;1;10800.0000;1;7074.0000;None;76400.0000
7682;2023-03-10 14:01:58.757000;3;200644;1;1;6800.0000;1;7074.0000;None;76400.0000
7683;2023-03-10 14:07:01.557000;1;104341;1;1;39800.0000;1;3685.0000;None;39800.0000
7684;2023-03-10 14:13:14.973000;1;107832;1;1;41800.0000;1;5870.0000;None;63400.0000
7684;2023-03-10 14:13:14.973000;3;201221;1;1;6800.0000;1;5870.0000;None;63400.0000
7684;2023-03-10 14:13:14.973000;2;201615;1;1;14800.0000;1;5870.0000;None;63400.0000
7685;2023-03-10 14:15:07.127000;1;109245;1;1;47800.0000;1;9833.0000;None;106200.0000
7685;2023-03-10 14:15:07.127000;1;104341;1;1;39800.0000;1;9833.0000;None;106200.0000
7685;2023-03-10 14:15:07.127000;3;104355;1;1;11800.0000;1;9833.0000;None;106200.0000
7685;2023-03-10 14:15:07.127000;3;201269;1;1;6800.0000;1;9833.0000;None;106200.0000
7685;2023-03-10 14:15:07.127000;1;101270;1;1;0.0000;1;9833.0000;None;106200.0000
7686;2023-03-10 14:21:13.790000;3;104355;1;1;11800.0000;1;None;None;18600.0000
7686;2023-03-10 14:21:13.790000;3;200644;1;1;6800.0000;1;None;None;18600.0000
7687;2023-03-10 14:24:34.850000;3;104355;1;1;11800.0000;1;None;None;11800.0000
7688;2023-03-10 14:25:46.110000;None;109591;None;1;15800.0000;1;None;None;15800.0000
7689;2023-03-10 14:28:43.903000;3;201304;1;1;6800.0000;1;None;None;20400.0000
7689;2023-03-10 14:28:43.903000;3;201304;1;1;6800.0000;1;None;None;20400.0000
7689;2023-03-10 14:28:43.903000;3;200644;1;1;6800.0000;1;None;None;20400.0000
7690;2023-03-10 14:34:12.070000;1;101007;1;1;63800.0000;1;13056.0000;None;141000.0000
7690;2023-03-10 14:34:12.070000;7;1135;1;1;0.0000;1;13056.0000;None;141000.0000
7690;2023-03-10 14:34:12.087000;1;104447;1;1;56800.0000;1;13056.0000;None;141000.0000
7690;2023-03-10 14:34:12.087000;3;200644;1;1;6800.0000;1;13056.0000;None;141000.0000
7690;2023-03-10 14:34:12.087000;3;200644;1;1;6800.0000;1;13056.0000;None;141000.0000
7690;2023-03-10 14:34:12.087000;3;201269;1;1;6800.0000;1;13056.0000;None;141000.0000
7690;2023-03-10 14:34:12.087000;4;108191;1;1;0.0000;1;13056.0000;None;141000.0000
7691;2023-03-10 14:37:06.037000;1;107839;1;1;41800.0000;1;14167.0000;None;153000.0000
7691;2023-03-10 14:37:06.037000;1;104450;1;1;23800.0000;1;14167.0000;None;153000.0000
7691;2023-03-10 14:37:06.037000;7;1135;1;1;0.0000;1;14167.0000;None;153000.0000
7691;2023-03-10 14:37:06.037000;1;109155;1;1;63800.0000;1;14167.0000;None;153000.0000
7691;2023-03-10 14:37:06.037000;3;104355;1;1;11800.0000;1;14167.0000;None;153000.0000
7691;2023-03-10 14:37:06.037000;3;104355;1;1;11800.0000;1;14167.0000;None;153000.0000
7692;2023-03-10 14:38:12.473000;1;104347;1;1;46800.0000;1;4963.0000;None;53600.0000
7692;2023-03-10 14:38:12.473000;3;201146;1;1;6800.0000;1;4963.0000;None;53600.0000
7692;2023-03-10 14:38:12.473000;7;1207;1;1;0.0000;1;4963.0000;None;53600.0000
7692;2023-03-10 14:38:12.473000;1;101270;1;1;0.0000;1;4963.0000;None;53600.0000
7693;2023-03-10 14:39:50.400000;1;107839;1;1;41800.0000;1;None;None;53600.0000
7693;2023-03-10 14:39:50.400000;3;104355;1;1;11800.0000;1;None;None;53600.0000
7693;2023-03-10 14:39:50.400000;7;1207;1;1;0.0000;1;None;None;53600.0000
7694;2023-03-10 14:40:50.570000;2;201615;1;1;14800.0000;1;None;None;14800.0000
7695;2023-03-10 14:44:31.013000;1;107893;1;1;56800.0000;1;16296.0000;None;176000.0000
7695;2023-03-10 14:44:31.013000;1;104341;1;1;39800.0000;1;16296.0000;None;176000.0000
7695;2023-03-10 14:44:31.013000;1;108014;1;1;1000.0000;1;16296.0000;None;176000.0000
7695;2023-03-10 14:44:31.013000;2;201615;1;1;14800.0000;1;16296.0000;None;176000.0000
7695;2023-03-10 14:44:31.013000;3;200644;1;1;6800.0000;1;16296.0000;None;176000.0000
7695;2023-03-10 14:44:31.013000;1;104447;1;1;56800.0000;1;16296.0000;None;176000.0000
7696;2023-03-10 14:50:49.863000;1;109157;1;1;62800.0000;1;11167.0000;None;120600.0000
7696;2023-03-10 14:50:49.863000;1;109454;1;1;57800.0000;1;11167.0000;None;120600.0000
7697;2023-03-10 14:57:19.673000;1;107832;1;1;41800.0000;1;44611.0000;None;481800.0000
7697;2023-03-10 14:57:19.673000;1;104347;1;1;46800.0000;1;44611.0000;None;481800.0000
7697;2023-03-10 14:57:19.673000;1;107826;1;2;93600.0000;1;44611.0000;None;481800.0000
7697;2023-03-10 14:57:19.673000;1;104974;1;1;46800.0000;1;44611.0000;None;481800.0000
7697;2023-03-10 14:57:19.673000;3;104355;1;2;23600.0000;1;44611.0000;None;481800.0000
7697;2023-03-10 14:57:19.673000;1;104341;1;2;79600.0000;1;44611.0000;None;481800.0000
7697;2023-03-10 14:57:19.673000;3;200644;1;1;6800.0000;1;44611.0000;None;481800.0000
7697;2023-03-10 14:57:19.673000;3;201304;1;4;27200.0000;1;44611.0000;None;481800.0000
7697;2023-03-10 14:57:19.673000;1;109452;1;1;56800.0000;1;44611.0000;None;481800.0000
7697;2023-03-10 14:57:19.673000;1;107831;1;1;58800.0000;1;44611.0000;None;481800.0000
7698;2023-03-10 15:09:55.910000;1;108320;1;1;32800.0000;1;None;None;65600.0000
7698;2023-03-10 15:09:55.910000;1;108320;1;1;32800.0000;1;None;None;65600.0000
7698;2023-03-10 15:09:55.910000;7;1135;1;1;0.0000;1;None;None;65600.0000
7700;2023-03-10 15:17:46.297000;1;107831;1;1;58800.0000;1;15574.0000;None;168200.0000
7700;2023-03-10 15:17:46.297000;1;108319;1;1;85800.0000;1;15574.0000;None;168200.0000
7700;2023-03-10 15:17:46.297000;7;1135;1;1;0.0000;1;15574.0000;None;168200.0000
7700;2023-03-10 15:17:46.297000;3;104355;1;1;11800.0000;1;15574.0000;None;168200.0000
7700;2023-03-10 15:17:46.297000;3;104355;1;1;11800.0000;1;15574.0000;None;168200.0000
7701;2023-03-10 15:23:40.613000;1;104447;1;1;56800.0000;1;13259.0000;None;143200.0000
7701;2023-03-10 15:23:40.613000;1;104347;1;1;46800.0000;1;13259.0000;None;143200.0000
7701;2023-03-10 15:23:40.613000;3;201146;1;1;6800.0000;1;13259.0000;None;143200.0000
7701;2023-03-10 15:23:40.613000;7;1207;1;1;0.0000;1;13259.0000;None;143200.0000
7701;2023-03-10 15:23:40.613000;1;109156;1;1;32800.0000;1;13259.0000;None;143200.0000
7702;2023-03-10 15:24:35.547000;3;201304;1;1;6800.0000;1;None;None;6800.0000
7703;2023-03-10 15:26:57.770000;1;109243;1;1;45800.0000;1;8796.0000;None;95000.0000
7703;2023-03-10 15:26:57.770000;1;108054;1;1;29800.0000;1;8796.0000;None;95000.0000
7703;2023-03-10 15:26:57.770000;3;107873;1;1;8800.0000;1;8796.0000;None;95000.0000
7703;2023-03-10 15:26:57.770000;3;201146;1;1;6800.0000;1;8796.0000;None;95000.0000
7703;2023-03-10 15:26:57.770000;1;102170;1;1;3800.0000;1;8796.0000;None;95000.0000
7704;2023-03-10 15:41:30.683000;1;107823;1;1;24800.0000;1;2648.0000;None;28600.0000
7704;2023-03-10 15:41:30.683000;1;102170;1;1;3800.0000;1;2648.0000;None;28600.0000
7705;2023-03-10 15:51:09.593000;1;104447;1;1;56800.0000;1;15167.0000;None;163800.0000
7705;2023-03-10 15:51:09.593000;1;108323;1;1;52800.0000;1;15167.0000;None;163800.0000
7705;2023-03-10 15:51:09.593000;1;109450;1;1;33800.0000;1;15167.0000;None;163800.0000
7705;2023-03-10 15:51:09.593000;3;201304;1;1;6800.0000;1;15167.0000;None;163800.0000
7705;2023-03-10 15:51:09.593000;3;201304;1;1;6800.0000;1;15167.0000;None;163800.0000
7705;2023-03-10 15:51:09.593000;3;201221;1;1;6800.0000;1;15167.0000;None;163800.0000
7706;2023-03-10 15:57:09.610000;1;109245;1;1;47800.0000;1;5519.0000;None;59600.0000
7706;2023-03-10 15:57:09.610000;3;104355;1;1;11800.0000;1;5519.0000;None;59600.0000
7707;2023-03-10 15:57:56.400000;1;104447;1;1;56800.0000;1;None;None;56800.0000
7707;2023-03-10 15:57:56.400000;7;1135;1;1;0.0000;1;None;None;56800.0000
7708;2023-03-10 15:59:39.997000;1;107831;1;1;58800.0000;1;None;None;58800.0000
7708;2023-03-10 15:59:39.997000;7;1135;1;1;0.0000;1;None;None;58800.0000
7709;2023-03-10 16:01:20.323000;1;109156;1;1;32800.0000;1;10944.0000;None;118200.0000
7709;2023-03-10 16:01:20.323000;1;109155;1;1;63800.0000;1;10944.0000;None;118200.0000
7709;2023-03-10 16:01:20.323000;2;201615;1;1;14800.0000;1;10944.0000;None;118200.0000
7709;2023-03-10 16:01:20.323000;3;201304;1;1;6800.0000;1;10944.0000;None;118200.0000
7710;2023-03-10 16:03:08.017000;1;109245;1;1;47800.0000;1;11593.0000;None;125200.0000
7710;2023-03-10 16:03:08.017000;1;109155;1;1;63800.0000;1;11593.0000;None;125200.0000
7710;2023-03-10 16:03:08.017000;3;201221;1;1;6800.0000;1;11593.0000;None;125200.0000
7710;2023-03-10 16:03:08.017000;3;201221;1;1;6800.0000;1;11593.0000;None;125200.0000
7711;2023-03-10 16:05:37.400000;1;109155;1;1;63800.0000;1;17130.0000;None;185000.0000
7711;2023-03-10 16:05:37.400000;1;104357;1;1;45800.0000;1;17130.0000;None;185000.0000
7711;2023-03-10 16:05:37.400000;1;104447;1;1;56800.0000;1;17130.0000;None;185000.0000
7711;2023-03-10 16:05:37.400000;3;201146;1;1;6800.0000;1;17130.0000;None;185000.0000
7711;2023-03-10 16:05:37.400000;3;104355;1;1;11800.0000;1;17130.0000;None;185000.0000
7712;2023-03-10 16:32:20.970000;2;103225;1;1;48800.0000;1;None;None;63600.0000
7712;2023-03-10 16:32:20.970000;2;201615;1;1;14800.0000;1;None;None;63600.0000
7713;2023-03-10 16:41:36.713000;3;104355;1;1;11800.0000;1;None;None;11800.0000
7714;2023-03-10 16:42:56.187000;2;101327;1;1;29800.0000;1;2759.0000;None;29800.0000
7716;2023-03-10 16:50:22.110000;1;107831;1;1;58800.0000;1;None;None;201200.0000
7716;2023-03-10 16:50:22.110000;1;107831;1;1;58800.0000;1;None;None;201200.0000
7716;2023-03-10 16:50:22.110000;1;107839;1;1;41800.0000;1;None;None;201200.0000
7716;2023-03-10 16:50:22.110000;1;107839;1;1;41800.0000;1;None;None;201200.0000
7716;2023-03-10 16:50:22.110000;7;1135;1;1;0.0000;1;None;None;201200.0000
7717;2023-03-10 17:06:20.297000;2;201615;1;1;14800.0000;1;None;None;14800.0000
7718;2023-03-10 17:09:26.480000;1;104450;1;1;23800.0000;1;4000.0000;None;43200.0000
7718;2023-03-10 17:09:26.480000;7;1135;1;1;0.0000;1;4000.0000;None;43200.0000
7718;2023-03-10 17:09:26.480000;3;100613;1;1;5800.0000;1;4000.0000;None;43200.0000
7718;2023-03-10 17:09:26.480000;3;100607;1;1;6800.0000;1;4000.0000;None;43200.0000
7718;2023-03-10 17:09:26.480000;3;200644;1;1;6800.0000;1;4000.0000;None;43200.0000
7719;2023-03-10 17:12:36.163000;2;201615;1;1;14800.0000;1;None;None;29600.0000
7719;2023-03-10 17:12:36.163000;2;201615;1;1;14800.0000;1;None;None;29600.0000
7720;2023-03-10 17:15:34.893000;1;107827;1;1;53800.0000;1;None;None;102400.0000
7720;2023-03-10 17:15:34.893000;1;107839;1;1;41800.0000;1;None;None;102400.0000
7720;2023-03-10 17:15:34.893000;3;201269;1;1;6800.0000;1;None;None;102400.0000
7721;2023-03-10 17:58:51.403000;1;109451;1;1;26800.0000;1;None;None;26800.0000
7722;2023-03-10 18:00:30.507000;1;107827;1;1;53800.0000;1;None;None;53800.0000
7722;2023-03-10 18:00:30.507000;7;1135;1;1;0.0000;1;None;None;53800.0000
7723;2023-03-10 18:08:59.050000;1;103993;1;1;16800.0000;1;None;None;16800.0000
7724;2023-03-10 18:54:46.117000;1;108314;1;1;39800.0000;1;19482.0000;None;210400.0000
7724;2023-03-10 18:54:46.117000;1;108320;1;1;32800.0000;1;19482.0000;None;210400.0000
7724;2023-03-10 18:54:46.117000;3;201304;1;1;6800.0000;1;19482.0000;None;210400.0000
7724;2023-03-10 18:54:46.117000;3;200644;1;1;6800.0000;1;19482.0000;None;210400.0000
7724;2023-03-10 18:54:46.117000;3;201277;1;1;6800.0000;1;19482.0000;None;210400.0000
7724;2023-03-10 18:54:46.117000;1;101007;1;1;63800.0000;1;19482.0000;None;210400.0000
7724;2023-03-10 18:54:46.117000;1;104347;1;1;46800.0000;1;19482.0000;None;210400.0000
7724;2023-03-10 18:54:46.117000;3;201261;1;1;6800.0000;1;19482.0000;None;210400.0000
7725;2023-03-10 18:57:41.753000;1;107846;1;1;33800.0000;1;10185.0000;None;110000.0000
7725;2023-03-10 18:57:41.753000;1;107831;1;1;58800.0000;1;10185.0000;None;110000.0000
7725;2023-03-10 18:57:41.753000;1;102170;1;1;3800.0000;1;10185.0000;None;110000.0000
7725;2023-03-10 18:57:41.753000;3;201146;1;1;6800.0000;1;10185.0000;None;110000.0000
7725;2023-03-10 18:57:41.753000;3;200644;1;1;6800.0000;1;10185.0000;None;110000.0000
7726;2023-03-10 19:00:36.433000;1;109451;1;1;26800.0000;1;9185.0000;None;99200.0000
7726;2023-03-10 19:00:36.433000;1;107831;1;1;58800.0000;1;9185.0000;None;99200.0000
7726;2023-03-10 19:00:36.433000;3;201269;1;1;6800.0000;1;9185.0000;None;99200.0000
7726;2023-03-10 19:00:36.433000;1;101270;1;1;0.0000;1;9185.0000;None;99200.0000
7726;2023-03-10 19:00:36.433000;3;201269;1;1;6800.0000;1;9185.0000;None;99200.0000
7726;2023-03-10 19:00:36.433000;1;101270;1;1;0.0000;1;9185.0000;None;99200.0000
7727;2023-03-10 19:08:18.547000;1;104347;1;1;46800.0000;1;11685.0000;None;126200.0000
7727;2023-03-10 19:08:18.547000;1;109454;1;1;57800.0000;1;11685.0000;None;126200.0000
7727;2023-03-10 19:08:18.547000;2;201615;1;1;14800.0000;1;11685.0000;None;126200.0000
7727;2023-03-10 19:08:18.547000;4;108191;1;1;0.0000;1;11685.0000;None;126200.0000
7727;2023-03-10 19:08:18.547000;3;201221;1;1;6800.0000;1;11685.0000;None;126200.0000
7728;2023-03-10 19:11:47.223000;1;107846;1;1;33800.0000;1;None;None;168200.0000
7728;2023-03-10 19:11:47.223000;1;107846;1;1;33800.0000;1;None;None;168200.0000
7728;2023-03-10 19:11:47.223000;7;1135;1;1;0.0000;1;None;None;168200.0000
7728;2023-03-10 19:11:47.223000;1;107839;1;1;41800.0000;1;None;None;168200.0000
7728;2023-03-10 19:11:47.223000;1;107831;1;1;58800.0000;1;None;None;168200.0000
7728;2023-03-10 19:11:47.223000;7;1135;1;1;0.0000;1;None;None;168200.0000
7729;2023-03-10 19:13:47.067000;1;107839;1;1;41800.0000;1;11407.0000;None;123200.0000
7729;2023-03-10 19:13:47.067000;7;1135;1;1;0.0000;1;11407.0000;None;123200.0000
7729;2023-03-10 19:13:47.067000;3;107873;1;1;8800.0000;1;11407.0000;None;123200.0000
7729;2023-03-10 19:13:47.067000;1;107831;1;1;58800.0000;1;11407.0000;None;123200.0000
7729;2023-03-10 19:13:47.067000;2;201959;1;1;13800.0000;1;11407.0000;None;123200.0000
7730;2023-03-10 19:22:15.607000;1;107831;1;1;58800.0000;1;None;None;72400.0000
7730;2023-03-10 19:22:15.607000;3;201304;1;1;6800.0000;1;None;None;72400.0000
7730;2023-03-10 19:22:15.607000;3;201304;1;1;6800.0000;1;None;None;72400.0000
7731;2023-03-10 19:23:33.903000;1;109155;1;1;63800.0000;1;12426.0000;None;134200.0000
7731;2023-03-10 19:23:33.903000;1;104447;1;1;56800.0000;1;12426.0000;None;134200.0000
7731;2023-03-10 19:23:33.903000;3;201304;1;1;6800.0000;1;12426.0000;None;134200.0000
7731;2023-03-10 19:23:33.903000;3;201304;1;1;6800.0000;1;12426.0000;None;134200.0000
7731;2023-03-10 19:23:33.903000;1;101270;1;1;0.0000;1;12426.0000;None;134200.0000
7732;2023-03-10 19:24:47.647000;1;107824;1;1;23800.0000;1;None;None;34600.0000
7732;2023-03-10 19:24:47.647000;2;201184;1;1;10800.0000;1;None;None;34600.0000
7733;2023-03-10 19:25:37.733000;1;108321;1;1;27800.0000;1;None;None;36600.0000
7733;2023-03-10 19:25:37.733000;3;107873;1;1;8800.0000;1;None;None;36600.0000
7734;2023-03-10 19:27:21.163000;1;108320;1;1;32800.0000;1;None;None;88200.0000
7734;2023-03-10 19:27:21.163000;1;107839;1;1;41800.0000;1;None;None;88200.0000
7734;2023-03-10 19:27:21.163000;3;200644;1;1;6800.0000;1;None;None;88200.0000
7734;2023-03-10 19:27:21.163000;3;201304;1;1;6800.0000;1;None;None;88200.0000
7735;2023-03-10 19:28:49.920000;1;104358;1;1;23800.0000;1;6870.0000;None;74200.0000
7735;2023-03-10 19:28:49.920000;7;1135;1;1;0.0000;1;6870.0000;None;74200.0000
7735;2023-03-10 19:28:49.920000;1;103351;1;1;36800.0000;1;6870.0000;None;74200.0000
7735;2023-03-10 19:28:49.920000;3;200644;1;1;6800.0000;1;6870.0000;None;74200.0000
7735;2023-03-10 19:28:49.920000;3;200644;1;1;6800.0000;1;6870.0000;None;74200.0000
7736;2023-03-10 19:34:55.560000;1;107823;1;1;24800.0000;1;5963.0000;None;64400.0000
7736;2023-03-10 19:34:55.560000;7;1135;1;1;0.0000;1;5963.0000;None;64400.0000
7736;2023-03-10 19:34:55.560000;1;109156;1;1;32800.0000;1;5963.0000;None;64400.0000
7736;2023-03-10 19:34:55.560000;3;201304;1;1;6800.0000;1;5963.0000;None;64400.0000
7737;2023-03-10 19:49:38.773000;1;107831;1;1;58800.0000;1;7074.0000;None;76400.0000
7737;2023-03-10 19:49:38.773000;3;201221;1;1;6800.0000;1;7074.0000;None;76400.0000
7737;2023-03-10 19:49:38.773000;2;201184;1;1;10800.0000;1;7074.0000;None;76400.0000
7738;2023-03-10 19:59:57.157000;1;109452;1;1;56800.0000;1;10944.0000;None;118200.0000
7738;2023-03-10 19:59:57.157000;1;109245;1;1;47800.0000;1;10944.0000;None;118200.0000
7738;2023-03-10 19:59:57.157000;3;201146;1;1;6800.0000;1;10944.0000;None;118200.0000
7738;2023-03-10 19:59:57.157000;3;200644;1;1;6800.0000;1;10944.0000;None;118200.0000
7739;2023-03-10 20:05:46.990000;1;104347;1;1;46800.0000;1;None;None;61600.0000
7739;2023-03-10 20:05:46.990000;2;201615;1;1;14800.0000;1;None;None;61600.0000
7740;2023-03-10 20:07:09.210000;1;103351;1;1;36800.0000;1;None;None;43600.0000
7740;2023-03-10 20:07:09.210000;3;100606;1;1;6800.0000;1;None;None;43600.0000
7741;2023-03-10 20:08:40.070000;1;109245;1;1;47800.0000;1;None;None;62600.0000
7741;2023-03-10 20:08:40.070000;2;201615;1;1;14800.0000;1;None;None;62600.0000
7742;2023-03-10 20:12:05.307000;1;104341;1;1;39800.0000;1;10907.0000;None;117800.0000
7742;2023-03-10 20:12:05.307000;1;108054;1;1;29800.0000;1;10907.0000;None;117800.0000
7742;2023-03-10 20:12:05.307000;1;108321;1;1;27800.0000;1;10907.0000;None;117800.0000
7742;2023-03-10 20:12:05.307000;3;200644;1;1;6800.0000;1;10907.0000;None;117800.0000
7742;2023-03-10 20:12:05.307000;1;101270;1;1;0.0000;1;10907.0000;None;117800.0000
7742;2023-03-10 20:12:05.307000;3;201221;1;1;6800.0000;1;10907.0000;None;117800.0000
7742;2023-03-10 20:12:05.307000;3;201146;1;1;6800.0000;1;10907.0000;None;117800.0000
7742;2023-03-10 20:12:05.307000;1;101270;1;1;0.0000;1;10907.0000;None;117800.0000
7744;2023-03-10 20:19:50.463000;1;107831;1;1;58800.0000;1;None;None;77400.0000
7744;2023-03-10 20:19:50.463000;3;104355;1;1;11800.0000;1;None;None;77400.0000
7744;2023-03-10 20:19:50.463000;3;201146;1;1;6800.0000;1;None;None;77400.0000
7745;2023-03-10 20:20:46.217000;3;100613;1;1;5800.0000;1;None;None;5800.0000
7746;2023-03-10 20:23:11.027000;1;108314;1;1;39800.0000;1;None;None;69400.0000
7746;2023-03-10 20:23:11.027000;2;201615;1;1;14800.0000;1;None;None;69400.0000
7746;2023-03-10 20:23:11.027000;2;201615;1;1;14800.0000;1;None;None;69400.0000
7747;2023-03-10 20:28:22.937000;1;108321;1;1;27800.0000;1;10537.0000;None;113800.0000
7747;2023-03-10 20:28:22.937000;1;108321;1;1;27800.0000;1;10537.0000;None;113800.0000
7747;2023-03-10 20:28:22.937000;3;201221;1;1;6800.0000;1;10537.0000;None;113800.0000
7747;2023-03-10 20:28:22.937000;1;108054;1;1;29800.0000;1;10537.0000;None;113800.0000
7747;2023-03-10 20:28:22.937000;2;201184;1;1;10800.0000;1;10537.0000;None;113800.0000
7747;2023-03-10 20:28:22.937000;2;201184;1;1;10800.0000;1;10537.0000;None;113800.0000
7748;2023-03-10 20:30:00.287000;1;104447;1;1;56800.0000;1;15482.0000;None;167200.0000
7748;2023-03-10 20:30:00.287000;1;108323;1;1;52800.0000;1;15482.0000;None;167200.0000
7748;2023-03-10 20:30:00.287000;1;109243;1;1;45800.0000;1;15482.0000;None;167200.0000
7748;2023-03-10 20:30:00.287000;3;104355;1;1;11800.0000;1;15482.0000;None;167200.0000
7749;2023-03-10 20:36:14.310000;1;109156;1;1;32800.0000;1;None;None;69400.0000
7749;2023-03-10 20:36:14.310000;1;107823;1;1;24800.0000;1;None;None;69400.0000
7749;2023-03-10 20:36:14.310000;3;104355;1;1;11800.0000;1;None;None;69400.0000
7750;2023-03-10 20:48:19.103000;1;108321;1;1;27800.0000;1;7333.0000;None;79200.0000
7750;2023-03-10 20:48:19.103000;1;108054;1;1;29800.0000;1;7333.0000;None;79200.0000
7750;2023-03-10 20:48:19.103000;7;1135;1;1;0.0000;1;7333.0000;None;79200.0000
7750;2023-03-10 20:48:19.103000;2;201615;1;1;14800.0000;1;7333.0000;None;79200.0000
7750;2023-03-10 20:48:19.103000;3;201304;1;1;6800.0000;1;7333.0000;None;79200.0000
7751;2023-03-10 21:00:17.823000;1;109245;1;1;47800.0000;1;21685.0000;None;234200.0000
7751;2023-03-10 21:00:17.823000;1;109155;1;1;63800.0000;1;21685.0000;None;234200.0000
7751;2023-03-10 21:00:17.823000;1;101007;1;1;63800.0000;1;21685.0000;None;234200.0000
7751;2023-03-10 21:00:17.823000;1;107831;1;1;58800.0000;1;21685.0000;None;234200.0000
7752;2023-03-10 21:10:39.360000;1;109451;1;1;26800.0000;1;None;None;90600.0000
7752;2023-03-10 21:10:39.360000;1;109155;1;1;63800.0000;1;None;None;90600.0000
7752;2023-03-10 21:10:39.360000;7;1135;1;1;0.0000;1;None;None;90600.0000
7753;2023-03-10 21:20:26.940000;1;109155;1;1;63800.0000;1;11870.0000;None;128200.0000
7753;2023-03-10 21:20:26.940000;3;201146;1;1;6800.0000;1;11870.0000;None;128200.0000
7753;2023-03-10 21:20:26.940000;3;107873;1;1;8800.0000;1;11870.0000;None;128200.0000
7753;2023-03-10 21:20:26.940000;1;104337;1;1;48800.0000;1;11870.0000;None;128200.0000
7754;2023-03-10 21:26:50.973000;1;107832;1;-1;-41800.0000;1;-44611.0000;None;-481800.0000
7754;2023-03-10 21:26:50.973000;1;104347;1;-1;-46800.0000;1;-44611.0000;None;-481800.0000
7754;2023-03-10 21:26:50.973000;1;107826;1;-1;-46800.0000;1;-44611.0000;None;-481800.0000
7754;2023-03-10 21:26:50.973000;1;107826;1;-1;-46800.0000;1;-44611.0000;None;-481800.0000
7754;2023-03-10 21:26:50.973000;1;104974;1;-1;-46800.0000;1;-44611.0000;None;-481800.0000
7754;2023-03-10 21:26:50.973000;3;104355;1;-1;-11800.0000;1;-44611.0000;None;-481800.0000
7754;2023-03-10 21:26:50.973000;3;104355;1;-1;-11800.0000;1;-44611.0000;None;-481800.0000
7754;2023-03-10 21:26:50.973000;3;200644;1;-1;-6800.0000;1;-44611.0000;None;-481800.0000
7754;2023-03-10 21:26:50.973000;3;201304;1;-4;-27200.0000;1;-44611.0000;None;-481800.0000
7754;2023-03-10 21:26:50.973000;1;107831;1;-1;-58800.0000;1;-44611.0000;None;-481800.0000
7754;2023-03-10 21:26:50.973000;1;109452;1;-1;-56800.0000;1;-44611.0000;None;-481800.0000
7754;2023-03-10 21:26:50.973000;1;104341;1;-1;-39800.0000;1;-44611.0000;None;-481800.0000
7754;2023-03-10 21:26:50.973000;1;104341;1;-1;-39800.0000;1;-44611.0000;None;-481800.0000
7755;2023-03-10 21:29:50.743000;1;106866;1;1;27800.0000;1;None;None;27800.0000
7756;2023-03-10 21:33:14.920000;3;201221;1;1;6800.0000;1;None;None;6800.0000
7757;2023-03-10 21:37:20.653000;1;102170;1;1;3800.0000;1;None;None;7600.0000
7757;2023-03-10 21:37:20.653000;1;102170;1;1;3800.0000;1;None;None;7600.0000
7758;2023-03-10 21:00:17.823000;2;202145;1;1;93800.0000;1;12426.0000;None;134200.0000
7758;2023-03-10 21:44:30.860000;2;201615;1;1;14800.0000;1;12426.0000;None;134200.0000
7758;2023-03-10 21:44:30.860000;2;201615;1;1;14800.0000;1;12426.0000;None;134200.0000
7758;2023-03-10 21:44:30.860000;2;201184;1;1;10800.0000;1;12426.0000;None;134200.0000
