7892;2023-03-12 11:33:16.230000;7;1000;1;1;0.0000;1;15111.0000;None;163200.0000
7892;2023-03-12 16:14:27.840000;1;107839;1;1;41800.0000;1;15111.0000;None;163200.0000
7892;2023-03-12 16:14:27.840000;1;109454;1;1;57800.0000;1;15111.0000;None;163200.0000
7892;2023-03-12 16:14:27.840000;1;104447;1;1;56800.0000;1;15111.0000;None;163200.0000
7892;2023-03-12 16:14:27.840000;3;201304;1;1;6800.0000;1;15111.0000;None;163200.0000
7893;2023-03-12 12:27:35.957000;1;104447;1;1;56800.0000;1;5259.0000;None;56800.0000
7894;2023-03-12 12:30:05.680000;1;109155;1;1;63800.0000;1;None;None;102200.0000
7894;2023-03-12 12:30:05.680000;7;1135;1;1;0.0000;1;None;None;102200.0000
7894;2023-03-12 12:30:05.680000;1;107823;1;1;24800.0000;1;None;None;102200.0000
7894;2023-03-12 12:30:05.680000;3;201146;1;1;6800.0000;1;None;None;102200.0000
7894;2023-03-12 12:30:05.680000;3;201304;1;1;6800.0000;1;None;None;102200.0000
7895;2023-03-12 12:31:26.500000;1;106866;1;1;27800.0000;1;None;None;27800.0000
7896;2023-03-12 12:35:02.380000;1;107829;1;1;38800.0000;1;4222.0000;None;45600.0000
7896;2023-03-12 12:35:02.380000;3;200644;1;1;6800.0000;1;4222.0000;None;45600.0000
7896;2023-03-12 12:35:02.380000;1;101270;1;1;0.0000;1;4222.0000;None;45600.0000
7897;2023-03-12 12:45:24.237000;1;107827;1;1;53800.0000;1;None;None;112600.0000
7897;2023-03-12 12:45:24.237000;1;107831;1;1;58800.0000;1;None;None;112600.0000
7899;2023-03-12 12:49:13.827000;1;107824;1;1;23800.0000;1;9370.0000;None;101200.0000
7899;2023-03-12 12:49:13.827000;1;101007;1;1;63800.0000;1;9370.0000;None;101200.0000
7899;2023-03-12 12:49:13.827000;3;201304;1;1;6800.0000;1;9370.0000;None;101200.0000
7899;2023-03-12 12:49:13.827000;3;201277;1;1;6800.0000;1;9370.0000;None;101200.0000
7900;2023-03-12 12:53:30.933000;1;104450;1;1;23800.0000;1;14315.0000;None;154600.0000
7900;2023-03-12 12:53:30.933000;7;1135;1;1;0.0000;1;14315.0000;None;154600.0000
7900;2023-03-12 12:53:30.933000;1;107836;1;1;19800.0000;1;14315.0000;None;154600.0000
7900;2023-03-12 12:53:30.933000;1;107840;1;1;45800.0000;1;14315.0000;None;154600.0000
7900;2023-03-12 12:53:30.933000;1;103351;1;1;36800.0000;1;14315.0000;None;154600.0000
7900;2023-03-12 12:53:30.933000;3;201277;1;1;6800.0000;1;14315.0000;None;154600.0000
7900;2023-03-12 12:53:30.933000;3;201237;1;1;6800.0000;1;14315.0000;None;154600.0000
7900;2023-03-12 12:53:30.933000;1;107871;1;1;14800.0000;1;14315.0000;None;154600.0000
7901;2023-03-12 12:56:27.407000;1;104447;1;1;56800.0000;1;11556.0000;None;124800.0000
7901;2023-03-12 12:56:27.407000;1;102172;1;1;3800.0000;1;11556.0000;None;124800.0000
7901;2023-03-12 12:56:27.407000;1;102172;1;1;3800.0000;1;11556.0000;None;124800.0000
7901;2023-03-12 12:56:27.407000;3;201304;1;1;6800.0000;1;11556.0000;None;124800.0000
7901;2023-03-12 12:56:27.407000;7;2094;1;1;0.0000;1;11556.0000;None;124800.0000
7901;2023-03-12 12:56:27.407000;3;201146;1;1;6800.0000;1;11556.0000;None;124800.0000
7901;2023-03-12 12:56:27.407000;7;1207;1;1;0.0000;1;11556.0000;None;124800.0000
7901;2023-03-12 12:56:27.407000;1;104347;1;1;46800.0000;1;11556.0000;None;124800.0000
7901;2023-03-12 12:56:27.407000;7;1135;1;1;0.0000;1;11556.0000;None;124800.0000
7902;2023-03-12 12:58:05.077000;1;104447;1;1;56800.0000;1;None;None;56800.0000
7903;2023-03-12 12:59:21.497000;1;107831;1;1;58800.0000;1;None;None;85600.0000
7903;2023-03-12 12:59:21.497000;1;109451;1;1;26800.0000;1;None;None;85600.0000
7903;2023-03-12 12:59:21.497000;7;1135;1;1;0.0000;1;None;None;85600.0000
7903;2023-03-12 12:59:21.497000;7;1135;1;1;0.0000;1;None;None;85600.0000
7904;2023-03-12 13:01:40.417000;1;107831;1;1;58800.0000;1;10593.0000;None;114400.0000
7904;2023-03-12 13:01:40.417000;2;103225;1;1;48800.0000;1;10593.0000;None;114400.0000
7904;2023-03-12 13:01:40.417000;3;201146;1;1;6800.0000;1;10593.0000;None;114400.0000
7905;2023-03-12 13:04:42.667000;1;105696;1;1;69800.0000;1;20611.0000;None;222600.0000
7905;2023-03-12 13:04:42.667000;7;1135;1;1;0.0000;1;20611.0000;None;222600.0000
7905;2023-03-12 13:04:42.667000;1;104341;1;1;39800.0000;1;20611.0000;None;222600.0000
7905;2023-03-12 13:04:42.667000;1;104341;1;1;39800.0000;1;20611.0000;None;222600.0000
7905;2023-03-12 13:04:42.667000;1;103351;1;1;36800.0000;1;20611.0000;None;222600.0000
7905;2023-03-12 13:04:42.667000;2;201184;1;1;10800.0000;1;20611.0000;None;222600.0000
7905;2023-03-12 13:04:42.667000;2;201615;1;1;14800.0000;1;20611.0000;None;222600.0000
7905;2023-03-12 13:04:42.667000;2;201184;1;1;10800.0000;1;20611.0000;None;222600.0000
7906;2023-03-12 13:09:03.893000;1;104341;1;1;39800.0000;1;13593.0000;None;146800.0000
7906;2023-03-12 13:09:03.893000;1;107831;1;1;58800.0000;1;13593.0000;None;146800.0000
7906;2023-03-12 13:09:03.893000;2;201184;1;1;10800.0000;1;13593.0000;None;146800.0000
7906;2023-03-12 13:09:03.893000;2;201960;1;1;13800.0000;1;13593.0000;None;146800.0000
7906;2023-03-12 13:09:03.893000;3;200644;1;1;6800.0000;1;13593.0000;None;146800.0000
7906;2023-03-12 13:09:03.893000;1;101270;1;1;0.0000;1;13593.0000;None;146800.0000
7906;2023-03-12 13:09:03.893000;3;108325;1;1;16800.0000;1;13593.0000;None;146800.0000
7907;2023-03-12 13:10:17.433000;1;109155;1;1;63800.0000;1;11296.0000;None;122000.0000
7907;2023-03-12 13:10:17.433000;1;106866;1;1;27800.0000;1;11296.0000;None;122000.0000
7907;2023-03-12 13:10:17.433000;3;104355;1;1;11800.0000;1;11296.0000;None;122000.0000
7907;2023-03-12 13:10:17.433000;3;104355;1;1;11800.0000;1;11296.0000;None;122000.0000
7907;2023-03-12 13:10:17.433000;3;201146;1;1;6800.0000;1;11296.0000;None;122000.0000
7908;2023-03-12 13:12:54.893000;1;101007;1;1;63800.0000;1;19426.0000;None;209800.0000
7908;2023-03-12 13:12:54.893000;7;1135;1;1;0.0000;1;19426.0000;None;209800.0000
7908;2023-03-12 13:12:54.893000;1;104447;1;1;56800.0000;1;19426.0000;None;209800.0000
7908;2023-03-12 13:12:54.893000;1;107831;1;1;58800.0000;1;19426.0000;None;209800.0000
7908;2023-03-12 13:12:54.893000;3;201304;1;1;6800.0000;1;19426.0000;None;209800.0000
7908;2023-03-12 13:12:54.893000;3;107873;1;1;8800.0000;1;19426.0000;None;209800.0000
7908;2023-03-12 13:12:54.893000;1;107871;1;1;14800.0000;1;19426.0000;None;209800.0000
7909;2023-03-12 13:14:09.290000;1;104341;1;1;39800.0000;1;10759.0000;None;116200.0000
7909;2023-03-12 13:14:09.290000;1;107831;1;1;58800.0000;1;10759.0000;None;116200.0000
7909;2023-03-12 13:14:09.290000;2;201184;1;1;10800.0000;1;10759.0000;None;116200.0000
7909;2023-03-12 13:14:09.290000;3;201304;1;1;6800.0000;1;10759.0000;None;116200.0000
7910;2023-03-12 13:15:25.063000;1;107831;1;1;58800.0000;1;6537.0000;None;70600.0000
7910;2023-03-12 13:15:25.063000;7;1135;1;1;0.0000;1;6537.0000;None;70600.0000
7910;2023-03-12 13:15:25.063000;3;104355;1;1;11800.0000;1;6537.0000;None;70600.0000
7911;2023-03-12 13:17:15.233000;1;107831;1;1;58800.0000;1;10407.0000;None;112400.0000
7911;2023-03-12 13:17:15.233000;1;107826;1;1;46800.0000;1;10407.0000;None;112400.0000
7911;2023-03-12 13:17:15.233000;3;201146;1;1;6800.0000;1;10407.0000;None;112400.0000
7912;2023-03-12 13:17:54.087000;2;201184;1;1;10800.0000;1;None;None;17600.0000
7912;2023-03-12 13:17:54.087000;3;201146;1;1;6800.0000;1;None;None;17600.0000
7913;2023-03-12 13:19:30.047000;1;104341;1;1;39800.0000;1;10482.0000;None;113200.0000
7913;2023-03-12 13:19:30.047000;1;109454;1;1;57800.0000;1;10482.0000;None;113200.0000
7913;2023-03-12 13:19:30.047000;3;200644;1;1;6800.0000;1;10482.0000;None;113200.0000
7913;2023-03-12 13:19:30.047000;1;101270;1;1;0.0000;1;10482.0000;None;113200.0000
7913;2023-03-12 13:19:30.047000;3;107873;1;1;8800.0000;1;10482.0000;None;113200.0000
7914;2023-03-12 13:22:55.657000;1;107826;1;1;46800.0000;1;11407.0000;None;123200.0000
7914;2023-03-12 13:22:55.657000;1;107831;1;1;58800.0000;1;11407.0000;None;123200.0000
7914;2023-03-12 13:22:55.657000;2;201184;1;1;10800.0000;1;11407.0000;None;123200.0000
7914;2023-03-12 13:22:55.657000;3;200644;1;1;6800.0000;1;11407.0000;None;123200.0000
7915;2023-03-12 13:24:33.873000;1;107839;1;1;41800.0000;1;None;None;41800.0000
7916;2023-03-12 13:30:07.347000;1;107831;1;1;58800.0000;1;None;None;65600.0000
7916;2023-03-12 13:30:07.347000;3;201146;1;1;6800.0000;1;None;None;65600.0000
7917;2023-03-12 13:33:46.190000;1;107831;1;1;58800.0000;1;18019.0000;None;194600.0000
7917;2023-03-12 13:33:46.190000;1;103993;1;1;16800.0000;1;18019.0000;None;194600.0000
7917;2023-03-12 13:33:46.190000;7;1135;1;1;0.0000;1;18019.0000;None;194600.0000
7917;2023-03-12 13:33:46.190000;3;107873;1;1;8800.0000;1;18019.0000;None;194600.0000
7917;2023-03-12 13:33:46.190000;1;104341;1;1;39800.0000;1;18019.0000;None;194600.0000
7917;2023-03-12 13:33:46.190000;1;107826;1;1;46800.0000;1;18019.0000;None;194600.0000
7917;2023-03-12 13:33:46.190000;1;103993;1;1;16800.0000;1;18019.0000;None;194600.0000
7917;2023-03-12 13:33:46.190000;3;200644;1;1;6800.0000;1;18019.0000;None;194600.0000
7918;2023-03-12 13:36:42.957000;1;107831;1;1;58800.0000;1;6074.0000;None;65600.0000
7918;2023-03-12 13:36:42.957000;3;201261;1;1;6800.0000;1;6074.0000;None;65600.0000
7919;2023-03-12 13:39:18.427000;1;107831;1;1;58800.0000;1;9759.0000;None;105400.0000
7919;2023-03-12 13:39:18.427000;1;104341;1;1;39800.0000;1;9759.0000;None;105400.0000
7919;2023-03-12 13:39:18.427000;3;201304;1;1;6800.0000;1;9759.0000;None;105400.0000
7920;2023-03-12 13:40:49.687000;1;107846;1;1;33800.0000;1;6796.0000;None;73400.0000
7920;2023-03-12 13:40:49.687000;1;106866;1;1;27800.0000;1;6796.0000;None;73400.0000
7920;2023-03-12 13:40:49.687000;7;1135;1;1;0.0000;1;6796.0000;None;73400.0000
7920;2023-03-12 13:40:49.687000;3;104355;1;1;11800.0000;1;6796.0000;None;73400.0000
7921;2023-03-12 13:41:57.083000;1;104450;1;1;23800.0000;1;13519.0000;None;146000.0000
7921;2023-03-12 13:41:57.083000;7;1135;1;1;0.0000;1;13519.0000;None;146000.0000
7921;2023-03-12 13:41:57.083000;1;107831;1;1;58800.0000;1;13519.0000;None;146000.0000
7921;2023-03-12 13:41:57.083000;1;104357;1;1;45800.0000;1;13519.0000;None;146000.0000
7921;2023-03-12 13:41:57.083000;3;107873;1;1;8800.0000;1;13519.0000;None;146000.0000
7921;2023-03-12 13:41:57.083000;3;107873;1;1;8800.0000;1;13519.0000;None;146000.0000
7922;2023-03-12 13:43:41.307000;1;109155;1;1;63800.0000;1;11685.0000;None;126200.0000
7922;2023-03-12 13:43:41.307000;1;107825;1;1;46800.0000;1;11685.0000;None;126200.0000
7922;2023-03-12 13:43:41.307000;3;107873;1;1;8800.0000;1;11685.0000;None;126200.0000
7922;2023-03-12 13:43:41.307000;3;201261;1;1;6800.0000;1;11685.0000;None;126200.0000
7923;2023-03-12 13:44:34.957000;1;101007;1;1;63800.0000;1;11519.0000;None;124400.0000
7923;2023-03-12 13:44:34.957000;1;107827;1;1;53800.0000;1;11519.0000;None;124400.0000
7923;2023-03-12 13:44:34.957000;3;200644;1;1;6800.0000;1;11519.0000;None;124400.0000
7924;2023-03-12 13:47:07.130000;1;107831;1;1;58800.0000;1;None;None;107400.0000
7924;2023-03-12 13:47:07.130000;1;103351;1;1;36800.0000;1;None;None;107400.0000
7924;2023-03-12 13:47:07.130000;3;104355;1;1;11800.0000;1;None;None;107400.0000
7925;2023-03-12 13:50:36.843000;1;108319;1;1;85800.0000;1;22315.0000;None;241000.0000
7925;2023-03-12 13:50:36.843000;1;107831;1;1;58800.0000;1;22315.0000;None;241000.0000
7925;2023-03-12 13:50:36.843000;1;107826;1;1;46800.0000;1;22315.0000;None;241000.0000
7925;2023-03-12 13:50:36.843000;3;201146;1;1;6800.0000;1;22315.0000;None;241000.0000
7925;2023-03-12 13:50:36.843000;3;201146;1;1;6800.0000;1;22315.0000;None;241000.0000
7925;2023-03-12 13:50:36.843000;3;201221;1;1;6800.0000;1;22315.0000;None;241000.0000
7925;2023-03-12 13:50:36.843000;3;201221;1;1;6800.0000;1;22315.0000;None;241000.0000
7925;2023-03-12 13:50:36.843000;3;201221;1;1;6800.0000;1;22315.0000;None;241000.0000
7925;2023-03-12 13:50:36.843000;3;201221;1;1;6800.0000;1;22315.0000;None;241000.0000
7925;2023-03-12 13:50:36.843000;3;107873;1;1;8800.0000;1;22315.0000;None;241000.0000
7926;2023-03-12 13:51:42.950000;1;107831;1;1;58800.0000;1;6704.0000;None;72400.0000
7926;2023-03-12 13:51:42.950000;3;201304;1;1;6800.0000;1;6704.0000;None;72400.0000
7926;2023-03-12 13:51:42.950000;3;201304;1;1;6800.0000;1;6704.0000;None;72400.0000
7927;2023-03-12 13:53:15.193000;1;104974;1;1;46800.0000;1;15537.0000;None;167800.0000
7927;2023-03-12 13:53:15.193000;1;107846;1;1;33800.0000;1;15537.0000;None;167800.0000
7927;2023-03-12 13:53:15.193000;1;107831;1;1;58800.0000;1;15537.0000;None;167800.0000
7927;2023-03-12 13:53:15.193000;3;201146;1;1;6800.0000;1;15537.0000;None;167800.0000
7927;2023-03-12 13:53:15.193000;2;201615;1;1;14800.0000;1;15537.0000;None;167800.0000
7927;2023-03-12 13:53:15.193000;3;201221;1;1;6800.0000;1;15537.0000;None;167800.0000
7928;2023-03-12 13:54:48.620000;1;107839;1;1;41800.0000;1;None;None;112400.0000
7928;2023-03-12 13:54:48.620000;1;101007;1;1;63800.0000;1;None;None;112400.0000
7928;2023-03-12 13:54:48.620000;3;200644;1;1;6800.0000;1;None;None;112400.0000
7929;2023-03-12 13:58:14.710000;1;109155;1;1;63800.0000;1;20704.0000;None;223600.0000
7929;2023-03-12 13:58:14.710000;1;100624;1;1;1000.0000;1;20704.0000;None;223600.0000
7929;2023-03-12 13:58:14.710000;1;100624;1;1;1000.0000;1;20704.0000;None;223600.0000
7929;2023-03-12 13:58:14.710000;7;1135;1;1;0.0000;1;20704.0000;None;223600.0000
7929;2023-03-12 13:58:14.710000;1;101007;1;1;63800.0000;1;20704.0000;None;223600.0000
7929;2023-03-12 13:58:14.710000;1;100624;1;1;1000.0000;1;20704.0000;None;223600.0000
7929;2023-03-12 13:58:14.710000;1;100624;1;1;1000.0000;1;20704.0000;None;223600.0000
7929;2023-03-12 13:58:14.710000;7;1135;1;1;0.0000;1;20704.0000;None;223600.0000
7929;2023-03-12 13:58:14.710000;1;107871;1;1;14800.0000;1;20704.0000;None;223600.0000
7929;2023-03-12 13:58:14.710000;1;103993;1;1;16800.0000;1;20704.0000;None;223600.0000
7929;2023-03-12 13:58:14.710000;3;201304;1;1;6800.0000;1;20704.0000;None;223600.0000
7929;2023-03-12 13:58:14.710000;3;201221;1;1;6800.0000;1;20704.0000;None;223600.0000
7929;2023-03-12 13:58:14.710000;3;201221;1;1;6800.0000;1;20704.0000;None;223600.0000
7929;2023-03-12 13:58:14.710000;3;201221;1;1;6800.0000;1;20704.0000;None;223600.0000
7929;2023-03-12 13:58:14.710000;3;201146;1;1;6800.0000;1;20704.0000;None;223600.0000
7929;2023-03-12 13:58:14.710000;3;107873;1;1;8800.0000;1;20704.0000;None;223600.0000
7929;2023-03-12 13:58:14.710000;3;107873;1;1;8800.0000;1;20704.0000;None;223600.0000
7929;2023-03-12 13:58:14.710000;3;107873;1;1;8800.0000;1;20704.0000;None;223600.0000
7930;2023-03-12 14:00:35.330000;1;104974;1;1;46800.0000;1;12611.0000;None;136200.0000
7930;2023-03-12 14:00:35.330000;1;107840;1;1;45800.0000;1;12611.0000;None;136200.0000
7930;2023-03-12 14:00:35.330000;1;103351;1;1;36800.0000;1;12611.0000;None;136200.0000
7930;2023-03-12 14:00:35.330000;3;200644;1;1;6800.0000;1;12611.0000;None;136200.0000
7931;2023-03-12 14:03:00.527000;1;107831;1;1;58800.0000;1;15907.0000;None;171800.0000
7931;2023-03-12 14:03:00.527000;1;108319;1;1;85800.0000;1;15907.0000;None;171800.0000
7931;2023-03-12 14:03:00.527000;3;201221;1;4;27200.0000;1;15907.0000;None;171800.0000
7932;2023-03-12 14:05:28.370000;1;106866;1;1;27800.0000;1;10093.0000;None;109000.0000
7932;2023-03-12 14:05:28.370000;1;103856;1;1;34800.0000;1;10093.0000;None;109000.0000
7932;2023-03-12 14:05:28.370000;1;109156;1;1;32800.0000;1;10093.0000;None;109000.0000
7932;2023-03-12 14:05:28.370000;3;200644;1;1;6800.0000;1;10093.0000;None;109000.0000
7932;2023-03-12 14:05:28.370000;3;201221;1;1;6800.0000;1;10093.0000;None;109000.0000
7933;2023-03-12 14:05:39.750000;3;201261;1;1;6800.0000;1;630.0000;None;6800.0000
7934;2023-03-12 14:08:24.827000;1;107831;1;1;58800.0000;1;18407.0000;None;198800.0000
7934;2023-03-12 14:08:24.827000;1;109454;1;1;57800.0000;1;18407.0000;None;198800.0000
7934;2023-03-12 14:08:24.827000;1;104447;1;1;56800.0000;1;18407.0000;None;198800.0000
7934;2023-03-12 14:08:24.827000;3;104355;1;1;11800.0000;1;18407.0000;None;198800.0000
7934;2023-03-12 14:08:24.827000;3;201221;1;2;13600.0000;1;18407.0000;None;198800.0000
7935;2023-03-12 14:10:52.747000;1;107839;1;1;41800.0000;1;23574.0000;None;254600.0000
7935;2023-03-12 14:10:52.747000;1;101007;1;1;63800.0000;1;23574.0000;None;254600.0000
7935;2023-03-12 14:10:52.747000;7;1135;1;1;0.0000;1;23574.0000;None;254600.0000
7935;2023-03-12 14:10:52.747000;1;109156;1;1;32800.0000;1;23574.0000;None;254600.0000
7935;2023-03-12 14:10:52.747000;1;107826;1;1;46800.0000;1;23574.0000;None;254600.0000
7935;2023-03-12 14:10:52.747000;1;104357;1;1;45800.0000;1;23574.0000;None;254600.0000
7935;2023-03-12 14:10:52.747000;3;104355;1;1;11800.0000;1;23574.0000;None;254600.0000
7935;2023-03-12 14:10:52.747000;3;104355;1;1;11800.0000;1;23574.0000;None;254600.0000
7936;2023-03-12 14:15:24.347000;1;109156;1;1;32800.0000;1;None;None;176600.0000
7936;2023-03-12 14:15:24.347000;1;107831;1;1;58800.0000;1;None;None;176600.0000
7936;2023-03-12 14:15:24.347000;1;107827;1;1;53800.0000;1;None;None;176600.0000
7936;2023-03-12 14:15:24.347000;3;201221;1;1;6800.0000;1;None;None;176600.0000
7936;2023-03-12 14:15:24.347000;3;201146;1;1;6800.0000;1;None;None;176600.0000
7936;2023-03-12 14:15:24.347000;3;107873;1;1;8800.0000;1;None;None;176600.0000
7936;2023-03-12 14:15:24.347000;3;107873;1;1;8800.0000;1;None;None;176600.0000
7937;2023-03-12 14:17:41.103000;1;107831;1;1;58800.0000;1;11944.0000;None;129000.0000
7937;2023-03-12 14:17:41.103000;1;104341;1;1;39800.0000;1;11944.0000;None;129000.0000
7937;2023-03-12 14:17:41.103000;3;104355;1;1;11800.0000;1;11944.0000;None;129000.0000
7937;2023-03-12 14:17:41.103000;3;104355;1;1;11800.0000;1;11944.0000;None;129000.0000
7937;2023-03-12 14:17:41.103000;3;201146;1;1;6800.0000;1;11944.0000;None;129000.0000
7938;2023-03-12 14:19:15.117000;1;108321;1;1;27800.0000;1;10074.0000;None;108800.0000
7938;2023-03-12 14:19:15.117000;1;107824;1;1;23800.0000;1;10074.0000;None;108800.0000
7938;2023-03-12 14:19:15.117000;1;103351;1;1;36800.0000;1;10074.0000;None;108800.0000
7938;2023-03-12 14:19:15.117000;3;201221;1;1;6800.0000;1;10074.0000;None;108800.0000
7938;2023-03-12 14:19:15.117000;3;201221;1;1;6800.0000;1;10074.0000;None;108800.0000
7938;2023-03-12 14:19:15.117000;3;201221;1;1;6800.0000;1;10074.0000;None;108800.0000
7939;2023-03-12 14:20:04.620000;1;104357;1;1;45800.0000;1;None;None;45800.0000
7939;2023-03-12 14:20:04.620000;7;1135;1;1;0.0000;1;None;None;45800.0000
7940;2023-03-12 14:22:14.457000;1;107831;1;1;58800.0000;1;6704.0000;None;72400.0000
7940;2023-03-12 14:22:14.457000;3;201304;1;1;6800.0000;1;6704.0000;None;72400.0000
7940;2023-03-12 14:22:14.457000;3;201304;1;1;6800.0000;1;6704.0000;None;72400.0000
7941;2023-03-12 14:24:08.697000;1;108319;1;1;85800.0000;1;None;None;174800.0000
7941;2023-03-12 14:24:08.697000;1;109568;1;1;47800.0000;1;None;None;174800.0000
7941;2023-03-12 14:24:08.697000;7;1135;1;1;0.0000;1;None;None;174800.0000
7941;2023-03-12 14:24:08.697000;3;107873;1;1;8800.0000;1;None;None;174800.0000
7941;2023-03-12 14:24:08.697000;3;107873;1;1;8800.0000;1;None;None;174800.0000
7941;2023-03-12 14:24:08.697000;1;103993;1;1;16800.0000;1;None;None;174800.0000
7941;2023-03-12 14:24:08.697000;3;201146;1;1;6800.0000;1;None;None;174800.0000
7942;2023-03-12 14:25:37.377000;1;107831;1;1;58800.0000;1;7889.0000;None;85200.0000
7942;2023-03-12 14:25:37.377000;3;107873;1;1;8800.0000;1;7889.0000;None;85200.0000
7942;2023-03-12 14:25:37.377000;3;107873;1;1;8800.0000;1;7889.0000;None;85200.0000
7942;2023-03-12 14:25:37.377000;3;107873;1;1;8800.0000;1;7889.0000;None;85200.0000
7943;2023-03-12 14:27:29.103000;1;107827;1;1;53800.0000;1;13982.0000;None;151000.0000
7943;2023-03-12 14:27:29.103000;1;104447;1;1;56800.0000;1;13982.0000;None;151000.0000
7943;2023-03-12 14:27:29.103000;1;103993;1;1;16800.0000;1;13982.0000;None;151000.0000
7943;2023-03-12 14:27:29.103000;3;104355;1;1;11800.0000;1;13982.0000;None;151000.0000
7943;2023-03-12 14:27:29.103000;3;104355;1;1;11800.0000;1;13982.0000;None;151000.0000
7944;2023-03-12 14:29:00.340000;1;109155;1;1;63800.0000;1;None;None;90200.0000
7944;2023-03-12 14:29:00.340000;3;107873;1;1;8800.0000;1;None;None;90200.0000
7944;2023-03-12 14:29:00.340000;3;107873;1;1;8800.0000;1;None;None;90200.0000
7944;2023-03-12 14:29:00.340000;3;107873;1;1;8800.0000;1;None;None;90200.0000
7945;2023-03-12 14:33:29.840000;1;103351;1;1;36800.0000;1;8444.0000;None;91200.0000
7945;2023-03-12 14:33:29.840000;1;106358;1;1;38800.0000;1;8444.0000;None;91200.0000
7945;2023-03-12 14:33:29.840000;3;201146;1;1;6800.0000;1;8444.0000;None;91200.0000
7945;2023-03-12 14:33:29.840000;1;101270;1;1;0.0000;1;8444.0000;None;91200.0000
7945;2023-03-12 14:33:29.840000;3;107873;1;1;8800.0000;1;8444.0000;None;91200.0000
7946;2023-03-12 14:39:01.183000;1;101007;1;1;63800.0000;1;17259.0000;None;186400.0000
7946;2023-03-12 14:39:01.183000;1;104341;1;1;39800.0000;1;17259.0000;None;186400.0000
7946;2023-03-12 14:39:01.183000;7;1135;1;1;0.0000;1;17259.0000;None;186400.0000
7946;2023-03-12 14:39:01.183000;1;106358;1;1;38800.0000;1;17259.0000;None;186400.0000
7946;2023-03-12 14:39:01.183000;3;200644;1;1;6800.0000;1;17259.0000;None;186400.0000
7946;2023-03-12 14:39:01.183000;3;107873;1;1;8800.0000;1;17259.0000;None;186400.0000
7946;2023-03-12 14:39:01.183000;3;100614;1;1;5800.0000;1;17259.0000;None;186400.0000
7946;2023-03-12 14:39:01.183000;3;100614;1;1;5800.0000;1;17259.0000;None;186400.0000
7946;2023-03-12 14:39:01.183000;3;108325;1;1;16800.0000;1;17259.0000;None;186400.0000
7947;2023-03-12 14:40:12.917000;1;109155;1;1;63800.0000;1;6537.0000;None;70600.0000
7947;2023-03-12 14:40:12.917000;3;200644;1;1;6800.0000;1;6537.0000;None;70600.0000
7948;2023-03-12 14:45:25.713000;1;107827;1;1;53800.0000;1;16259.0000;None;175600.0000
7948;2023-03-12 14:45:25.713000;1;108054;1;1;29800.0000;1;16259.0000;None;175600.0000
7948;2023-03-12 14:45:25.713000;1;108054;1;1;29800.0000;1;16259.0000;None;175600.0000
7948;2023-03-12 14:45:25.713000;1;103351;1;1;36800.0000;1;16259.0000;None;175600.0000
7948;2023-03-12 14:45:25.713000;3;104355;1;1;11800.0000;1;16259.0000;None;175600.0000
7948;2023-03-12 14:45:25.713000;3;200644;1;1;6800.0000;1;16259.0000;None;175600.0000
7948;2023-03-12 14:45:25.713000;3;200644;1;1;6800.0000;1;16259.0000;None;175600.0000
7949;2023-03-12 14:47:20.467000;1;104447;1;1;56800.0000;1;10130.0000;None;109400.0000
7949;2023-03-12 14:47:20.467000;1;104357;1;1;45800.0000;1;10130.0000;None;109400.0000
7949;2023-03-12 14:47:20.467000;3;200644;1;1;6800.0000;1;10130.0000;None;109400.0000
7950;2023-03-12 14:48:39.460000;1;109155;1;1;63800.0000;1;None;None;120600.0000
7950;2023-03-12 14:48:39.460000;1;104447;1;1;56800.0000;1;None;None;120600.0000
7950;2023-03-12 14:48:39.460000;7;1135;1;1;0.0000;1;None;None;120600.0000
7951;2023-03-12 14:50:52.880000;1;104347;1;1;46800.0000;1;None;None;227000.0000
7951;2023-03-12 14:50:52.880000;1;107840;1;1;45800.0000;1;None;None;227000.0000
7951;2023-03-12 14:50:52.880000;1;107831;1;1;58800.0000;1;None;None;227000.0000
7951;2023-03-12 14:50:52.880000;1;109155;1;1;63800.0000;1;None;None;227000.0000
7951;2023-03-12 14:50:52.880000;7;1135;1;1;0.0000;1;None;None;227000.0000
7951;2023-03-12 14:50:52.880000;3;104355;1;1;11800.0000;1;None;None;227000.0000
7951;2023-03-12 14:50:52.880000;7;1207;1;1;0.0000;1;None;None;227000.0000
7952;2023-03-12 14:54:06.087000;1;107839;1;1;41800.0000;1;19648.0000;None;212200.0000
7952;2023-03-12 14:54:06.087000;1;104357;1;1;45800.0000;1;19648.0000;None;212200.0000
7952;2023-03-12 14:54:06.087000;1;109452;1;1;56800.0000;1;19648.0000;None;212200.0000
7952;2023-03-12 14:54:06.087000;3;104355;1;1;11800.0000;1;19648.0000;None;212200.0000
7952;2023-03-12 14:54:06.087000;3;104355;1;1;11800.0000;1;19648.0000;None;212200.0000
7952;2023-03-12 14:54:06.087000;3;107873;1;1;8800.0000;1;19648.0000;None;212200.0000
7952;2023-03-12 14:54:06.087000;3;107873;1;1;8800.0000;1;19648.0000;None;212200.0000
7952;2023-03-12 14:54:06.087000;3;104355;1;1;11800.0000;1;19648.0000;None;212200.0000
7952;2023-03-12 14:54:06.087000;1;107871;1;1;14800.0000;1;19648.0000;None;212200.0000
7953;2023-03-12 14:55:30.837000;1;109156;1;1;32800.0000;1;3852.0000;None;41600.0000
7953;2023-03-12 14:55:30.837000;3;107873;1;1;8800.0000;1;3852.0000;None;41600.0000
7954;2023-03-12 14:56:57.777000;1;109450;1;1;33800.0000;1;None;None;157800.0000
7954;2023-03-12 14:56:57.777000;1;107846;1;1;33800.0000;1;None;None;157800.0000
7954;2023-03-12 14:56:57.777000;1;101007;1;1;63800.0000;1;None;None;157800.0000
7954;2023-03-12 14:56:57.777000;3;107873;1;1;8800.0000;1;None;None;157800.0000
7954;2023-03-12 14:56:57.777000;3;107873;1;1;8800.0000;1;None;None;157800.0000
7954;2023-03-12 14:56:57.777000;3;107873;1;1;8800.0000;1;None;None;157800.0000
7955;2023-03-12 15:01:04.430000;1;107831;1;1;58800.0000;1;5444.0000;None;58800.0000
7956;2023-03-12 15:02:09.767000;3;107873;1;1;8800.0000;1;None;None;8800.0000
7957;2023-03-12 15:06:42.117000;1;108323;1;1;52800.0000;1;21352.0000;None;230600.0000
7957;2023-03-12 15:06:42.117000;1;104447;1;1;56800.0000;1;21352.0000;None;230600.0000
7957;2023-03-12 15:06:42.117000;1;104357;1;1;45800.0000;1;21352.0000;None;230600.0000
7957;2023-03-12 15:06:42.117000;3;104355;1;1;11800.0000;1;21352.0000;None;230600.0000
7957;2023-03-12 15:06:42.117000;3;104355;1;1;11800.0000;1;21352.0000;None;230600.0000
7957;2023-03-12 15:06:42.117000;1;104341;1;1;39800.0000;1;21352.0000;None;230600.0000
7957;2023-03-12 15:06:42.117000;3;104355;1;1;11800.0000;1;21352.0000;None;230600.0000
7958;2023-03-12 15:11:30.287000;1;107832;1;1;41800.0000;1;4500.0000;None;48600.0000
7958;2023-03-12 15:11:30.287000;3;201269;1;1;6800.0000;1;4500.0000;None;48600.0000
7959;2023-03-12 15:13:25.163000;1;109452;1;1;56800.0000;1;13148.0000;None;142000.0000
7959;2023-03-12 15:13:25.163000;1;106866;1;1;27800.0000;1;13148.0000;None;142000.0000
7959;2023-03-12 15:13:25.163000;7;1135;1;1;0.0000;1;13148.0000;None;142000.0000
7959;2023-03-12 15:13:25.163000;1;107832;1;1;41800.0000;1;13148.0000;None;142000.0000
7959;2023-03-12 15:13:25.163000;7;1135;1;1;0.0000;1;13148.0000;None;142000.0000
7959;2023-03-12 15:13:25.163000;3;107873;1;1;8800.0000;1;13148.0000;None;142000.0000
7959;2023-03-12 15:13:25.163000;3;201269;1;1;6800.0000;1;13148.0000;None;142000.0000
7960;2023-03-12 15:14:28.870000;1;103351;1;1;36800.0000;1;7000.0000;None;75600.0000
7960;2023-03-12 15:14:28.870000;1;107829;1;1;38800.0000;1;7000.0000;None;75600.0000
7961;2023-03-12 15:16:00.990000;1;104357;1;1;45800.0000;1;12778.0000;None;138000.0000
7961;2023-03-12 15:16:00.990000;1;101007;1;1;63800.0000;1;12778.0000;None;138000.0000
7961;2023-03-12 15:16:00.990000;3;201304;1;1;6800.0000;1;12778.0000;None;138000.0000
7961;2023-03-12 15:16:00.990000;2;201184;1;1;10800.0000;1;12778.0000;None;138000.0000
7961;2023-03-12 15:16:00.990000;2;201184;1;1;10800.0000;1;12778.0000;None;138000.0000
7962;2023-03-12 15:17:20.947000;1;108054;1;1;29800.0000;1;None;None;73200.0000
7962;2023-03-12 15:17:20.947000;1;108054;1;1;29800.0000;1;None;None;73200.0000
7962;2023-03-12 15:17:20.947000;3;201304;1;1;6800.0000;1;None;None;73200.0000
7962;2023-03-12 15:17:20.947000;3;201221;1;1;6800.0000;1;None;None;73200.0000
7963;2023-03-12 15:19:15.803000;1;107833;1;1;53800.0000;1;9482.0000;None;102400.0000
7963;2023-03-12 15:19:15.803000;3;107873;1;1;8800.0000;1;9482.0000;None;102400.0000
7963;2023-03-12 15:19:15.803000;1;104341;1;1;39800.0000;1;9482.0000;None;102400.0000
7964;2023-03-12 15:21:24.380000;1;107840;1;1;45800.0000;1;5333.0000;None;57600.0000
7964;2023-03-12 15:21:24.380000;3;104355;1;1;11800.0000;1;5333.0000;None;57600.0000
7965;2023-03-12 15:25:36.870000;1;107829;1;1;38800.0000;1;21611.0000;None;233400.0000
7965;2023-03-12 15:25:36.870000;1;107893;1;1;56800.0000;1;21611.0000;None;233400.0000
7965;2023-03-12 15:25:36.870000;1;104447;1;1;56800.0000;1;21611.0000;None;233400.0000
7965;2023-03-12 15:25:36.870000;1;104337;1;1;48800.0000;1;21611.0000;None;233400.0000
7965;2023-03-12 15:25:36.870000;3;201221;1;1;6800.0000;1;21611.0000;None;233400.0000
7965;2023-03-12 15:25:36.870000;3;201221;1;1;6800.0000;1;21611.0000;None;233400.0000
7965;2023-03-12 15:25:36.870000;3;104355;1;1;11800.0000;1;21611.0000;None;233400.0000
7965;2023-03-12 15:25:36.870000;3;201221;1;1;6800.0000;1;21611.0000;None;233400.0000
7966;2023-03-12 15:26:45.657000;1;107831;1;1;58800.0000;1;11037.0000;None;119200.0000
7966;2023-03-12 15:26:45.657000;1;104341;1;1;39800.0000;1;11037.0000;None;119200.0000
7966;2023-03-12 15:26:45.657000;3;104355;1;1;11800.0000;1;11037.0000;None;119200.0000
7966;2023-03-12 15:26:45.657000;3;107873;1;1;8800.0000;1;11037.0000;None;119200.0000
7967;2023-03-12 15:30:35.260000;1;109450;1;1;33800.0000;1;14111.0000;None;152400.0000
7967;2023-03-12 15:30:35.260000;1;104337;1;1;48800.0000;1;14111.0000;None;152400.0000
7967;2023-03-12 15:30:35.260000;3;107873;1;1;8800.0000;1;14111.0000;None;152400.0000
7967;2023-03-12 15:30:35.260000;3;201304;1;1;6800.0000;1;14111.0000;None;152400.0000
7967;2023-03-12 15:30:35.260000;1;107839;1;1;41800.0000;1;14111.0000;None;152400.0000
7967;2023-03-12 15:30:35.260000;1;102141;1;1;1800.0000;1;14111.0000;None;152400.0000
7967;2023-03-12 15:30:35.260000;3;201146;1;1;6800.0000;1;14111.0000;None;152400.0000
7967;2023-03-12 15:30:35.260000;1;102170;1;1;3800.0000;1;14111.0000;None;152400.0000
7968;2023-03-12 15:35:50.730000;1;109450;1;1;33800.0000;1;None;7778.0000;142000.0000
7968;2023-03-12 15:35:50.730000;7;1135;1;1;0.0000;1;None;7778.0000;142000.0000
7968;2023-03-12 15:35:50.730000;1;104447;1;1;56800.0000;1;None;7778.0000;142000.0000
7968;2023-03-12 15:35:50.730000;1;109156;1;1;32800.0000;1;None;7778.0000;142000.0000
7968;2023-03-12 15:35:50.730000;3;201237;1;1;6800.0000;1;None;7778.0000;142000.0000
7968;2023-03-12 15:35:50.730000;3;104355;1;1;11800.0000;1;None;7778.0000;142000.0000
7969;2023-03-12 15:38:14.997000;1;106866;1;1;27800.0000;1;4759.0000;None;51400.0000
7969;2023-03-12 15:38:14.997000;7;1135;1;1;0.0000;1;4759.0000;None;51400.0000
7969;2023-03-12 15:38:14.997000;7;1135;1;1;0.0000;1;4759.0000;None;51400.0000
7969;2023-03-12 15:38:14.997000;3;104355;1;1;11800.0000;1;4759.0000;None;51400.0000
7969;2023-03-12 15:38:14.997000;3;104355;1;1;11800.0000;1;4759.0000;None;51400.0000
7970;2023-03-12 15:39:33.317000;1;107826;1;1;46800.0000;1;10019.0000;None;108200.0000
7970;2023-03-12 15:39:33.317000;1;109245;1;1;47800.0000;1;10019.0000;None;108200.0000
7970;2023-03-12 15:39:33.317000;3;201146;1;1;6800.0000;1;10019.0000;None;108200.0000
7970;2023-03-12 15:39:33.317000;3;201146;1;1;6800.0000;1;10019.0000;None;108200.0000
7971;2023-03-12 15:42:19.963000;1;103351;1;1;36800.0000;1;None;None;102400.0000
7971;2023-03-12 15:42:19.963000;1;107831;1;1;58800.0000;1;None;None;102400.0000
7971;2023-03-12 15:42:19.963000;7;1135;1;1;0.0000;1;None;None;102400.0000
7971;2023-03-12 15:42:19.963000;7;1135;1;1;0.0000;1;None;None;102400.0000
7971;2023-03-12 15:42:19.963000;3;201146;1;1;6800.0000;1;None;None;102400.0000
7972;2023-03-12 15:43:53.830000;1;104447;1;1;56800.0000;1;9019.0000;None;97400.0000
7972;2023-03-12 15:43:53.830000;1;107846;1;1;33800.0000;1;9019.0000;None;97400.0000
7972;2023-03-12 15:43:53.830000;3;201304;1;1;6800.0000;1;9019.0000;None;97400.0000
7973;2023-03-12 15:48:42.863000;1;104347;1;1;46800.0000;1;15741.0000;None;170000.0000
7973;2023-03-12 15:48:42.863000;1;108323;1;1;52800.0000;1;15741.0000;None;170000.0000
7973;2023-03-12 15:48:42.863000;1;104447;1;1;56800.0000;1;15741.0000;None;170000.0000
7973;2023-03-12 15:48:42.863000;3;201221;1;1;6800.0000;1;15741.0000;None;170000.0000
7973;2023-03-12 15:48:42.863000;3;200644;1;1;6800.0000;1;15741.0000;None;170000.0000
7974;2023-03-12 15:51:08.737000;1;109452;1;1;56800.0000;1;None;None;128200.0000
7974;2023-03-12 15:51:08.737000;3;104355;1;1;11800.0000;1;None;None;128200.0000
7974;2023-03-12 15:51:08.737000;3;104355;1;1;11800.0000;1;None;None;128200.0000
7974;2023-03-12 15:51:08.737000;1;109245;1;1;47800.0000;1;None;None;128200.0000
7975;2023-03-12 15:58:23.057000;3;104355;1;1;11800.0000;1;5982.0000;None;64600.0000
7975;2023-03-12 15:58:23.057000;1;108323;1;1;52800.0000;1;5982.0000;None;64600.0000
7976;2023-03-12 16:00:47.813000;1;107839;1;1;41800.0000;1;4565.0000;None;49300.0000
7976;2023-03-12 16:00:47.813000;1;102159;1;1;7500.0000;1;4565.0000;None;49300.0000
7977;2023-03-12 16:09:40.023000;1;103351;1;1;36800.0000;1;8444.0000;None;91200.0000
7977;2023-03-12 16:09:40.023000;1;103351;1;1;36800.0000;1;8444.0000;None;91200.0000
7977;2023-03-12 16:09:40.023000;3;201221;1;1;6800.0000;1;8444.0000;None;91200.0000
7977;2023-03-12 16:09:40.023000;2;201184;1;1;10800.0000;1;8444.0000;None;91200.0000
7979;2023-03-12 16:15:28.680000;3;104355;1;1;11800.0000;1;None;None;11800.0000
7980;2023-03-12 16:24:51.913000;1;107836;1;1;19800.0000;1;None;None;212000.0000
7980;2023-03-12 16:24:51.913000;1;107836;1;1;19800.0000;1;None;None;212000.0000
7980;2023-03-12 16:24:51.913000;1;107831;1;1;58800.0000;1;None;None;212000.0000
7980;2023-03-12 16:24:51.913000;1;107893;1;1;56800.0000;1;None;None;212000.0000
7980;2023-03-12 16:24:51.913000;1;104447;1;1;56800.0000;1;None;None;212000.0000
7980;2023-03-12 16:24:51.913000;7;1135;1;1;0.0000;1;None;None;212000.0000
7981;2023-03-12 16:29:06.660000;1;109155;1;1;63800.0000;1;17222.0000;None;186000.0000
7981;2023-03-12 16:29:06.660000;1;104447;1;1;56800.0000;1;17222.0000;None;186000.0000
7981;2023-03-12 16:29:06.660000;1;104347;1;1;46800.0000;1;17222.0000;None;186000.0000
7981;2023-03-12 16:29:06.660000;3;104355;1;1;11800.0000;1;17222.0000;None;186000.0000
7981;2023-03-12 16:29:06.660000;3;200644;1;1;6800.0000;1;17222.0000;None;186000.0000
7981;2023-03-12 16:29:06.660000;1;101270;1;1;0.0000;1;17222.0000;None;186000.0000
7982;2023-03-12 16:31:11.073000;1;104447;1;1;56800.0000;1;11648.0000;None;125800.0000
7982;2023-03-12 16:31:11.073000;1;104450;1;1;23800.0000;1;11648.0000;None;125800.0000
7982;2023-03-12 16:31:11.073000;1;104450;1;1;23800.0000;1;11648.0000;None;125800.0000
7982;2023-03-12 16:31:11.073000;7;1135;1;1;0.0000;1;11648.0000;None;125800.0000
7982;2023-03-12 16:31:11.073000;3;107873;1;1;8800.0000;1;11648.0000;None;125800.0000
7982;2023-03-12 16:31:11.073000;3;107873;1;1;8800.0000;1;11648.0000;None;125800.0000
7982;2023-03-12 16:31:11.073000;1;102170;1;1;3800.0000;1;11648.0000;None;125800.0000
7983;2023-03-12 16:31:48.320000;1;107831;1;1;58800.0000;1;None;None;58800.0000
7983;2023-03-12 16:31:48.320000;7;1135;1;1;0.0000;1;None;None;58800.0000
7984;2023-03-12 16:33:46.873000;1;107825;1;1;46800.0000;1;16556.0000;None;178800.0000
7984;2023-03-12 16:33:46.873000;1;107825;1;1;46800.0000;1;16556.0000;None;178800.0000
7984;2023-03-12 16:33:46.873000;1;107831;1;1;58800.0000;1;16556.0000;None;178800.0000
7984;2023-03-12 16:33:46.873000;3;107873;1;1;8800.0000;1;16556.0000;None;178800.0000
7984;2023-03-12 16:33:46.873000;3;107873;1;1;8800.0000;1;16556.0000;None;178800.0000
7984;2023-03-12 16:33:46.873000;3;107873;1;1;8800.0000;1;16556.0000;None;178800.0000
7985;2023-03-12 16:34:33.703000;1;107846;1;1;33800.0000;1;None;None;33800.0000
7987;2023-03-12 16:47:40.363000;1;109245;1;1;47800.0000;1;None;None;56600.0000
7987;2023-03-12 16:47:40.363000;3;107873;1;1;8800.0000;1;None;None;56600.0000
7988;2023-03-12 16:51:47.620000;1;107831;1;1;58800.0000;1;None;None;65600.0000
7988;2023-03-12 16:51:47.620000;3;200644;1;1;6800.0000;1;None;None;65600.0000
7989;2023-03-12 17:15:39.167000;1;107831;1;1;58800.0000;1;7630.0000;None;82400.0000
7989;2023-03-12 17:15:39.167000;3;104355;1;1;11800.0000;1;7630.0000;None;82400.0000
7989;2023-03-12 17:15:39.167000;3;104355;1;1;11800.0000;1;7630.0000;None;82400.0000
7990;2023-03-12 17:26:35.693000;1;107825;1;1;46800.0000;1;11037.0000;None;119200.0000
7990;2023-03-12 17:26:35.693000;1;104447;1;1;56800.0000;1;11037.0000;None;119200.0000
7990;2023-03-12 17:26:35.693000;3;201146;1;1;6800.0000;1;11037.0000;None;119200.0000
7990;2023-03-12 17:26:35.693000;3;107873;1;1;8800.0000;1;11037.0000;None;119200.0000
7991;2023-03-12 17:44:46.193000;1;107836;1;1;19800.0000;1;4963.0000;None;53600.0000
7991;2023-03-12 17:44:46.193000;1;107846;1;1;33800.0000;1;4963.0000;None;53600.0000
7992;2023-03-12 18:07:32.833000;1;107831;1;1;58800.0000;1;None;None;131000.0000
7992;2023-03-12 18:07:32.833000;1;107839;1;1;41800.0000;1;None;None;131000.0000
7992;2023-03-12 18:07:32.833000;3;201304;1;1;6800.0000;1;None;None;131000.0000
7992;2023-03-12 18:07:32.833000;3;108325;1;1;16800.0000;1;None;None;131000.0000
7992;2023-03-12 18:07:32.833000;3;201304;1;1;6800.0000;1;None;None;131000.0000
7993;2023-03-12 18:20:06.237000;1;104413;1;1;1800.0000;1;None;None;1800.0000
