7994;2023-03-13 12:04:35.447000;1;107831;1;1;58800.0000;1;None;None;58800.0000
8003;2023-03-13 12:34:31.653000;1;108314;1;1;41800.0000;1;11315.0000;None;122200.0000
8003;2023-03-13 12:34:31.653000;7;1135;1;1;0.0000;1;11315.0000;None;122200.0000
8003;2023-03-13 12:34:31.653000;1;107831;1;1;58800.0000;1;11315.0000;None;122200.0000
8003;2023-03-13 12:34:31.653000;7;1135;1;1;0.0000;1;11315.0000;None;122200.0000
8003;2023-03-13 12:34:31.653000;2;201184;1;1;10800.0000;1;11315.0000;None;122200.0000
8003;2023-03-13 12:34:31.653000;4;108191;1;1;0.0000;1;11315.0000;None;122200.0000
8003;2023-03-13 12:34:31.653000;2;201184;1;1;10800.0000;1;11315.0000;None;122200.0000
8004;2023-03-13 12:53:23.570000;1;107840;1;1;45800.0000;1;9926.0000;None;107200.0000
8004;2023-03-13 12:53:23.570000;1;109245;1;1;47800.0000;1;9926.0000;None;107200.0000
8004;2023-03-13 12:53:23.570000;3;200644;1;1;6800.0000;1;9926.0000;None;107200.0000
8004;2023-03-13 12:53:23.570000;3;200644;1;1;6800.0000;1;9926.0000;None;107200.0000
8004;2023-03-13 12:53:23.570000;1;101270;1;1;0.0000;1;9926.0000;None;107200.0000
8004;2023-03-13 12:53:23.570000;1;101270;1;1;0.0000;1;9926.0000;None;107200.0000
8005;2023-03-13 12:55:39.727000;1;107831;1;1;58800.0000;1;6074.0000;None;65600.0000
8005;2023-03-13 12:55:39.727000;3;201304;1;1;6800.0000;1;6074.0000;None;65600.0000
8006;2023-03-13 12:55:57.317000;1;101007;1;1;65800.0000;1;17222.0000;None;186000.0000
8006;2023-03-13 12:55:57.317000;1;107831;1;1;58800.0000;1;17222.0000;None;186000.0000
8006;2023-03-13 12:55:57.317000;7;1135;1;1;0.0000;1;17222.0000;None;186000.0000
8006;2023-03-13 12:58:26.360000;3;201221;1;1;6800.0000;1;17222.0000;None;186000.0000
8006;2023-03-13 12:58:26.360000;3;200644;1;1;6800.0000;1;17222.0000;None;186000.0000
8006;2023-03-13 13:06:33.317000;1;109245;1;1;47800.0000;1;17222.0000;None;186000.0000
8007;2023-03-13 12:56:44.947000;1;109452;1;1;56800.0000;1;10852.0000;None;117200.0000
8007;2023-03-13 12:56:44.947000;1;104347;1;1;46800.0000;1;10852.0000;None;117200.0000
8007;2023-03-13 12:56:44.947000;3;201304;1;1;6800.0000;1;10852.0000;None;117200.0000
8007;2023-03-13 12:56:44.947000;3;201304;1;1;6800.0000;1;10852.0000;None;117200.0000
8008;2023-03-13 13:03:27.803000;1;104348;1;1;59800.0000;1;15463.0000;None;167000.0000
8008;2023-03-13 13:03:27.803000;1;109450;1;1;34800.0000;1;15463.0000;None;167000.0000
8008;2023-03-13 13:03:27.803000;1;107831;1;1;58800.0000;1;15463.0000;None;167000.0000
8008;2023-03-13 13:03:27.803000;3;201304;1;1;6800.0000;1;15463.0000;None;167000.0000
8008;2023-03-13 13:03:27.803000;3;201221;1;1;6800.0000;1;15463.0000;None;167000.0000
8009;2023-03-13 13:06:03.220000;1;101007;1;1;65800.0000;1;11500.0000;None;124200.0000
8009;2023-03-13 13:06:03.220000;1;104341;1;1;39800.0000;1;11500.0000;None;124200.0000
8009;2023-03-13 13:06:03.220000;7;1135;1;1;0.0000;1;11500.0000;None;124200.0000
8009;2023-03-13 13:06:03.220000;3;104355;1;1;11800.0000;1;11500.0000;None;124200.0000
8009;2023-03-13 13:06:03.220000;3;200644;1;1;6800.0000;1;11500.0000;None;124200.0000
8010;2023-03-13 13:17:50.157000;1;104447;1;1;59800.0000;1;None;None;59800.0000
8010;2023-03-13 13:17:50.167000;7;1135;1;1;0.0000;1;None;None;59800.0000
8011;2023-03-13 13:31:06.393000;1;107826;1;1;46800.0000;1;8278.0000;None;89400.0000
8011;2023-03-13 13:31:06.393000;1;107846;1;1;33800.0000;1;8278.0000;None;89400.0000
8011;2023-03-13 13:31:06.393000;3;107873;1;1;8800.0000;1;8278.0000;None;89400.0000
8012;2023-03-13 13:33:34.687000;1;109245;1;1;47800.0000;1;11778.0000;None;127200.0000
8012;2023-03-13 13:35:20.877000;1;107831;1;1;58800.0000;1;11778.0000;None;127200.0000
8012;2023-03-13 13:35:20.877000;3;107873;1;1;8800.0000;1;11778.0000;None;127200.0000
8012;2023-03-13 13:35:20.877000;3;104355;1;1;11800.0000;1;11778.0000;None;127200.0000
8013;2023-03-13 13:46:13.187000;1;109245;1;1;47800.0000;1;13148.0000;None;142000.0000
8013;2023-03-13 13:46:13.187000;1;107831;1;1;58800.0000;1;13148.0000;None;142000.0000
8013;2023-03-13 13:46:13.187000;3;104355;1;1;11800.0000;1;13148.0000;None;142000.0000
8013;2023-03-13 13:46:13.187000;3;104355;1;1;11800.0000;1;13148.0000;None;142000.0000
8013;2023-03-13 14:07:00.123000;3;104355;1;1;11800.0000;1;13148.0000;None;142000.0000
8016;2023-03-13 13:55:24.157000;1;109155;1;1;67800.0000;1;7722.0000;None;83400.0000
8016;2023-03-13 13:55:24.157000;3;107873;1;1;8800.0000;1;7722.0000;None;83400.0000
8016;2023-03-13 14:04:27.040000;3;201146;1;1;6800.0000;1;7722.0000;None;83400.0000
8017;2023-03-13 13:56:30.220000;3;107873;1;1;8800.0000;1;7704.0000;None;83200.0000
8017;2023-03-13 13:56:30.220000;3;107873;1;1;8800.0000;1;7704.0000;None;83200.0000
8017;2023-03-13 13:56:30.220000;1;107831;1;1;58800.0000;1;7704.0000;None;83200.0000
8017;2023-03-13 14:38:55.377000;3;201146;1;1;6800.0000;1;7704.0000;None;83200.0000
8018;2023-03-13 14:03:18.977000;1;107871;1;1;14800.0000;1;None;None;29600.0000
8018;2023-03-13 14:03:18.977000;1;107871;1;1;14800.0000;1;None;None;29600.0000
8019;2023-03-13 14:10:05.277000;1;104447;1;1;59800.0000;1;6167.0000;None;66600.0000
8019;2023-03-13 14:10:05.277000;7;1135;1;1;0.0000;1;6167.0000;None;66600.0000
8019;2023-03-13 14:10:05.277000;3;201146;1;1;6800.0000;1;6167.0000;None;66600.0000
8020;2023-03-13 14:19:14.740000;3;100614;1;1;5800.0000;1;None;None;5800.0000
8021;2023-03-13 14:38:24.753000;1;109568;1;1;49800.0000;1;10093.0000;None;109000.0000
8021;2023-03-13 14:38:24.753000;7;1135;1;1;0.0000;1;10093.0000;None;109000.0000
8021;2023-03-13 14:38:24.753000;1;109568;1;1;49800.0000;1;10093.0000;None;109000.0000
8021;2023-03-13 14:38:24.753000;7;1135;1;1;0.0000;1;10093.0000;None;109000.0000
8021;2023-03-13 14:38:24.753000;1;102172;1;1;3800.0000;1;10093.0000;None;109000.0000
8021;2023-03-13 14:55:58.610000;1;102172;1;1;3800.0000;1;10093.0000;None;109000.0000
8021;2023-03-13 14:56:31.193000;1;104777;1;1;1800.0000;1;10093.0000;None;109000.0000
8022;2023-03-13 14:42:44.437000;1;107831;1;1;58800.0000;1;None;None;82400.0000
8022;2023-03-13 14:42:44.437000;3;104355;1;1;11800.0000;1;None;None;82400.0000
8022;2023-03-13 14:42:44.437000;3;104355;1;1;11800.0000;1;None;None;82400.0000
8023;2023-03-13 14:54:11.380000;1;104337;1;1;49800.0000;1;5704.0000;None;61600.0000
8023;2023-03-13 14:54:11.380000;3;104355;1;1;11800.0000;1;5704.0000;None;61600.0000
8027;2023-03-13 16:24:22.707000;1;107893;1;1;57800.0000;1;5982.0000;None;64600.0000
8027;2023-03-13 16:24:22.707000;3;201146;1;1;6800.0000;1;5982.0000;None;64600.0000
8028;2023-03-13 16:41:55.077000;1;101007;1;1;65800.0000;1;None;None;80600.0000
8028;2023-03-13 16:41:55.077000;7;1135;1;1;0.0000;1;None;None;80600.0000
8028;2023-03-13 16:41:55.077000;1;107871;1;1;14800.0000;1;None;None;80600.0000
8029;2023-03-13 17:24:18.413000;3;100606;1;1;6800.0000;1;None;None;13600.0000
8029;2023-03-13 17:24:18.413000;3;100607;1;1;6800.0000;1;None;None;13600.0000
8030;2023-03-13 17:29:15.217000;1;104341;1;1;39800.0000;1;None;None;93400.0000
8030;2023-03-13 17:29:15.217000;1;104347;1;1;46800.0000;1;None;None;93400.0000
8030;2023-03-13 17:29:15.217000;3;200644;1;1;6800.0000;1;None;None;93400.0000
8031;2023-03-13 17:59:43.067000;1;109245;1;1;47800.0000;1;11593.0000;None;125200.0000
8031;2023-03-13 17:59:43.067000;1;107831;1;1;58800.0000;1;11593.0000;None;125200.0000
8031;2023-03-13 17:59:43.067000;3;201146;1;1;6800.0000;1;11593.0000;None;125200.0000
8031;2023-03-13 17:59:43.067000;3;104355;1;1;11800.0000;1;11593.0000;None;125200.0000
8032;2023-03-13 18:16:03.263000;1;107871;1;1;14800.0000;1;None;None;29600.0000
8032;2023-03-13 18:16:03.263000;1;107871;1;1;14800.0000;1;None;None;29600.0000
8033;2023-03-13 18:44:14.570000;1;107831;1;1;58800.0000;1;18685.0000;None;201800.0000
8033;2023-03-13 18:44:14.570000;1;108319;1;1;89800.0000;1;18685.0000;None;201800.0000
8033;2023-03-13 18:44:14.570000;3;107873;1;1;8800.0000;1;18685.0000;None;201800.0000
8033;2023-03-13 18:44:14.570000;7;1207;1;1;0.0000;1;18685.0000;None;201800.0000
8033;2023-03-13 18:44:14.570000;2;201615;1;1;14800.0000;1;18685.0000;None;201800.0000
8033;2023-03-13 18:44:14.570000;2;201615;1;1;14800.0000;1;18685.0000;None;201800.0000
8033;2023-03-13 18:44:14.570000;2;201615;1;1;14800.0000;1;18685.0000;None;201800.0000
