0004;10;00;T;000270000000000;1885;1820;109592;2;71852
0004;10;00;M;000270000000000;1885;;200009;4;0
0004;10;00;T;000270000000000;1885;1820;103989;1;93333
0004;10;00;T;000270000000000;1885;1810;103704;1;48889
0004;10;00;T;000270000000000;1885;1820;100607;3;18889
0004;10;00;T;000270000000000;1885;1820;102630;2;16296
0004;10;00;T;000270000000000;1885;1820;103032;2;18148
0004;10;00;T;000270000000000;1885;1820;102255;1;5370
0004;10;00;T;000270000000000;1885;1820;102191;1;6296
0004;10;00;T;000270000000000;1885;1820;108829;2;16296
0004;10;00;T;000270000000000;1885;1820;103367;1;10926
0004;10;00;T;000270000000000;1885;1820;101181;5;137963
0004;10;00;T;000270000000000;1885;1820;102637;0;0
0004;10;00;T;000270000000000;1885;1820;102635;6;48889
0004;10;00;T;000270000000000;1885;1820;102522;2;27407
0004;10;00;T;000270000000000;1885;1820;102641;1;10000
0004;10;00;T;000270000000000;1885;1810;103134;3;99444
0004;10;00;T;000270000000000;1885;1810;101525;3;0
0004;10;00;T;000270000000000;1885;1810;103198;1;48889
0004;10;00;T;000270000000000;1885;1810;101552;2;0
0004;10;00;T;000270000000000;1885;1820;102670;5;165741
0004;10;00;M;000270000000000;1885;;201210;3;18889
0004;10;00;T;000270000000000;1885;1820;102501;1;34074
0004;10;00;T;000270000000000;1885;1820;101569;4;0
0004;10;00;T;000270000000000;1885;1820;101583;5;0
0004;10;00;T;000270000000000;1885;1810;103782;3;77222
0004;10;00;T;000270000000000;1885;1810;101442;1;0
0004;10;00;T;000270000000000;1885;1810;103791;1;38704
0004;10;00;T;000270000000000;1885;1810;101624;7;0
0004;10;00;S;000270000000000;1885;1329;103536;2;73704
0004;10;00;S;000270000000000;1885;1329;102142;1;9074
0004;10;00;T;000270000000000;1885;1820;102668;1;34074
0004;10;00;T;000270000000000;1885;1820;102286;11;15088
0004;10;00;T;000270000000000;1885;1820;102903;2;73704
0004;10;00;T;000270000000000;1885;1820;101589;4;0
0004;10;00;T;000270000000000;1885;1810;101043;3;71667
0004;10;00;T;000270000000000;1885;1810;106438;1;21667
0004;10;00;T;000270000000000;1885;1810;106416;1;18426
0004;10;00;T;000270000000000;1885;1810;102275;1;7222
0004;10;00;S;000270000000000;1885;1329;101953;1;43333
0004;10;00;S;000270000000000;1885;1329;104791;4;8148
0004;10;00;S;000270000000000;1885;1329;102927;2;123704
0004;10;00;S;000270000000000;1885;1329;101546;2;0
0004;10;00;S;000270000000000;1885;1329;105509;4;0
0004;10;00;T;000270000000000;1885;1820;102053;1;35000
0004;10;00;S;000270000000000;1885;1329;101929;3;46667
0004;10;00;T;000270000000000;1885;1820;104447;2;110741
0004;10;00;T;000270000000000;1885;1820;102141;2;5185
0004;10;00;T;000270000000000;1885;1820;102666;3;91111
0004;10;00;T;000270000000000;1885;1820;100624;1;926
0004;10;00;T;000270000000000;1885;1820;100995;3;32778
0004;10;00;T;000270000000000;1885;1820;100854;3;74444
0004;10;00;T;000270000000000;1885;1820;108537;1;18333
0004;10;00;T;000270000000000;1885;1820;103116;1;13704
0004;10;00;T;000270000000000;1885;1810;103350;4;221481
0004;10;00;T;000270000000000;1885;1810;103784;3;91111
0004;10;00;T;000270000000000;1885;1810;101438;6;0
0004;10;00;T;000270000000000;1885;1820;100861;3;43889
0004;10;00;T;000270000000000;1885;1820;102239;3;16111
0004;10;00;T;000270000000000;1885;1820;100851;3;66111
0004;10;00;T;000270000000000;1885;1820;102673;4;136296
0004;10;00;T;000270000000000;1885;1820;102676;2;57037
0004;10;00;T;000270000000000;1885;1820;102680;2;68148
0004;10;00;T;000270000000000;1885;1820;102679;3;93889
0004;10;00;T;000270000000000;1885;1810;100892;1;33148
0004;10;00;T;000270000000000;1885;1820;100850;1;21111
0004;10;00;T;000270000000000;1885;1820;105647;1;68333
0004;10;00;T;000270000000000;1885;1820;101552;2;0
0004;10;00;T;000270000000000;1885;1820;103750;1;26667
0004;10;00;T;000270000000000;1885;1810;103961;2;31111
0004;10;00;T;000270000000000;1885;1810;108280;2;31111
0004;10;00;T;000270000000000;1885;1855;107893;1;55370
0004;10;00;T;000270000000000;1885;1810;103172;1;24815
0004;10;00;T;000270000000000;1885;1810;101535;1;0
0004;10;00;T;000270000000000;1885;1810;103763;2;28000
0004;10;00;S;000270000000000;1885;1329;104655;2;77407
0004;10;00;T;000270000000000;1885;1810;107002;1;67407
0004;10;00;T;000270000000000;1885;1810;100963;2;0
0004;10;00;T;000270000000000;1885;1810;101604;1;0
0004;10;00;T;000270000000000;1885;1810;103776;2;31111
0004;10;00;T;000270000000000;1885;1810;102222;2;5185
0004;10;00;T;000270000000000;1885;1855;101007;1;87778
0004;10;00;T;000270000000000;1885;1855;104353;2;166296
0004;10;00;T;000270000000000;1885;1855;104498;1;24815
0004;10;00;T;000270000000000;1885;1820;102644;4;21449
0004;10;00;T;000270000000000;1885;1810;104742;2;45118
0004;10;00;T;000270000000000;1885;1820;102685;1;19259
0004;10;00;T;000270000000000;1885;1820;106881;2;45926
0004;10;00;T;000270000000000;1885;1820;109775;3;166111
0004;10;00;M;000270000000000;1885;;200004;2;0
0004;10;00;T;000270000000000;1885;1810;102361;1;15556
0004;10;00;T;000270000000000;1885;1820;102747;1;7222
0004;10;00;T;000270000000000;1885;1820;109574;2;57037
0004;10;00;T;000270000000000;1885;1820;102133;1;926
0004;10;00;T;000270000000000;1885;1810;103788;1;39630
0004;10;00;T;000270000000000;1885;1810;103771;1;27593
0004;10;00;T;000270000000000;1885;1820;104873;6;210000
0004;10;00;T;000270000000000;1885;1820;102675;4;106667
0004;10;00;T;000270000000000;1885;1820;100968;3;82565
0004;10;00;T;000270000000000;1885;1820;102227;3;3182
0004;10;00;T;000270000000000;1885;1810;102170;2;8889
0004;10;00;T;000270000000000;1885;1810;101665;2;73704
0004;10;00;T;000270000000000;1885;1810;106356;1;0
0004;10;00;T;000270000000000;1885;1810;103786;1;41481
0004;10;00;T;000270000000000;1885;1810;103114;1;6296
0004;10;00;T;000270000000000;1885;1820;102902;1;33148
0004;10;00;S;000270000000000;1885;1329;102840;1;92407
0004;10;00;T;000270000000000;1885;1820;103171;2;53333
0004;10;00;T;000270000000000;1885;1820;105065;2;0
0004;10;00;T;000270000000000;1885;1820;104294;3;207778
0004;10;00;T;000270000000000;1885;1820;101604;2;0
0004;10;00;T;000270000000000;1885;1820;101433;2;0
0004;10;00;T;000270000000000;1885;1810;103653;2;70000
0004;10;00;T;000270000000000;1885;1810;101513;2;0
0004;10;00;T;000270000000000;1885;1810;101464;2;0
0004;10;00;T;000270000000000;1885;1810;101628;2;0
0004;10;00;T;000270000000000;1885;1810;102245;2;17037
0004;10;00;T;000270000000000;1885;1820;102912;1;22963
0004;10;00;T;000270000000000;1885;1820;102249;1;5370
0004;10;00;T;000270000000000;1885;1820;103993;1;16481
0004;10;00;T;000270000000000;1885;1820;101114;1;11852
0004;10;00;T;000270000000000;1885;1855;104491;1;62778
0004;10;00;T;000270000000000;1885;1810;102037;3;107738
0004;10;00;T;000270000000000;1885;1820;105421;1;22037
0004;10;00;T;000270000000000;1885;1820;102682;1;16481
0004;10;00;T;000270000000000;1885;1820;108825;1;12778
0004;10;00;T;000270000000000;1885;1855;104637;3;174444
0004;10;00;T;000270000000000;1885;1820;101303;5;110185
0004;10;00;T;000270000000000;1885;1810;108855;2;55185
0004;10;00;T;000270000000000;1885;1810;103347;1;55370
0004;10;00;T;000270000000000;1885;1810;100891;1;33148
0004;10;00;T;000270000000000;1885;1810;109672;1;33148
0004;10;00;T;000270000000000;1885;1810;103450;1;36852
0004;10;00;T;000270000000000;1885;1810;103442;1;40556
0019;10;00;M;000170000000000;1885;;200179;1;90000
0004;10;00;S;000270000000000;1885;1329;101026;1;35000
0004;10;00;T;000270000000000;1885;1820;102498;1;36852
0004;10;00;T;000270000000000;1885;1820;103135;1;10000
0004;10;00;T;000270000000000;1885;1810;103338;2;110741
0004;10;00;S;000270000000000;1885;1329;101996;3;43889
0004;10;00;T;000270000000000;1885;1855;104438;2;162593
0004;10;00;M;000270000000000;1885;;200012;3;0
0004;10;00;S;000270000000000;1885;1329;103712;2;71852
0004;10;00;T;000270000000000;1885;1820;101522;3;0
0004;10;00;T;000270000000000;1885;1820;200009;1;0
0004;10;00;T;000270000000000;1885;1810;109779;1;44259
0004;10;00;S;000270000000000;1885;1329;101321;1;24815
0004;10;00;T;000270000000000;1885;1855;105004;1;48889
0004;10;00;T;000270000000000;1885;1810;102172;1;5370
0004;10;00;T;000270000000000;1885;1820;101301;1;49815
0004;10;00;T;000270000000000;1885;1820;100846;1;24630
0004;10;00;T;000270000000000;1885;1820;102161;1;4638
0004;10;00;T;000270000000000;1885;1810;101244;1;29444
0004;10;00;T;000270000000000;1885;1820;100978;1;27593
0004;10;00;T;000270000000000;1885;1820;102481;1;39852
0004;10;00;T;000270000000000;1885;1820;102314;2;16333
0004;10;00;T;000270000000000;1885;1810;103449;1;22074
0004;10;00;T;000270000000000;1885;1820;101661;1;40593
0004;10;00;T;000270000000000;1885;1820;108486;1;18370
0004;10;00;T;000270000000000;1885;1855;104408;1;16889
0004;10;00;T;000270000000000;1885;1820;102884;3;53926
0004;10;00;T;000270000000000;1885;1820;101088;2;5630
0004;10;00;T;000270000000000;1885;1810;104004;1;13926
0004;10;00;T;000270000000000;1885;1810;109663;1;13704
0004;10;00;M;000270000000000;1885;;200004;2;0
0004;10;00;T;000270000000000;1885;1810;102066;1;23889
0004;10;00;T;000270000000000;1885;1820;102906;3;15278
0004;10;00;T;000270000000000;1885;1820;107839;1;40556
0004;10;00;T;000270000000000;1885;1820;103861;1;71111
0004;10;00;S;000270000000000;1885;1329;100953;2;92222
0004;10;00;T;000270000000000;1885;1820;103160;2;31111
0004;10;00;T;000270000000000;1885;1810;104275;1;8148
0004;10;00;T;000270000000000;1885;1810;103092;2;16296
0004;10;00;S;000270000000000;1885;1329;103028;1;55370
0004;10;00;S;000270000000000;1885;1329;102291;1;5370
0004;10;00;S;000270000000000;1885;1329;103019;1;34074
0004;10;00;S;000270000000000;1885;1329;106491;1;55370
0004;10;00;S;000270000000000;1885;1329;107333;1;64630
0004;10;00;S;000270000000000;1885;1329;104211;1;23889
0004;10;00;T;000270000000000;1885;1810;103564;3;155538
0004;10;00;T;000270000000000;1885;1810;103567;1;29444
0004;10;00;T;000270000000000;1885;1810;103600;1;69259
0004;10;00;T;000270000000000;1885;1810;104206;1;0
0004;10;00;T;000270000000000;1885;1820;102330;1;46111
0004;10;00;T;000270000000000;1885;1820;109686;1;0
0004;10;00;T;000270000000000;1885;1820;109689;1;0
0004;10;00;T;000270000000000;1885;1820;107382;1;0
0004;10;00;T;000270000000000;1885;1820;107404;1;0
0004;10;00;S;000270000000000;1885;1329;102458;3;55000
0004;10;00;M;000270000000000;1885;;102534;1;36852
0004;10;00;T;000270000000000;1885;1820;109390;2;53333
0004;10;00;S;000270000000000;1885;1329;103595;1;34074
0004;10;00;T;000270000000000;1885;1810;101547;1;5370
0004;10;00;S;000270000000000;1885;1329;101323;2;53535
0004;10;00;S;000270000000000;1885;1329;103615;2;71852
0004;10;00;T;000270000000000;1885;1820;109690;1;27121
0004;10;00;T;000270000000000;1885;1820;102960;1;4394
0004;10;00;T;000270000000000;1885;1855;105009;1;73889
0004;10;00;T;000270000000000;1885;1810;101203;1;49815
0004;10;00;S;000270000000000;1885;1329;102842;1;72963
0004;10;00;T;000270000000000;1885;1810;103552;1;35926
0004;10;00;T;000270000000000;1885;1855;104442;1;35926
0004;10;00;T;000270000000000;1885;1820;103226;1;24815
0004;10;00;T;000270000000000;1885;1820;102671;1;35926
0004;10;00;T;000270000000000;1885;1820;104719;1;36852
0004;10;00;T;000270000000000;1885;1810;104730;3;52222
0004;10;00;S;000270000000000;1885;1329;108429;1;71111
0004;10;00;S;000270000000000;1885;1329;102395;1;36852
0004;10;00;T;000270000000000;1885;1810;106294;1;40556
0004;10;00;T;000270000000000;1885;1810;103410;1;35000
0004;10;00;T;000270000000000;1885;1810;103434;1;34074
0004;10;00;T;000270000000000;1885;1810;102349;1;15556
0004;10;00;T;000270000000000;1885;1810;104808;1;25370
0004;10;00;T;000270000000000;1885;1810;104818;1;21204
0004;10;00;T;000270000000000;1885;1820;105224;1;87778
0004;10;00;T;000270000000000;1885;1810;104898;1;73889
0004;10;00;T;000270000000000;1885;1820;102163;1;4444
0004;10;00;T;000270000000000;1885;1820;104013;1;17407
0004;10;00;T;000270000000000;1885;1820;100967;1;23889
0004;10;00;T;000270000000000;1885;1820;104898;1;73889
0004;10;00;M;000270000000000;1885;;201420;2;12593
0004;10;00;T;000270000000000;1885;1810;101200;1;36852
0004;10;00;T;000270000000000;1885;1810;104810;1;17037
0004;10;00;T;000270000000000;1885;1810;104811;1;15648
0004;10;00;S;000270000000000;1885;1329;102790;1;35000
0004;10;00;S;000270000000000;1885;1329;102920;1;40556
0004;10;00;S;000270000000000;1885;1329;103746;1;38704
0004;10;00;S;000270000000000;1885;1329;103867;1;26667
0010;10;00;;;1885;;;;626963
0005;10;00;;;1885;;;;788471
