13066;2023-03-09 11:41:07.887000;1;202572;1;1;5500.0000;1;None;None;22000.0000
13066;2023-03-09 11:41:07.887000;1;202572;1;1;5500.0000;1;None;None;22000.0000
13066;2023-03-09 11:41:07.887000;1;202572;1;1;5500.0000;1;None;None;22000.0000
13066;2023-03-09 11:41:07.887000;1;202572;1;1;5500.0000;1;None;None;22000.0000
13067;2023-03-09 12:22:23.357000;1;101007;1;1;67000.0000;1;None;None;74200.0000
13067;2023-03-09 12:22:23.357000;7;1319;1;1;0.0000;1;None;None;74200.0000
13067;2023-03-09 12:22:23.357000;7;1319;1;1;0.0000;1;None;None;74200.0000
13067;2023-03-09 12:22:23.357000;3;201420;1;1;7200.0000;1;None;None;74200.0000
13068;2023-03-09 13:09:36.310000;1;104447;1;1;59700.0000;1;None;None;59700.0000
13068;2023-03-09 13:09:36.310000;7;1319;1;1;0.0000;1;None;None;59700.0000
13068;2023-03-09 13:09:36.310000;7;1319;1;1;0.0000;1;None;None;59700.0000
13072;2023-03-09 19:16:17.557000;1;104447;1;1;59700.0000;1;None;None;59700.0000
13072;2023-03-09 19:16:17.557000;7;1319;1;1;0.0000;1;None;None;59700.0000
13072;2023-03-09 19:16:17.557000;7;1319;1;1;0.0000;1;None;None;59700.0000
27099;2023-03-09 12:47:03.450000;3;104355;1;1;11800.0000;1;11500.0000;None;124200.0000
27099;2023-03-09 12:47:03.450000;3;104355;1;1;11800.0000;1;11500.0000;None;124200.0000
27099;2023-03-09 12:47:03.450000;1;107839;1;1;41800.0000;1;11500.0000;None;124200.0000
27099;2023-03-09 12:47:03.450000;7;1001;1;1;0.0000;1;11500.0000;None;124200.0000
27099;2023-03-09 12:47:03.450000;1;107831;1;1;58800.0000;1;11500.0000;None;124200.0000
27100;2023-03-09 12:49:21.603000;1;107836;1;1;19800.0000;1;9111.0000;None;98400.0000
27100;2023-03-09 13:16:20.387000;1;107836;1;1;19800.0000;1;9111.0000;None;98400.0000
27100;2023-03-09 13:30:07.033000;1;107831;1;1;58800.0000;1;9111.0000;None;98400.0000
27101;2023-03-09 12:52:26.687000;1;107825;1;1;46800.0000;1;17056.0000;None;184200.0000
27101;2023-03-09 12:52:26.687000;1;108314;1;1;39800.0000;1;17056.0000;None;184200.0000
27101;2023-03-09 12:53:16.613000;2;103225;1;1;48800.0000;1;17056.0000;None;184200.0000
27101;2023-03-09 12:53:16.613000;2;103225;1;1;48800.0000;1;17056.0000;None;184200.0000
27102;2023-03-09 12:56:00.387000;2;201187;1;1;10800.0000;1;24519.0000;None;264800.0000
27102;2023-03-09 12:56:00.387000;3;201211;1;1;6800.0000;1;24519.0000;None;264800.0000
27102;2023-03-09 12:56:00.387000;1;104450;1;1;23800.0000;1;24519.0000;None;264800.0000
27102;2023-03-09 12:56:00.387000;1;108029;1;1;0.0000;1;24519.0000;None;264800.0000
27102;2023-03-09 12:56:00.387000;7;1135;1;1;0.0000;1;24519.0000;None;264800.0000
27102;2023-03-09 12:59:35.213000;1;102170;1;1;3800.0000;1;24519.0000;None;264800.0000
27102;2023-03-09 13:03:07.450000;1;107826;1;1;46800.0000;1;24519.0000;None;264800.0000
27102;2023-03-09 13:03:07.450000;1;104341;1;1;39800.0000;1;24519.0000;None;264800.0000
27102;2023-03-09 13:12:13.553000;2;201615;1;1;14800.0000;1;24519.0000;None;264800.0000
27102;2023-03-09 13:22:21.360000;1;107831;1;1;58800.0000;1;24519.0000;None;264800.0000
27102;2023-03-09 13:46:15.007000;2;201615;1;1;14800.0000;1;24519.0000;None;264800.0000
27102;2023-03-09 13:43:00.397000;3;201211;1;1;6800.0000;1;24519.0000;None;264800.0000
27102;2023-03-09 14:16:01.643000;2;101795;1;1;37800.0000;1;24519.0000;None;264800.0000
27102;2023-03-09 14:16:01.643000;6;105631;1;1;0.0000;1;24519.0000;None;264800.0000
27102;2023-03-09 14:16:01.643000;3;108169;1;1;0.0000;1;24519.0000;None;264800.0000
27103;2023-03-09 12:58:58.847000;2;201615;1;1;14800.0000;1;14167.0000;None;153000.0000
27103;2023-03-09 12:58:58.847000;2;201615;1;1;14800.0000;1;14167.0000;None;153000.0000
27103;2023-03-09 12:58:58.847000;1;109450;1;1;33800.0000;1;14167.0000;None;153000.0000
27103;2023-03-09 12:58:58.847000;7;1001;1;1;0.0000;1;14167.0000;None;153000.0000
27103;2023-03-09 12:58:58.847000;1;109156;1;1;32800.0000;1;14167.0000;None;153000.0000
27103;2023-03-09 12:58:58.847000;7;1135;1;1;0.0000;1;14167.0000;None;153000.0000
27103;2023-03-09 12:58:58.847000;1;104447;1;1;56800.0000;1;14167.0000;None;153000.0000
27104;2023-03-09 13:00:40.277000;3;201206;1;1;6800.0000;1;12389.0000;None;133800.0000
27104;2023-03-09 13:00:40.277000;3;201269;1;1;6800.0000;1;12389.0000;None;133800.0000
27104;2023-03-09 13:00:40.277000;2;201960;1;1;13800.0000;1;12389.0000;None;133800.0000
27104;2023-03-09 13:00:40.277000;1;107839;1;1;41800.0000;1;12389.0000;None;133800.0000
27104;2023-03-09 13:00:40.277000;1;107831;1;1;58800.0000;1;12389.0000;None;133800.0000
27104;2023-03-09 13:34:36.523000;3;100614;1;1;5800.0000;1;12389.0000;None;133800.0000
27105;2023-03-09 13:11:43.977000;3;200644;1;1;6800.0000;1;14982.0000;None;161800.0000
27105;2023-03-09 13:11:43.977000;1;101270;1;1;0.0000;1;14982.0000;None;161800.0000
27105;2023-03-09 13:11:43.977000;3;201211;1;1;6800.0000;1;14982.0000;None;161800.0000
27105;2023-03-09 13:11:43.977000;1;101270;1;1;0.0000;1;14982.0000;None;161800.0000
27105;2023-03-09 13:11:43.977000;1;109450;1;1;33800.0000;1;14982.0000;None;161800.0000
27105;2023-03-09 13:19:15.200000;1;109454;1;1;57800.0000;1;14982.0000;None;161800.0000
27105;2023-03-09 13:19:15.200000;1;107839;1;1;41800.0000;1;14982.0000;None;161800.0000
27105;2023-03-09 13:48:45.413000;2;201615;1;1;14800.0000;1;14982.0000;None;161800.0000
27106;2023-03-09 13:53:45.983000;3;104355;1;1;11800.0000;1;15259.0000;None;164800.0000
27106;2023-03-09 13:53:45.983000;3;104355;1;1;11800.0000;1;15259.0000;None;164800.0000
27106;2023-03-09 13:53:45.983000;1;109335;1;1;38800.0000;1;15259.0000;None;164800.0000
27106;2023-03-09 13:53:45.983000;1;108321;1;1;27800.0000;1;15259.0000;None;164800.0000
27106;2023-03-09 13:53:45.983000;1;102172;1;1;4800.0000;1;15259.0000;None;164800.0000
27106;2023-03-09 14:03:24.713000;1;105696;1;1;69800.0000;1;15259.0000;None;164800.0000
27106;2023-03-09 14:03:24.713000;1;101433;1;1;0.0000;1;15259.0000;None;164800.0000
27106;2023-03-09 14:03:24.713000;7;1157;1;1;0.0000;1;15259.0000;None;164800.0000
27107;2023-03-09 14:12:24.583000;3;107873;1;1;8800.0000;1;6963.0000;None;75200.0000
27107;2023-03-09 14:14:15.923000;1;107833;1;1;53800.0000;1;6963.0000;None;75200.0000
27107;2023-03-09 14:14:15.923000;1;102159;1;1;7800.0000;1;6963.0000;None;75200.0000
27107;2023-03-09 14:14:15.923000;1;108014;1;1;4800.0000;1;6963.0000;None;75200.0000
27108;2023-03-09 17:10:22.980000;1;108319;1;1;85800.0000;1;7944.0000;None;85800.0000
27109;2023-03-09 20:04:07.760000;3;104355;1;1;11800.0000;1;11574.0000;None;125000.0000
27109;2023-03-09 20:04:07.760000;1;109335;1;1;38800.0000;1;11574.0000;None;125000.0000
27109;2023-03-09 20:04:07.760000;1;107827;1;1;53800.0000;1;11574.0000;None;125000.0000
27109;2023-03-09 20:06:14.410000;3;107873;1;1;8800.0000;1;11574.0000;None;125000.0000
27109;2023-03-09 20:06:14.410000;7;2036;1;1;0.0000;1;11574.0000;None;125000.0000
27109;2023-03-09 20:28:12.807000;3;104355;1;1;11800.0000;1;11574.0000;None;125000.0000
27110;2023-03-09 20:04:43.863000;3;104355;1;1;11800.0000;1;None;None;220000.0000
27110;2023-03-09 20:04:43.863000;3;104355;1;1;11800.0000;1;None;None;220000.0000
27110;2023-03-09 20:04:43.863000;3;201206;1;1;6800.0000;1;None;None;220000.0000
27110;2023-03-09 20:04:43.863000;3;107873;1;1;8800.0000;1;None;None;220000.0000
27110;2023-03-09 20:04:43.863000;3;201146;1;1;6800.0000;1;None;None;220000.0000
27110;2023-03-09 20:04:43.863000;1;108314;1;1;39800.0000;1;None;None;220000.0000
27110;2023-03-09 20:04:43.863000;1;109155;1;1;63800.0000;1;None;None;220000.0000
27110;2023-03-09 20:26:08.117000;3;104355;1;1;11800.0000;1;None;None;220000.0000
27110;2023-03-09 20:29:29.667000;1;107839;1;1;41800.0000;1;None;None;220000.0000
27110;2023-03-09 21:11:54.683000;3;108325;1;1;16800.0000;1;None;None;220000.0000
27111;2023-03-09 20:08:29.100000;3;107873;1;1;8800.0000;1;20870.0000;None;225400.0000
27111;2023-03-09 20:08:29.100000;3;107873;1;1;8800.0000;1;20870.0000;None;225400.0000
27111;2023-03-09 20:08:29.100000;1;107827;1;1;53800.0000;1;20870.0000;None;225400.0000
27111;2023-03-09 20:08:29.100000;7;1001;1;1;0.0000;1;20870.0000;None;225400.0000
27111;2023-03-09 20:38:34.847000;1;104447;1;1;56800.0000;1;20870.0000;None;225400.0000
27111;2023-03-09 20:38:34.847000;1;104447;1;1;56800.0000;1;20870.0000;None;225400.0000
27111;2023-03-09 21:02:49.550000;1;103993;1;1;16800.0000;1;20870.0000;None;225400.0000
27111;2023-03-09 21:07:18.170000;1;103993;1;1;16800.0000;1;20870.0000;None;225400.0000
27111;2023-03-09 21:14:38.090000;3;201206;1;1;6800.0000;1;20870.0000;None;225400.0000
27112;2023-03-09 20:46:58.017000;1;108314;1;1;39800.0000;1;18019.0000;None;194600.0000
27112;2023-03-09 20:46:58.017000;1;107839;1;1;41800.0000;1;18019.0000;None;194600.0000
27112;2023-03-09 20:46:58.017000;2;200480;1;1;12800.0000;1;18019.0000;None;194600.0000
27112;2023-03-09 20:46:58.017000;2;200480;1;1;12800.0000;1;18019.0000;None;194600.0000
27112;2023-03-09 20:46:58.017000;2;201615;1;1;14800.0000;1;18019.0000;None;194600.0000
27112;2023-03-09 20:46:58.017000;2;201959;1;1;13800.0000;1;18019.0000;None;194600.0000
27112;2023-03-09 20:46:58.017000;1;107831;1;1;58800.0000;1;18019.0000;None;194600.0000
