13073;2023-03-10 13:25:47.723000;1;107825;1;1;49200.0000;1;None;None;91000.0000
13073;2023-03-10 13:25:47.723000;None;108314;None;1;41800.0000;1;None;None;91000.0000
13073;2023-03-10 13:25:47.723000;7;1319;1;1;0.0000;1;None;None;91000.0000
13073;2023-03-10 13:25:47.723000;7;1319;1;1;0.0000;1;None;None;91000.0000
13074;2023-03-10 13:07:32.593000;1;107839;1;1;41800.0000;1;4870.0000;None;52600.0000
13074;2023-03-10 13:07:32.593000;2;201187;1;1;10800.0000;1;4870.0000;None;52600.0000
13074;2023-03-10 13:07:32.593000;3;108191;1;1;0.0000;1;4870.0000;None;52600.0000
13075;2023-03-10 13:48:22.313000;1;103993;1;1;17700.0000;1;None;None;17700.0000
13076;2023-03-10 13:26:35.397000;1;107831;1;1;58800.0000;1;7167.0000;None;77400.0000
13076;2023-03-10 13:26:35.397000;3;104355;1;1;11800.0000;1;7167.0000;None;77400.0000
13076;2023-03-10 14:00:29.957000;3;201206;1;1;6800.0000;1;7167.0000;None;77400.0000
13078;2023-03-10 17:57:25.373000;1;103856;1;1;36600.0000;1;None;None;36600.0000
13078;2023-03-10 17:57:25.373000;7;1319;1;1;0.0000;1;None;None;36600.0000
13079;2023-03-10 18:24:02.757000;1;107829;1;1;40800.0000;1;None;None;81600.0000
13079;2023-03-10 18:24:02.757000;1;107829;1;1;40800.0000;1;None;None;81600.0000
13079;2023-03-10 18:24:02.757000;7;1077;1;2;0.0000;1;None;None;81600.0000
13079;2023-03-10 18:24:02.757000;7;1135;1;1;0.0000;1;None;None;81600.0000
13079;2023-03-10 18:24:02.757000;7;1319;1;1;0.0000;1;None;None;81600.0000
13080;2023-03-10 18:32:13.260000;1;107839;1;1;41800.0000;1;3870.0000;None;41800.0000
13081;2023-03-10 18:37:22;1;103856;1;1;36600.0000;1;None;None;36600.0000
13081;2023-03-10 18:37:22;7;1135;1;1;0.0000;1;None;None;36600.0000
13081;2023-03-10 18:37:22;7;1319;1;1;0.0000;1;None;None;36600.0000
13082;2023-03-10 18:45:17.050000;1;101007;1;1;67000.0000;1;None;None;210100.0000
13082;2023-03-10 18:45:17.050000;1;106358;1;2;81600.0000;1;None;None;210100.0000
13082;2023-03-10 18:45:17.050000;None;108314;None;1;41800.0000;1;None;None;210100.0000
13082;2023-03-10 18:45:17.050000;7;1135;1;1;0.0000;1;None;None;210100.0000
13082;2023-03-10 18:45:17.050000;1;102159;1;1;8300.0000;1;None;None;210100.0000
13082;2023-03-10 18:45:17.050000;1;104421;1;1;11400.0000;1;None;None;210100.0000
13082;2023-03-10 18:45:17.050000;7;1319;1;1;0.0000;1;None;None;210100.0000
13083;2023-03-10 19:31:01.043000;1;107836;1;3;62400.0000;1;None;None;192000.0000
13083;2023-03-10 19:31:01.043000;1;107839;1;2;87800.0000;1;None;None;192000.0000
13083;2023-03-10 19:31:01.043000;7;1090;1;2;0.0000;1;None;None;192000.0000
13083;2023-03-10 19:31:01.043000;7;1077;1;2;0.0000;1;None;None;192000.0000
13083;2023-03-10 19:31:01.043000;None;108314;None;1;41800.0000;1;None;None;192000.0000
13083;2023-03-10 19:31:01.043000;7;1319;1;1;0.0000;1;None;None;192000.0000
13085;2023-03-10 21:23:05.067000;1;107832;1;1;41800.0000;1;None;6111.0000;132000.0000
13085;2023-03-10 21:23:05.067000;3;107873;1;1;8800.0000;1;None;6111.0000;132000.0000
13085;2023-03-10 21:23:05.067000;1;108314;1;1;39800.0000;1;None;6111.0000;132000.0000
13085;2023-03-10 21:23:05.067000;2;201961;1;1;13800.0000;1;None;6111.0000;132000.0000
13085;2023-03-10 21:46:41.730000;1;108321;1;1;27800.0000;1;None;6111.0000;132000.0000
27113;2023-03-10 11:58:38.983000;3;100613;1;1;5800.0000;1;None;None;2900.0000
27113;2023-03-10 22:41:51.887000;None;3;None;1;-2900.0000;2;None;None;2900.0000
27114;2023-03-10 12:44:16.617000;3;201146;1;1;6800.0000;1;12685.0000;None;137000.0000
27114;2023-03-10 12:44:16.617000;3;201237;1;1;5800.0000;1;12685.0000;None;137000.0000
27114;2023-03-10 12:44:16.617000;1;101270;1;1;0.0000;1;12685.0000;None;137000.0000
27114;2023-03-10 12:44:16.617000;1;107839;1;1;41800.0000;1;12685.0000;None;137000.0000
27114;2023-03-10 12:44:16.617000;7;1001;1;1;0.0000;1;12685.0000;None;137000.0000
27114;2023-03-10 12:44:16.617000;1;107831;1;1;58800.0000;1;12685.0000;None;137000.0000
27114;2023-03-10 12:44:16.617000;1;107824;1;1;23800.0000;1;12685.0000;None;137000.0000
27115;2023-03-10 12:50:19.013000;2;201961;1;1;13800.0000;1;17574.0000;None;189800.0000
27115;2023-03-10 12:50:19.013000;7;1207;1;1;0.0000;1;17574.0000;None;189800.0000
27115;2023-03-10 12:53:56.573000;1;108319;1;1;85800.0000;1;17574.0000;None;189800.0000
27115;2023-03-10 12:53:56.573000;1;101007;1;1;63800.0000;1;17574.0000;None;189800.0000
27115;2023-03-10 12:53:56.573000;7;1135;1;1;0.0000;1;17574.0000;None;189800.0000
27115;2023-03-10 13:05:47.640000;1;105211;1;1;4800.0000;1;17574.0000;None;189800.0000
27115;2023-03-10 13:54:16.847000;3;108325;1;1;16800.0000;1;17574.0000;None;189800.0000
27115;2023-03-10 13:54:16.847000;3;104554;1;1;4800.0000;1;17574.0000;None;189800.0000
27116;2023-03-10 13:07:32.593000;1;108314;1;1;39800.0000;1;4685.0000;None;50600.0000
27116;2023-03-10 13:07:32.593000;2;201187;1;1;10800.0000;1;4685.0000;None;50600.0000
27116;2023-03-10 13:07:32.593000;3;108191;1;1;0.0000;1;4685.0000;None;50600.0000
27117;2023-03-10 13:09:23.717000;2;200480;1;1;12800.0000;1;15630.0000;None;168800.0000
27117;2023-03-10 13:09:23.717000;2;200480;1;1;12800.0000;1;15630.0000;None;168800.0000
27117;2023-03-10 13:09:23.717000;1;105696;1;1;69800.0000;1;15630.0000;None;168800.0000
27117;2023-03-10 13:09:23.717000;1;101433;1;1;0.0000;1;15630.0000;None;168800.0000
27117;2023-03-10 13:09:23.717000;1;105696;1;1;69800.0000;1;15630.0000;None;168800.0000
27117;2023-03-10 13:09:23.717000;1;105065;1;1;0.0000;1;15630.0000;None;168800.0000
27117;2023-03-10 13:09:23.717000;1;104777;1;1;1800.0000;1;15630.0000;None;168800.0000
27117;2023-03-10 13:40:23.097000;1;104777;1;1;1800.0000;1;15630.0000;None;168800.0000
27118;2023-03-10 13:22:16.370000;3;107873;1;1;8800.0000;1;10482.0000;None;113200.0000
27118;2023-03-10 13:22:16.370000;3;107873;1;1;8800.0000;1;10482.0000;None;113200.0000
27118;2023-03-10 13:22:16.370000;7;2042;1;1;0.0000;1;10482.0000;None;113200.0000
27118;2023-03-10 13:28:11.187000;1;107839;1;1;41800.0000;1;10482.0000;None;113200.0000
27118;2023-03-10 13:28:11.187000;1;107827;1;1;53800.0000;1;10482.0000;None;113200.0000
27119;2023-03-10 13:26:35.397000;1;109155;1;1;63800.0000;1;5907.0000;None;63800.0000
27120;2023-03-10 13:29:35.993000;1;109245;1;1;47800.0000;1;12407.0000;None;134000.0000
27120;2023-03-10 13:29:35.993000;1;109155;1;1;63800.0000;1;12407.0000;None;134000.0000
27120;2023-03-10 13:29:35.993000;3;201211;1;1;6800.0000;1;12407.0000;None;134000.0000
27120;2023-03-10 13:29:35.993000;3;201211;1;1;6800.0000;1;12407.0000;None;134000.0000
27120;2023-03-10 13:29:35.993000;3;107873;1;1;8800.0000;1;12407.0000;None;134000.0000
27121;2023-03-10 13:56:52.980000;1;109155;1;1;63800.0000;1;14037.0000;None;151600.0000
27121;2023-03-10 13:56:52.980000;1;107839;1;1;41800.0000;1;14037.0000;None;151600.0000
27121;2023-03-10 13:56:52.980000;1;102172;1;1;4800.0000;1;14037.0000;None;151600.0000
27121;2023-03-10 13:56:52.980000;3;107873;1;1;8800.0000;1;14037.0000;None;151600.0000
27121;2023-03-10 13:56:52.980000;3;107873;1;1;8800.0000;1;14037.0000;None;151600.0000
27121;2023-03-10 13:56:52.980000;3;107873;1;1;8800.0000;1;14037.0000;None;151600.0000
27121;2023-03-10 14:34:29.470000;1;107871;1;1;14800.0000;1;14037.0000;None;151600.0000
27122;2023-03-10 13:58:13.090000;3;107873;1;1;8800.0000;1;10944.0000;None;118200.0000
27122;2023-03-10 13:58:13.090000;3;107873;1;1;8800.0000;1;10944.0000;None;118200.0000
27122;2023-03-10 13:58:13.090000;1;107839;1;1;41800.0000;1;10944.0000;None;118200.0000
27122;2023-03-10 14:06:29.210000;1;107831;1;1;58800.0000;1;10944.0000;None;118200.0000
27123;2023-03-10 15:50:24.053000;1;104347;1;1;46800.0000;1;5704.0000;None;61600.0000
27123;2023-03-10 15:50:24.053000;2;201615;1;1;14800.0000;1;5704.0000;None;61600.0000
27124;2023-03-10 17:38:55.820000;1;103993;1;1;16800.0000;1;None;None;16800.0000
27124;2023-03-10 17:38:55.820000;7;1157;1;1;0.0000;1;None;None;16800.0000
27125;2023-03-10 18:47:49.017000;3;107873;1;1;8800.0000;1;10759.0000;None;116200.0000
27125;2023-03-10 18:47:49.017000;3;107873;1;1;8800.0000;1;10759.0000;None;116200.0000
27125;2023-03-10 18:52:35.227000;1;107839;1;1;41800.0000;1;10759.0000;None;116200.0000
27125;2023-03-10 18:52:35.227000;1;104447;1;1;56800.0000;1;10759.0000;None;116200.0000
27125;2023-03-10 18:52:35.227000;7;1193;1;1;0.0000;1;10759.0000;None;116200.0000
27126;2023-03-10 18:51:18.597000;1;101007;1;1;63800.0000;1;None;None;123200.0000
27126;2023-03-10 18:51:18.597000;7;1135;1;1;0.0000;1;None;None;123200.0000
27126;2023-03-10 18:51:18.597000;1;107839;1;1;41800.0000;1;None;None;123200.0000
27126;2023-03-10 18:51:18.597000;7;1135;1;1;0.0000;1;None;None;123200.0000
27126;2023-03-10 18:51:18.597000;3;107873;1;1;8800.0000;1;None;None;123200.0000
27126;2023-03-10 18:51:18.597000;7;1207;1;1;0.0000;1;None;None;123200.0000
27126;2023-03-10 18:51:18.597000;3;107873;1;1;8800.0000;1;None;None;123200.0000
27127;2023-03-10 19:10:48.657000;1;104450;1;1;23800.0000;1;26778.0000;None;289200.0000
27127;2023-03-10 19:10:48.657000;1;102170;1;1;3800.0000;1;26778.0000;None;289200.0000
27127;2023-03-10 19:10:48.657000;3;104355;1;1;11800.0000;1;26778.0000;None;289200.0000
27127;2023-03-10 19:10:48.657000;1;107839;1;1;41800.0000;1;26778.0000;None;289200.0000
27127;2023-03-10 19:10:48.657000;1;102159;1;1;7800.0000;1;26778.0000;None;289200.0000
27127;2023-03-10 19:10:48.657000;2;201615;1;1;14800.0000;1;26778.0000;None;289200.0000
27127;2023-03-10 19:10:48.657000;2;201615;1;1;14800.0000;1;26778.0000;None;289200.0000
27127;2023-03-10 19:11:00.927000;2;103225;1;1;48800.0000;1;26778.0000;None;289200.0000
27127;2023-03-10 19:18:57.220000;1;104413;1;1;1800.0000;1;26778.0000;None;289200.0000
27127;2023-03-10 19:24:32.590000;1;107827;1;1;53800.0000;1;26778.0000;None;289200.0000
27127;2023-03-10 19:24:32.590000;1;107836;1;1;19800.0000;1;26778.0000;None;289200.0000
27127;2023-03-10 19:24:32.590000;7;1135;1;1;0.0000;1;26778.0000;None;289200.0000
27127;2023-03-10 19:42:09.203000;2;201615;1;1;14800.0000;1;26778.0000;None;289200.0000
27127;2023-03-10 20:15:24.710000;1;103993;1;1;16800.0000;1;26778.0000;None;289200.0000
27127;2023-03-10 20:26:48.940000;2;201615;1;1;14800.0000;1;26778.0000;None;289200.0000
27128;2023-03-10 19:25:13.707000;3;104355;1;1;11800.0000;1;1093.0000;None;11800.0000
27129;2023-03-10 19:27:46.670000;1;109243;1;1;45800.0000;1;11593.0000;None;125200.0000
27129;2023-03-10 19:27:46.670000;1;107831;1;1;58800.0000;1;11593.0000;None;125200.0000
27129;2023-03-10 19:27:46.670000;3;107873;1;1;8800.0000;1;11593.0000;None;125200.0000
27129;2023-03-10 19:27:46.670000;3;104355;1;1;11800.0000;1;11593.0000;None;125200.0000
27130;2023-03-10 19:40:38.420000;1;107839;1;1;41800.0000;1;9833.0000;None;106200.0000
27130;2023-03-10 19:40:38.420000;1;104347;1;1;46800.0000;1;9833.0000;None;106200.0000
27130;2023-03-10 19:40:38.420000;3;107873;1;1;8800.0000;1;9833.0000;None;106200.0000
27130;2023-03-10 19:40:38.420000;3;107873;1;1;8800.0000;1;9833.0000;None;106200.0000
27131;2023-03-10 20:02:31.860000;1;107839;1;1;41800.0000;1;7741.0000;None;83600.0000
27131;2023-03-10 20:20:27.280000;1;107839;1;1;41800.0000;1;7741.0000;None;83600.0000
27132;2023-03-10 20:04:09.500000;3;107873;1;1;8800.0000;1;14185.0000;None;153200.0000
27132;2023-03-10 20:04:09.500000;3;201146;1;1;6800.0000;1;14185.0000;None;153200.0000
27132;2023-03-10 20:04:20.120000;1;104413;1;1;1800.0000;1;14185.0000;None;153200.0000
27132;2023-03-10 20:04:20.120000;1;104413;1;1;1800.0000;1;14185.0000;None;153200.0000
27132;2023-03-10 20:16:41.263000;1;104974;1;1;46800.0000;1;14185.0000;None;153200.0000
27132;2023-03-10 20:16:41.263000;1;104447;1;1;56800.0000;1;14185.0000;None;153200.0000
27132;2023-03-10 21:26:30.813000;3;100607;1;1;6800.0000;1;14185.0000;None;153200.0000
27132;2023-03-10 21:26:30.813000;3;100607;1;1;6800.0000;1;14185.0000;None;153200.0000
27132;2023-03-10 21:26:30.813000;3;108325;1;1;16800.0000;1;14185.0000;None;153200.0000
27133;2023-03-10 20:22:44.763000;3;107873;1;1;8800.0000;1;9556.0000;None;103200.0000
27133;2023-03-10 20:27:00.967000;1;107829;1;1;38800.0000;1;9556.0000;None;103200.0000
27133;2023-03-10 20:27:00.967000;1;104974;1;1;46800.0000;1;9556.0000;None;103200.0000
27133;2023-03-10 20:35:18;3;107873;1;1;8800.0000;1;9556.0000;None;103200.0000
27134;2023-03-10 20:32:01.747000;2;108132;1;1;23800.0000;1;13259.0000;None;143200.0000
27134;2023-03-10 20:32:01.747000;2;108143;1;1;44800.0000;1;13259.0000;None;143200.0000
27134;2023-03-10 20:33:40.760000;1;109451;1;1;26800.0000;1;13259.0000;None;143200.0000
27134;2023-03-10 20:33:40.760000;1;109245;1;1;47800.0000;1;13259.0000;None;143200.0000
27136;2023-03-10 20:53:42.647000;2;103225;1;1;48800.0000;1;14926.0000;None;161200.0000
27136;2023-03-10 20:53:42.647000;2;103225;1;1;48800.0000;1;14926.0000;None;161200.0000
27136;2023-03-10 20:59:01.203000;1;103351;1;1;36800.0000;1;14926.0000;None;161200.0000
27136;2023-03-10 21:02:20.297000;1;109451;1;1;26800.0000;1;14926.0000;None;161200.0000
27137;2023-03-10 20:54:09.320000;1;107831;1;1;58800.0000;1;5444.0000;None;58800.0000
27138;2023-03-10 21:05:36.627000;2;101680;1;1;19800.0000;1;9815.0000;None;106000.0000
27138;2023-03-10 21:05:36.627000;3;201146;1;1;6800.0000;1;9815.0000;None;106000.0000
27138;2023-03-10 21:05:36.627000;1;104447;1;1;56800.0000;1;9815.0000;None;106000.0000
27138;2023-03-10 21:05:36.627000;7;1135;1;1;0.0000;1;9815.0000;None;106000.0000
27138;2023-03-10 21:37:29.667000;3;100596;1;1;5800.0000;1;9815.0000;None;106000.0000
27138;2023-03-10 21:37:29.667000;3;108325;1;1;16800.0000;1;9815.0000;None;106000.0000
27139;2023-03-10 21:09:53.523000;1;107840;1;1;45800.0000;1;12056.0000;None;130200.0000
27139;2023-03-10 21:09:53.523000;1;107831;1;1;58800.0000;1;12056.0000;None;130200.0000
27139;2023-03-10 21:09:53.523000;2;200480;1;1;12800.0000;1;12056.0000;None;130200.0000
27139;2023-03-10 21:09:53.523000;2;200480;1;1;12800.0000;1;12056.0000;None;130200.0000
27140;2023-03-10 21:17:51.270000;1;103993;1;1;16800.0000;1;1556.0000;None;16800.0000
27141;2023-03-10 21:35:46.933000;3;201206;1;1;6800.0000;1;29148.0000;None;314800.0000
27141;2023-03-10 21:35:46.933000;3;201206;1;1;6800.0000;1;29148.0000;None;314800.0000
27141;2023-03-10 21:35:46.933000;3;201146;1;1;6800.0000;1;29148.0000;None;314800.0000
27141;2023-03-10 21:35:46.933000;3;107873;1;1;8800.0000;1;29148.0000;None;314800.0000
27141;2023-03-10 21:35:46.933000;3;107873;1;1;8800.0000;1;29148.0000;None;314800.0000
27141;2023-03-10 21:35:46.933000;3;100606;1;1;6800.0000;1;29148.0000;None;314800.0000
27141;2023-03-10 21:35:46.933000;1;104347;1;1;46800.0000;1;29148.0000;None;314800.0000
27141;2023-03-10 21:35:46.933000;7;1135;1;1;0.0000;1;29148.0000;None;314800.0000
27141;2023-03-10 21:35:46.933000;1;107827;1;1;53800.0000;1;29148.0000;None;314800.0000
27141;2023-03-10 21:35:46.933000;7;1001;1;1;0.0000;1;29148.0000;None;314800.0000
27141;2023-03-10 21:35:46.933000;7;1135;1;1;0.0000;1;29148.0000;None;314800.0000
27141;2023-03-10 21:35:46.933000;1;107831;1;1;58800.0000;1;29148.0000;None;314800.0000
27141;2023-03-10 21:35:46.933000;7;1135;1;1;0.0000;1;29148.0000;None;314800.0000
27141;2023-03-10 21:35:46.933000;1;104447;1;1;56800.0000;1;29148.0000;None;314800.0000
27141;2023-03-10 21:35:46.933000;7;1077;1;1;0.0000;1;29148.0000;None;314800.0000
27141;2023-03-10 21:35:46.933000;1;109246;1;1;53800.0000;1;29148.0000;None;314800.0000
27143;2023-03-10 21:53:41.257000;1;106358;1;1;38800.0000;1;10685.0000;None;115400.0000
27143;2023-03-10 21:53:41.273000;1;108054;1;1;29800.0000;1;10685.0000;None;115400.0000
27143;2023-03-10 22:11:35.033000;1;104974;1;1;46800.0000;1;10685.0000;None;115400.0000
27144;2023-03-10 21:54:15.760000;2;103225;1;1;48800.0000;1;9852.0000;None;106400.0000
27144;2023-03-10 21:54:15.760000;2;104319;1;1;48800.0000;1;9852.0000;None;106400.0000
27144;2023-03-10 21:54:15.760000;3;107873;1;1;8800.0000;1;9852.0000;None;106400.0000
27145;2023-03-10 22:11:57.730000;1;104447;1;1;56800.0000;1;27111.0000;None;292800.0000
27145;2023-03-10 22:11:57.730000;1;104447;1;1;56800.0000;1;27111.0000;None;292800.0000
27145;2023-03-10 22:11:57.730000;1;104447;1;1;56800.0000;1;27111.0000;None;292800.0000
27145;2023-03-10 22:11:57.730000;1;107831;1;1;58800.0000;1;27111.0000;None;292800.0000
27145;2023-03-10 22:30:43.963000;1;104447;1;1;56800.0000;1;27111.0000;None;292800.0000
27145;2023-03-10 22:36:17.870000;3;201206;1;1;6800.0000;1;27111.0000;None;292800.0000
27147;2023-03-10 22:30:14.197000;1;107827;1;1;53800.0000;1;8278.0000;None;89400.0000
27147;2023-03-10 22:30:14.197000;3;104355;1;1;11800.0000;1;8278.0000;None;89400.0000
27147;2023-03-10 22:30:14.197000;1;107824;1;1;23800.0000;1;8278.0000;None;89400.0000
27148;2023-03-10 22:44:09.057000;1;103993;1;1;16800.0000;1;None;None;16800.0000
