13129;2023-03-13 12:32:31.367000;1;107871;1;1;15600.0000;1;None;None;15600.0000
13129;2023-03-13 12:32:31.367000;7;1319;1;1;0.0000;1;None;None;15600.0000
13129;2023-03-13 12:32:31.367000;7;1319;1;1;0.0000;1;None;None;15600.0000
13129;2023-03-13 12:32:31.367000;7;1319;1;1;0.0000;1;None;None;15600.0000
13129;2023-03-13 12:32:31.367000;7;1319;1;1;0.0000;1;None;None;15600.0000
13134;2023-03-13 15:04:04.237000;1;107831;1;1;61800.0000;1;None;None;61800.0000
13134;2023-03-13 15:04:04.237000;7;1319;1;1;0.0000;1;None;None;61800.0000
13135;2023-03-13 18:39:35.013000;1;106358;1;1;40800.0000;1;None;None;79500.0000
13135;2023-03-13 18:39:35.013000;1;103856;1;1;38700.0000;1;None;None;79500.0000
13135;2023-03-13 18:39:35.013000;7;1319;1;1;0.0000;1;None;None;79500.0000
13136;2023-03-13 18:41:04.960000;1;101007;1;2;138200.0000;1;None;None;410600.0000
13136;2023-03-13 18:41:04.960000;1;106358;1;2;81600.0000;1;None;None;410600.0000
13136;2023-03-13 18:41:04.960000;None;108314;None;3;131700.0000;1;None;None;410600.0000
13136;2023-03-13 18:41:04.960000;7;1135;1;3;0.0000;1;None;None;410600.0000
13136;2023-03-13 18:41:04.960000;1;104421;1;3;34200.0000;1;None;None;410600.0000
13136;2023-03-13 18:41:04.960000;1;102159;1;3;24900.0000;1;None;None;410600.0000
13136;2023-03-13 18:41:04.960000;7;1319;1;1;0.0000;1;None;None;410600.0000
13137;2023-03-13 19:22:54.807000;1;103856;1;1;38700.0000;1;None;None;38700.0000
13137;2023-03-13 19:22:54.807000;7;1135;1;1;0.0000;1;None;None;38700.0000
13137;2023-03-13 19:22:54.807000;7;1319;1;1;0.0000;1;None;None;38700.0000
13138;2023-03-13 19:28:25.487000;1;107839;1;1;43900.0000;1;None;None;46900.0000
13138;2023-03-13 19:28:25.487000;7;1077;1;1;0.0000;1;None;None;46900.0000
13138;2023-03-13 19:28:25.487000;7;1061;1;1;0.0000;1;None;None;46900.0000
13138;2023-03-13 19:28:25.487000;1;108015;1;1;3000.0000;1;None;None;46900.0000
13138;2023-03-13 19:28:25.487000;7;1319;1;1;0.0000;1;None;None;46900.0000
13140;2023-03-13 20:26:31.303000;1;107831;1;1;61800.0000;1;None;None;61800.0000
13141;2023-03-13 20:53:36.987000;1;107832;1;1;47100.0000;1;None;None;114000.0000
13141;2023-03-13 20:53:36.987000;1;108323;1;1;58600.0000;1;None;None;114000.0000
13141;2023-03-13 20:53:36.987000;1;102159;1;1;8300.0000;1;None;None;114000.0000
13141;2023-03-13 20:53:36.987000;7;1319;1;1;0.0000;1;None;None;114000.0000
27210;2023-03-13 13:27:26.520000;3;104355;1;1;11800.0000;1;24352.0000;None;263000.0000
27210;2023-03-13 13:27:26.520000;3;201211;1;1;6800.0000;1;24352.0000;None;263000.0000
27210;2023-03-13 13:27:26.520000;3;201269;1;1;6800.0000;1;24352.0000;None;263000.0000
27210;2023-03-13 13:27:26.520000;1;101270;1;1;0.0000;1;24352.0000;None;263000.0000
27210;2023-03-13 12:33:18.807000;7;1220;1;1;0.0000;1;24352.0000;None;263000.0000
27210;2023-03-13 13:33:07.370000;1;105696;1;1;73800.0000;1;24352.0000;None;263000.0000
27210;2023-03-13 13:33:07.370000;1;105065;1;1;0.0000;1;24352.0000;None;263000.0000
27210;2023-03-13 13:33:07.370000;1;105696;1;1;73800.0000;1;24352.0000;None;263000.0000
27210;2023-03-13 13:33:07.370000;1;105065;1;1;0.0000;1;24352.0000;None;263000.0000
27210;2023-03-13 13:33:07.370000;1;104777;1;1;1800.0000;1;24352.0000;None;263000.0000
27210;2023-03-13 13:33:07.370000;1;104447;1;1;59800.0000;1;24352.0000;None;263000.0000
27210;2023-03-13 14:23:26.927000;3;100614;1;1;5800.0000;1;24352.0000;None;263000.0000
27210;2023-03-13 14:23:26.927000;3;100614;1;1;5800.0000;1;24352.0000;None;263000.0000
27210;2023-03-13 14:23:26.927000;1;103993;1;1;16800.0000;1;24352.0000;None;263000.0000
27213;2023-03-13 13:45:49.700000;1;107831;1;1;58800.0000;1;5444.0000;None;58800.0000
27214;2023-03-13 13:56:26.123000;1;104347;1;1;46800.0000;1;10407.0000;None;112400.0000
27214;2023-03-13 13:56:26.123000;1;107831;1;1;58800.0000;1;10407.0000;None;112400.0000
27214;2023-03-13 13:56:26.123000;3;201146;1;1;6800.0000;1;10407.0000;None;112400.0000
27214;2023-03-13 13:56:26.123000;7;1207;1;1;0.0000;1;10407.0000;None;112400.0000
27215;2023-03-13 14:15:55.620000;1;107831;1;1;58800.0000;1;None;None;58800.0000
27216;2023-03-13 14:29:15.073000;1;107829;1;1;39800.0000;1;4500.0000;None;48600.0000
27216;2023-03-13 14:29:15.073000;3;107873;1;1;8800.0000;1;4500.0000;None;48600.0000
27217;2023-03-13 14:41:59.053000;1;108319;1;1;89800.0000;1;14907.0000;None;161000.0000
27217;2023-03-13 14:41:59.053000;2;201187;1;1;10800.0000;1;14907.0000;None;161000.0000
27217;2023-03-13 14:41:59.053000;2;200480;1;1;12800.0000;1;14907.0000;None;161000.0000
27217;2023-03-13 14:44:51.203000;2;200480;1;1;12800.0000;1;14907.0000;None;161000.0000
27217;2023-03-13 14:44:51.203000;3;108192;2;1;0.0000;1;14907.0000;None;161000.0000
27217;2023-03-13 14:51:27.363000;1;108320;1;1;34800.0000;1;14907.0000;None;161000.0000
27217;2023-03-13 15:04:52.567000;7;1220;1;1;0.0000;1;14907.0000;None;161000.0000
27218;2023-03-13 14:58:21.537000;1;108314;1;1;41800.0000;1;3870.0000;None;41800.0000
27219;2023-03-13 15:03:34.193000;2;104319;1;1;48800.0000;1;19907.0000;None;215000.0000
27219;2023-03-13 15:03:34.193000;2;201187;1;1;10800.0000;1;19907.0000;None;215000.0000
27219;2023-03-13 15:04:39.670000;1;107826;1;1;46800.0000;1;19907.0000;None;215000.0000
27219;2023-03-13 15:07:12.550000;1;104447;1;1;59800.0000;1;19907.0000;None;215000.0000
27219;2023-03-13 15:07:12.550000;7;1030;1;1;0.0000;1;19907.0000;None;215000.0000
27219;2023-03-13 15:31:51.500000;2;104319;1;1;48800.0000;1;19907.0000;None;215000.0000
27220;2023-03-13 16:20:22.560000;1;103993;1;1;16800.0000;1;None;None;16800.0000
27220;2023-03-13 16:20:22.560000;7;1157;1;1;0.0000;1;None;None;16800.0000
