0001;10;00;M;000030000000000;1805;;201146;20;125926
0001;10;00;M;000270000000000;1805;;101069;2;5185
0001;10;00;M;000030000000000;1805;;102102;7;70000
0001;10;00;M;000030000000000;1805;;200644;13;81852
0001;10;00;M;000270000000000;1805;;101270;11;0
0001;10;00;M;000030000000000;1805;;108531;8;57778
0001;10;00;M;000030000000000;1805;;100614;37;198704
0001;10;00;M;000030000000000;1805;;100613;5;26852
0001;10;00;M;000030000000000;1805;;102748;2;29259
0001;10;00;M;000030000000000;1805;;102749;2;16296
0001;10;00;M;000270000000000;1805;;103961;8;124444
0001;10;00;M;000270000000000;1805;;104151;1;6296
0001;10;00;M;000270000000000;1805;;104172;1;10926
0001;10;00;M;000270000000000;1805;;109555;3;27222
0001;10;00;M;000030000000000;1805;;100606;40;251852
0001;10;00;M;000270000000000;1805;;100590;9;56667
0001;10;00;M;000270000000000;1805;;102813;10;27778
0001;10;00;M;000030000000000;1805;;101231;5;26852
0001;10;00;M;000270000000000;1805;;103992;6;37778
0001;10;00;M;000270000000000;1805;;104004;8;139259
0001;10;00;M;000030000000000;1805;;102747;2;14444
0001;10;00;M;000030000000000;1805;;101333;8;131852
0001;10;00;M;000030000000000;1805;;101208;4;47407
0001;10;00;M;000030000000000;1805;;200006;5;45370
0001;10;00;M;000270000000000;1805;;103296;2;79259
0001;10;00;M;000270000000000;1805;;108006;8;0
0001;10;00;M;000030000000000;1805;;200000;1;11852
0001;10;00;M;000030000000000;1805;;100596;4;21481
0001;10;00;M;000030000000000;1805;;102120;4;21481
0001;10;00;M;000030000000000;1805;;101148;2;12593
0001;10;00;M;000270000000000;1805;;106982;9;248333
0001;10;00;M;000270000000000;1805;;101257;2;51481
0001;10;00;M;000270000000000;1805;;101576;2;0
0001;10;00;M;000270000000000;1805;;101503;12;0
0001;10;00;M;000270000000000;1805;;103318;1;41481
0001;10;00;M;000270000000000;1805;;108005;8;0
0001;10;00;M;000030000000000;1805;;108533;4;36296
0001;10;00;M;000270000000000;1805;;109787;3;21667
0001;10;00;M;000270000000000;1805;;102412;4;6667
0001;10;00;M;000030000000000;1805;;102402;2;14444
0001;10;00;M;000270000000000;1805;;101476;4;0
0001;10;00;M;000270000000000;1805;;104290;2;0
0001;10;00;M;000270000000000;1805;;105651;2;0
0001;10;00;M;000270000000000;1805;;109554;1;12778
0002;10;00;M;000170000000000;1805;;200137;2;207037
0001;10;00;M;000270000000000;1805;;102261;1;4444
0001;10;00;M;000270000000000;1805;;101088;4;14074
0001;10;00;M;000030000000000;1805;;104554;7;31111
0001;10;00;M;000270000000000;1805;;109356;1;17407
0001;10;00;M;000270000000000;1805;;102415;4;10370
0001;10;00;M;000270000000000;1805;;109102;1;18333
0001;10;00;M;000270000000000;1805;;103248;2;34815
0002;10;00;M;000170000000000;1805;;201615;3;41111
0001;10;00;M;000030000000000;1805;;100607;12;75556
0001;10;00;M;000270000000000;1805;;105082;3;10556
0002;10;00;M;000170000000000;1805;;201182;5;45370
0001;10;00;M;000270000000000;1805;;102256;2;7037
0001;10;00;M;000270000000000;1805;;101458;1;3519
0002;10;00;M;000170000000000;1805;;104099;2;58889
0001;10;00;M;000270000000000;1805;;101575;1;0
0001;10;00;M;000030000000000;1805;;101228;2;18148
0001;10;00;M;000030000000000;1805;;101216;2;12593
0001;10;00;M;000270000000000;1805;;103102;2;14444
0001;10;00;M;000270000000000;1805;;102030;4;95556
0002;10;00;M;000170000000000;1805;;201187;6;60000
0001;10;00;M;000270000000000;1805;;104776;1;926
0001;10;00;M;000270000000000;1805;;103266;1;21111
0001;10;00;M;000270000000000;1805;;108008;4;0
0001;10;00;M;000270000000000;1805;;101267;2;55185
0001;10;00;M;000030000000000;1805;;102616;1;6296
0001;10;00;M;000270000000000;1805;;104158;2;21852
0002;10;00;M;000170000000000;1805;;107560;2;77407
0001;10;00;M;000030000000000;1805;;108532;1;7222
0002;10;00;M;000170000000000;1805;;102706;2;84815
0001;10;00;M;000270000000000;1805;;102905;1;4815
0001;10;00;M;000270000000000;1805;;101647;1;10000
0001;10;00;M;000270000000000;1805;;103388;2;99630
0001;10;00;M;000270000000000;1805;;101502;1;0
0002;10;00;M;000170000000000;1805;;101728;1;32222
0002;10;00;M;000170000000000;1805;;101819;2;53333
0001;10;00;M;000030000000000;1805;;108192;1;0
0001;10;00;M;000270000000000;1805;;103627;1;48889
0001;10;00;M;000270000000000;1805;;106689;2;5185
0001;10;00;M;000030000000000;1805;;101151;1;6296
0001;10;00;M;000030000000000;1805;;201958;5;31481
0001;10;00;M;000270000000000;1805;;104156;1;6296
0001;10;00;M;000270000000000;1805;;103635;1;55370
0001;10;00;M;000270000000000;1805;;103652;1;34074
0001;10;00;M;000270000000000;1805;;201567;1;12778
0020;10;00;M;000180000000000;1805;;105633;2;0
0001;10;00;M;000030000000000;1805;;102630;1;8148
0001;10;00;M;000270000000000;1805;;105421;6;132222
0001;10;00;M;000030000000000;1805;;201211;5;31481
0001;10;00;M;000270000000000;1805;;103252;1;20185
0002;10;00;M;000170000000000;1805;;101689;1;35000
0001;10;00;M;000270000000000;1805;;104166;1;10000
0001;10;00;M;000270000000000;1805;;104173;1;7222
0001;10;00;M;000030000000000;1805;;202114;1;10926
0001;10;00;M;000270000000000;1805;;103879;2;8889
0001;10;00;M;000030000000000;1805;;102653;1;4444
0001;10;00;M;000270000000000;1805;;102830;1;10926
0001;10;00;M;000030000000000;1805;;201269;3;18889
0001;10;00;M;000270000000000;1805;;103100;1;8148
0002;10;00;M;000170000000000;1805;;200480;1;11852
0001;10;00;M;000030000000000;1805;;102750;4;32593
0001;10;00;M;000270000000000;1805;;103895;1;9074
0002;10;00;M;000170000000000;1805;;101844;1;29444
0001;10;00;M;000270000000000;1805;;105631;1;0
0001;10;00;M;000270000000000;1805;;103311;2;77407
0001;10;00;M;000270000000000;1805;;103647;2;81111
0001;10;00;M;000030000000000;1805;;102838;2;25556
0001;10;00;M;000030000000000;1805;;102619;1;8148
0001;10;00;M;000270000000000;1805;;103380;2;73704
0001;10;00;M;000270000000000;1805;;103271;1;27593
0001;10;00;M;000030000000000;1805;;202112;1;9074
0001;10;00;M;000030000000000;1805;;102641;2;20000
0002;10;00;M;000170000000000;1805;;200150;1;165556
0001;10;00;M;000270000000000;1805;;109101;1;29444
0001;10;00;M;000030000000000;1805;;102635;2;16296
0007;10;00;;;1805;;;;450797
0005;10;00;;;1805;;;;361496
