0001;10;00;M;000270000000000;1805;;201567;2;25556
0001;10;00;M;000270000000000;1805;;101543;4;0
0001;10;00;M;000030000000000;1805;;201146;24;151111
0001;10;00;M;000270000000000;1805;;104172;10;118519
0001;10;00;M;000270000000000;1805;;100590;6;37778
0001;10;00;M;000030000000000;1805;;100606;68;428148
0001;10;00;M;000270000000000;1805;;104782;1;2593
0001;10;00;M;000030000000000;1805;;100613;13;69815
0001;10;00;M;000030000000000;1805;;100607;10;62963
0001;10;00;M;000030000000000;1805;;104554;14;62222
0001;10;00;M;000030000000000;1805;;108533;3;27222
0001;10;00;M;000030000000000;1805;;100614;58;311481
0001;10;00;M;000030000000000;1805;;201211;11;69259
0001;10;00;M;000270000000000;1805;;107283;10;1389
0001;10;00;M;000270000000000;1805;;103296;4;158519
0001;10;00;M;000270000000000;1805;;108008;10;0
0001;10;00;M;000030000000000;1805;;200644;16;100741
0001;10;00;M;000270000000000;1805;;101270;33;0
0001;10;00;M;000270000000000;1805;;103893;7;37593
0001;10;00;M;000030000000000;1805;;201269;19;119630
0001;10;00;M;000030000000000;1805;;101333;6;98889
0001;10;00;M;000270000000000;1805;;101105;1;45185
0001;10;00;M;000270000000000;1805;;101503;11;0
0001;10;00;M;000270000000000;1805;;103380;1;36852
0001;10;00;M;000030000000000;1805;;102635;8;65185
0001;10;00;M;000270000000000;1805;;104698;2;7037
0001;10;00;M;000270000000000;1805;;102415;3;7778
0001;10;00;M;000270000000000;1805;;106689;5;12963
0001;10;00;M;000030000000000;1805;;108531;14;101111
0001;10;00;M;000030000000000;1805;;102619;3;27222
0001;10;00;M;000270000000000;1805;;102261;1;4444
0001;10;00;M;000030000000000;1805;;202112;4;36296
0001;10;00;M;000030000000000;1805;;202134;1;9074
0001;10;00;M;000270000000000;1805;;103598;1;54444
0001;10;00;M;000270000000000;1805;;102245;1;7222
0001;10;00;M;000270000000000;1805;;104929;3;149444
0001;10;00;M;000270000000000;1805;;104932;2;92222
0001;10;00;M;000270000000000;1805;;108006;20;0
0001;10;00;M;000030000000000;1805;;102747;3;21667
0001;10;00;M;000270000000000;1805;;103157;3;21667
0001;10;00;M;000270000000000;1805;;103166;6;110000
0001;10;00;M;000030000000000;1805;;100596;6;32222
0001;10;00;M;000030000000000;1805;;200000;2;23704
0001;10;00;M;000270000000000;1805;;202712;1;38704
0001;10;00;M;000270000000000;1805;;106800;1;0
0001;10;00;M;000270000000000;1805;;106270;1;0
0001;10;00;M;000030000000000;1805;;102748;1;15556
0001;10;00;M;000270000000000;1805;;104158;3;32778
0001;10;00;M;000270000000000;1805;;109101;1;29444
0001;10;00;M;000270000000000;1805;;103271;1;27593
0002;10;00;M;000170000000000;1805;;101818;2;49630
0001;10;00;M;000270000000000;1805;;103168;1;110926
0001;10;00;M;000270000000000;1805;;104004;4;69630
0001;10;00;M;000270000000000;1805;;103322;3;88333
0001;10;00;M;000270000000000;1805;;108005;7;0
0001;10;00;M;000030000000000;1805;;200006;3;27222
0001;10;00;M;000030000000000;1805;;101231;15;80556
0001;10;00;M;000030000000000;1805;;102103;2;20000
0001;10;00;M;000270000000000;1805;;104166;2;20000
0016;10;00;M;000180000000000;1805;;101165;1;34476
0001;10;00;M;000270000000000;1805;;103288;3;80000
0001;10;00;M;000270000000000;1805;;102254;1;4444
0002;10;00;M;000170000000000;1805;;200711;4;758519
0001;10;00;M;000030000000000;1805;;105735;8;0
0001;10;00;M;000270000000000;1805;;105520;3;0
0002;10;00;M;000170000000000;1805;;101728;4;128889
0001;10;00;M;000270000000000;1805;;102256;3;10556
0001;10;00;M;000270000000000;1805;;101458;1;3519
0002;10;00;M;000170000000000;1805;;200480;3;35556
0001;10;00;M;000270000000000;1805;;106982;1;27593
0001;10;00;M;000030000000000;1805;;102616;1;6296
0001;10;00;M;000270000000000;1805;;103975;3;52222
0001;10;00;M;000030000000000;1805;;101216;3;18889
0002;10;00;M;000170000000000;1805;;201615;4;54815
0002;10;00;M;000170000000000;1805;;201187;10;100000
0001;10;00;M;000030000000000;1805;;101219;3;32778
0001;10;00;M;000270000000000;1805;;101257;3;77222
0001;10;00;M;000270000000000;1805;;101576;3;0
0001;10;00;M;000270000000000;1805;;103895;1;9074
0001;10;00;M;000270000000000;1805;;104150;2;21852
0002;10;00;M;000170000000000;1805;;101680;2;42222
0001;10;00;M;000030000000000;1805;;100626;1;9074
0001;10;00;M;000270000000000;1805;;106366;1;25741
0001;10;00;M;000270000000000;1805;;101261;1;39630
0001;10;00;M;000270000000000;1805;;102260;3;10556
0002;10;00;M;000170000000000;1805;;101709;6;165556
0002;10;00;M;000170000000000;1805;;107767;2;88519
0001;10;00;M;000270000000000;1805;;102342;1;13704
0001;10;00;M;000030000000000;1805;;102653;3;13333
0001;10;00;M;000270000000000;1805;;103992;4;25185
0001;10;00;M;000270000000000;1805;;109555;1;9074
0001;10;00;M;000270000000000;1805;;101647;1;10000
0001;10;00;M;000270000000000;1805;;100625;1;9074
0001;10;00;M;000030000000000;1805;;201958;7;44074
0001;10;00;M;000270000000000;1805;;101575;8;0
0002;10;00;M;000170000000000;1805;;106913;3;63333
0001;10;00;M;000270000000000;1805;;103646;1;52593
0001;10;00;M;000270000000000;1805;;101511;1;0
0001;10;00;M;000270000000000;1805;;103652;4;136296
0001;10;00;M;000030000000000;1805;;201237;1;6296
0001;10;00;M;000270000000000;1805;;103635;1;55370
0001;10;00;M;000270000000000;1805;;101502;1;0
0001;10;00;M;000270000000000;1805;;103056;1;24815
0001;10;00;M;000270000000000;1805;;105082;5;17593
0001;10;00;M;000030000000000;1805;;102624;1;7222
0001;10;00;M;000030000000000;1805;;102644;2;12593
0001;10;00;M;000270000000000;1805;;102574;1;10926
0001;10;00;M;000270000000000;1805;;100523;1;0
0001;10;00;M;000030000000000;1805;;102649;1;5370
0001;10;00;M;000270000000000;1805;;102412;2;3333
0001;10;00;M;000270000000000;1805;;103290;3;99444
0001;10;00;M;000270000000000;1805;;103272;3;88333
0001;10;00;M;000030000000000;1805;;102402;1;7222
0001;10;00;M;000270000000000;1805;;104291;4;0
0001;10;00;M;000030000000000;1805;;200007;1;11852
0001;10;00;M;000270000000000;1805;;101106;1;44259
0001;10;00;M;000270000000000;1805;;103967;1;35926
0001;10;00;M;000030000000000;1805;;101890;1;7222
0001;10;00;M;000030000000000;1805;;100615;2;16296
0001;10;00;M;000270000000000;1805;;105421;2;45926
0001;10;00;M;000030000000000;1805;;102663;1;10000
0001;10;00;M;000270000000000;1805;;101068;2;10741
0001;10;00;M;000270000000000;1805;;101069;2;5185
0002;10;00;M;000170000000000;1805;;108118;1;36852
0001;10;00;M;000270000000000;1805;;105419;1;0
0001;10;00;M;000030000000000;1805;;108191;2;0
0001;10;00;M;000270000000000;1805;;103329;1;23889
0001;10;00;M;000030000000000;1805;;101208;2;27407
0001;10;00;M;000270000000000;1805;;102030;1;23889
0001;10;00;M;000270000000000;1805;;104776;1;926
0001;10;00;M;000030000000000;1805;;102102;1;10000
0001;10;00;M;000270000000000;1805;;102813;2;6111
0001;10;00;M;000270000000000;1805;;103961;1;15556
0002;10;00;M;000170000000000;1805;;104685;7;167222
0002;10;00;M;000170000000000;1805;;107998;4;158519
0001;10;00;M;000270000000000;1805;;102069;1;35926
0001;10;00;M;000030000000000;1805;;102637;1;9074
0001;10;00;M;000030000000000;1805;;102749;1;8148
0001;10;00;M;000030000000000;1805;;108192;2;0
0001;10;00;M;000270000000000;1805;;104161;3;24444
0001;10;00;M;000270000000000;1805;;101088;2;7037
0001;10;00;M;000270000000000;1805;;103647;1;40556
0001;10;00;M;000270000000000;1805;;101310;2;40370
0001;10;00;M;000270000000000;1805;;105044;1;0
0001;10;00;M;000270000000000;1805;;105603;1;3519
0001;10;00;M;000270000000000;1805;;105631;2;0
0001;10;00;M;000270000000000;1805;;104151;1;6296
0002;10;00;M;000170000000000;1805;;101786;7;251481
0001;10;00;M;000270000000000;1805;;103248;1;17407
0001;10;00;M;000270000000000;1805;;103315;2;116296
0001;10;00;M;000270000000000;1805;;105446;1;0
0001;10;00;M;000030000000000;1805;;200012;2;18148
0001;10;00;M;000270000000000;1805;;101104;0;0
0007;10;00;;;1805;;;;671587
0005;10;00;;;1805;;;;569178
