0001;10;00;M;000030000000000;1805;;200006;4;36296
0001;10;00;M;000030000000000;1805;;102630;2;16296
0001;10;00;M;000030000000000;1805;;101890;1;7222
0001;10;00;M;000030000000000;1805;;200644;8;50370
0001;10;00;M;000030000000000;1805;;100614;26;139630
0001;10;00;M;000030000000000;1805;;100607;6;37778
0001;10;00;M;000270000000000;1805;;105082;5;17593
0001;10;00;M;000030000000000;1805;;100613;5;26852
0001;10;00;M;000030000000000;1805;;102402;2;14444
0001;10;00;M;000270000000000;1805;;104291;4;0
0001;10;00;M;000030000000000;1805;;100606;31;195185
0001;10;00;M;000030000000000;1805;;200007;3;35556
0001;10;00;M;000030000000000;1805;;200000;1;11852
0002;10;00;M;000170000000000;1805;;200137;1;103519
0001;10;00;M;000270000000000;1805;;102060;1;30370
0001;10;00;M;000270000000000;1805;;101511;2;0
0001;10;00;M;000270000000000;1805;;102260;2;7037
0001;10;00;M;000270000000000;1805;;105603;1;3519
0001;10;00;M;000030000000000;1805;;201269;9;56667
0016;10;00;M;000180000000000;1805;;101165;1;34476
0001;10;00;M;000270000000000;1805;;102905;1;4815
0001;10;00;M;000030000000000;1805;;102102;6;60000
0001;10;00;M;000270000000000;1805;;103100;1;8148
0001;10;00;M;000270000000000;1805;;103290;5;165741
0001;10;00;M;000270000000000;1805;;108006;13;0
0001;10;00;M;000270000000000;1805;;104004;6;104444
0001;10;00;M;000270000000000;1805;;101088;6;21111
0001;10;00;M;000030000000000;1805;;102117;1;6019
0001;10;00;M;000030000000000;1805;;102637;1;9074
0001;10;00;M;000270000000000;1805;;103992;2;12593
0001;10;00;M;000270000000000;1805;;106689;7;18148
0001;10;00;M;000270000000000;1805;;104158;7;76481
0001;10;00;M;000270000000000;1805;;103384;1;44259
0001;10;00;M;000270000000000;1805;;101503;10;0
0001;10;00;M;000030000000000;1805;;201146;11;69259
0001;10;00;M;000270000000000;1805;;101270;15;0
0001;10;00;M;000270000000000;1805;;102813;4;11111
0001;10;00;M;000030000000000;1805;;101333;2;32963
0001;10;00;M;000030000000000;1805;;108532;1;7222
0001;10;00;M;000030000000000;1805;;102747;5;36111
0001;10;00;M;000270000000000;1805;;102255;1;4444
0001;10;00;M;000270000000000;1805;;103961;7;108889
0002;10;00;M;000170000000000;1805;;101978;1;46111
0002;10;00;M;000170000000000;1805;;102775;2;82963
0001;10;00;M;000270000000000;1805;;101257;4;102963
0001;10;00;M;000270000000000;1805;;101576;6;0
0001;10;00;M;000270000000000;1805;;102128;2;5185
0001;10;00;M;000030000000000;1805;;108533;4;36296
0001;10;00;M;000030000000000;1805;;101208;2;23704
0001;10;00;M;000270000000000;1805;;103166;4;73333
0001;10;00;M;000270000000000;1805;;105421;1;22037
0002;10;00;M;000170000000000;1805;;101858;1;29444
0001;10;00;M;000030000000000;1805;;202114;1;10926
0001;10;00;M;000270000000000;1805;;104150;3;32778
0001;10;00;M;000270000000000;1805;;104156;2;12593
0001;10;00;M;000270000000000;1805;;104166;1;10000
0001;10;00;M;000270000000000;1805;;104149;3;32778
0002;10;00;M;000170000000000;1805;;101728;2;64444
0001;10;00;M;000030000000000;1805;;201237;2;12593
0001;10;00;M;000030000000000;1805;;108531;8;57778
0001;10;00;M;000270000000000;1805;;103771;1;27593
0001;10;00;M;000270000000000;1805;;102030;2;47778
0001;10;00;M;000030000000000;1805;;100596;4;21481
0001;10;00;M;000270000000000;1805;;103967;1;35926
0001;10;00;M;000270000000000;1805;;103251;1;27593
0001;10;00;M;000270000000000;1805;;108005;8;0
0001;10;00;M;000270000000000;1805;;103895;1;9074
0001;10;00;M;000270000000000;1805;;101310;1;20185
0001;10;00;M;000030000000000;1805;;201211;9;56667
0001;10;00;M;000030000000000;1805;;104554;8;35556
0001;10;00;M;000270000000000;1805;;103266;1;21111
0001;10;00;M;000270000000000;1805;;104929;1;49815
0001;10;00;M;000270000000000;1805;;201567;2;25556
0001;10;00;M;000270000000000;1805;;101524;2;0
0001;10;00;M;000270000000000;1805;;101543;2;0
0001;10;00;M;000030000000000;1805;;102653;5;22222
0001;10;00;M;000270000000000;1805;;102557;2;23704
0001;10;00;M;000270000000000;1805;;100523;2;0
0001;10;00;M;000270000000000;1805;;100590;3;18889
0001;10;00;M;000270000000000;1805;;102212;1;1667
0001;10;00;M;000270000000000;1805;;102206;1;926
0001;10;00;M;000030000000000;1805;;102641;1;10000
0002;10;00;M;000170000000000;1805;;201615;6;82222
0001;10;00;M;000270000000000;1805;;103252;1;20185
0001;10;00;M;000270000000000;1805;;104173;1;7222
0001;10;00;M;000030000000000;1805;;102635;5;40741
0001;10;00;M;000270000000000;1805;;109356;1;17407
0002;10;00;M;000170000000000;1805;;101030;1;18333
0002;10;00;M;000170000000000;1805;;105918;3;77222
0001;10;00;M;000270000000000;1805;;103635;1;55370
0001;10;00;M;000270000000000;1805;;104932;1;46111
0001;10;00;M;000270000000000;1805;;104275;2;16296
0002;10;00;M;000170000000000;1805;;106012;1;46111
0002;10;00;M;000170000000000;1805;;108101;1;34074
0002;10;00;M;000170000000000;1805;;103225;1;45185
0001;10;00;M;000030000000000;1805;;101216;2;12593
0001;10;00;M;000030000000000;1805;;202112;2;18148
0001;10;00;M;000030000000000;1805;;102619;1;8148
0001;10;00;M;000030000000000;1805;;200008;1;14630
0001;10;00;M;000270000000000;1805;;102378;1;21111
0001;10;00;M;000270000000000;1805;;101458;1;3519
0001;10;00;M;000270000000000;1805;;103249;1;39630
0001;10;00;M;000270000000000;1805;;102254;1;4444
0001;10;00;M;000270000000000;1805;;103291;1;30370
0001;10;00;M;000270000000000;1805;;103296;2;79259
0001;10;00;M;000270000000000;1805;;103886;2;18148
0001;10;00;M;000270000000000;1805;;104172;2;21852
0001;10;00;M;000030000000000;1805;;202133;1;9074
0001;10;00;M;000030000000000;1805;;101231;6;32222
0001;10;00;M;000270000000000;1805;;101261;1;36852
0001;10;00;M;000270000000000;1805;;104698;1;3519
0002;10;00;M;000170000000000;1805;;200140;1;66481
0001;10;00;M;000270000000000;1805;;101068;1;5370
0001;10;00;M;000270000000000;1805;;101106;1;44259
0001;10;00;M;000270000000000;1805;;103272;2;58889
0001;10;00;M;000030000000000;1805;;108191;1;0
0002;10;00;M;000170000000000;1805;;201187;2;20000
0001;10;00;M;000270000000000;1805;;104290;2;0
0001;10;00;M;000270000000000;1805;;101476;2;0
0001;10;00;M;000270000000000;1805;;109554;1;12778
0001;10;00;M;000270000000000;1805;;103322;1;29444
0002;10;00;M;000170000000000;1805;;101727;1;33148
0001;10;00;M;000270000000000;1805;;101267;1;27593
0002;10;00;M;000170000000000;1805;;104239;2;42222
0007;10;00;;;1805;;;;391139
0005;10;00;;;1805;;;;313741
