0001;10;00;M;000270000000000;1332;;102910;3;15278
0001;10;00;M;000030000000000;1332;;100614;20;107407
0001;10;00;M;000030000000000;1332;;100606;17;107037
0001;10;00;M;000030000000000;1332;;201609;7;44074
0001;10;00;M;000030000000000;1332;;102635;13;105926
0001;10;00;M;000270000000000;1332;;100854;1;24815
0001;10;00;M;000270000000000;1332;;104690;4;17778
0001;10;00;M;000030000000000;1332;;201146;9;56667
0001;10;00;M;000270000000000;1332;;102554;1;9074
0001;10;00;M;000270000000000;1332;;103116;1;13704
0001;10;00;M;000030000000000;1332;;102102;2;20000
0001;10;00;M;000270000000000;1332;;101061;10;0
0001;10;00;M;000270000000000;1332;;103759;3;30000
0001;10;00;M;000270000000000;1332;;103750;3;38333
0001;10;00;M;000270000000000;1332;;103843;2;64444
0001;10;00;M;000270000000000;1332;;103171;4;106667
0001;10;00;M;000270000000000;1332;;101433;3;0
0001;10;00;M;000270000000000;1332;;105065;2;0
0001;10;00;M;000270000000000;1332;;104293;6;248889
0001;10;00;M;000030000000000;1332;;102619;5;40741
0001;10;00;M;000030000000000;1332;;102639;2;25556
0001;10;00;M;000270000000000;1332;;100856;1;13704
0001;10;00;M;000270000000000;1332;;102179;1;2315
0001;10;00;M;000030000000000;1332;;102112;1;5370
0001;10;00;M;000270000000000;1332;;103366;1;9074
0001;10;00;M;000270000000000;1332;;102501;3;130000
0001;10;00;M;000270000000000;1332;;103488;4;0
0001;10;00;M;000030000000000;1332;;201207;5;31481
0001;10;00;M;000270000000000;1332;;101552;6;0
0001;10;00;M;000270000000000;1332;;102173;1;5370
0001;10;00;M;000270000000000;1332;;105647;2;136667
0001;10;00;M;000270000000000;1332;;102132;1;7222
0001;10;00;M;000270000000000;1332;;102315;1;1389
0002;10;00;M;000170000000000;1332;;200480;1;11852
0001;10;00;M;000030000000000;1332;;200644;4;25185
0002;10;00;M;000170000000000;1332;;202384;0;0
0002;10;00;M;000170000000000;1332;;201615;2;27407
0002;10;00;M;000170000000000;1332;;201184;3;30000
0001;10;00;M;000270000000000;1332;;101112;1;45185
0001;10;00;M;000270000000000;1332;;102498;3;110556
0001;10;00;M;000270000000000;1332;;101561;2;0
0001;10;00;M;000270000000000;1332;;102914;4;110370
0001;10;00;M;000270000000000;1332;;101641;4;0
0001;10;00;M;000270000000000;1332;;100845;2;53333
0001;10;00;M;000270000000000;1332;;102238;3;2778
0001;10;00;M;000270000000000;1332;;103130;1;9074
0001;10;00;M;000270000000000;1332;;102314;1;9074
0002;10;00;M;000170000000000;1332;;202615;1;72963
0001;10;00;M;000270000000000;1332;;105421;5;110185
0001;10;00;M;000270000000000;1332;;102908;2;10185
0001;10;00;M;000270000000000;1332;;102909;2;10185
0001;10;00;M;000030000000000;1332;;100596;3;16111
0001;10;00;M;000270000000000;1332;;103772;2;32963
0001;10;00;M;000270000000000;1332;;104719;2;73704
0001;10;00;M;000270000000000;1332;;101522;9;0
0001;10;00;M;000270000000000;1332;;102035;2;71852
0001;10;00;M;000270000000000;1332;;108452;2;45926
0001;10;00;M;000030000000000;1332;;100999;1;5370
0001;10;00;M;000270000000000;1332;;102905;2;10185
0001;10;00;M;000270000000000;1332;;100858;1;13704
0001;10;00;M;000030000000000;1332;;102747;4;28889
0001;10;00;M;000270000000000;1332;;101262;1;30370
0001;10;00;M;000270000000000;1332;;102228;1;10000
0001;10;00;M;000270000000000;1332;;102284;1;1759
0001;10;00;M;000270000000000;1332;;103955;3;118889
0001;10;00;M;000270000000000;1332;;102003;1;4444
0001;10;00;M;000270000000000;1332;;102906;2;10185
0001;10;00;M;000270000000000;1332;;102725;1;39630
0001;10;00;M;000270000000000;1332;;105188;2;60741
0001;10;00;M;000270000000000;1332;;103784;1;30370
0001;10;00;M;000270000000000;1332;;102239;1;5370
0001;10;00;M;000030000000000;1332;;102402;2;14444
0001;10;00;M;000270000000000;1332;;104386;2;0
0001;10;00;M;000270000000000;1332;;105155;2;0
0001;10;00;M;000270000000000;1332;;103038;3;35556
0001;10;00;M;000270000000000;1332;;100995;1;10926
0001;10;00;M;000270000000000;1332;;100846;1;28519
0001;10;00;M;000270000000000;1332;;103364;1;9074
0001;10;00;M;000270000000000;1332;;103367;1;12778
0001;10;00;M;000270000000000;1332;;108351;1;22037
0001;10;00;M;000270000000000;1332;;105082;3;10556
0001;10;00;M;000030000000000;1332;;103904;2;8889
0001;10;00;M;000270000000000;1332;;104958;2;16296
0001;10;00;M;000270000000000;1332;;101954;1;18333
0001;10;00;M;000270000000000;1332;;102671;2;71852
0001;10;00;M;000270000000000;1332;;103641;1;13704
0001;10;00;M;000030000000000;1332;;100607;1;6296
0001;10;00;M;000270000000000;1332;;102275;1;11852
0001;10;00;M;000270000000000;1332;;102668;2;68148
0001;10;00;M;000270000000000;1332;;103100;3;24444
0001;10;00;M;000270000000000;1332;;103092;1;8148
0001;10;00;M;000270000000000;1332;;104684;3;0
0001;10;00;M;000270000000000;1332;;102494;1;52593
0001;10;00;M;000270000000000;1332;;108794;6;276667
0001;10;00;M;000030000000000;1332;;102631;2;14444
0001;10;00;M;000270000000000;1332;;103642;3;88333
0001;10;00;M;000270000000000;1332;;103340;1;31296
0001;10;00;M;000030000000000;1332;;102748;1;14630
0001;10;00;M;000270000000000;1332;;102487;2;73704
0002;10;00;M;000170000000000;1332;;101709;2;53333
0001;10;00;M;000270000000000;1332;;105631;1;0
0001;10;00;M;000030000000000;1332;;102623;1;6296
0001;10;00;M;000270000000000;1332;;101958;1;63704
0001;10;00;M;000270000000000;1332;;101962;1;63704
0001;10;00;M;000270000000000;1332;;103651;1;44259
0001;10;00;M;000270000000000;1332;;103372;1;14630
0001;10;00;M;000270000000000;1332;;104004;1;17407
0001;10;00;M;000270000000000;1332;;103701;2;68148
0001;10;00;M;000030000000000;1332;;201269;2;12593
0001;10;00;M;000030000000000;1332;;102637;2;18148
0001;10;00;M;000030000000000;1332;;102749;1;8148
0001;10;00;M;000270000000000;1332;;101088;1;2593
0001;10;00;M;000270000000000;1332;;106044;2;9259
0001;10;00;M;000270000000000;1332;;103773;1;9074
0001;10;00;M;000270000000000;1332;;103624;1;44259
0001;10;00;M;000270000000000;1332;;103400;1;7222
0001;10;00;M;000270000000000;1332;;102172;1;3519
0001;10;00;M;000270000000000;1332;;100853;3;80000
0001;10;00;M;000030000000000;1332;;102645;1;7222
0001;10;00;M;000030000000000;1332;;102638;1;10000
0001;10;00;M;000030000000000;1332;;102649;1;5370
0001;10;00;M;000030000000000;1332;;102886;1;5370
0001;10;00;M;000270000000000;1332;;103342;1;43333
0001;10;00;M;000270000000000;1332;;102042;1;35000
0001;10;00;M;000270000000000;1332;;106729;2;3333
0001;10;00;M;000030000000000;1332;;104446;2;16296
0001;10;00;M;000270000000000;1332;;100848;1;26667
0001;10;00;M;000270000000000;1332;;102680;1;34074
0001;10;00;M;000270000000000;1332;;101647;1;10000
0001;10;00;M;000030000000000;1332;;201237;1;6296
0007;10;00;;;1332;;;;418050
0005;10;00;;;1332;;;;350503
