0001;10;00;M;000270000000000;1331;;104256;2;53333
0001;10;00;M;000270000000000;1331;;105197;2;18148
0001;10;00;M;000270000000000;1331;;105023;2;108889
0001;10;00;M;000270000000000;1331;;109117;5;91667
0001;10;00;M;000270000000000;1331;;102992;3;118889
0001;10;00;M;000270000000000;1331;;104655;6;232222
0001;10;00;M;000270000000000;1331;;107525;2;120000
0001;10;00;M;000270000000000;1331;;102052;1;61852
0001;10;00;M;000270000000000;1331;;102927;5;309259
0001;10;00;M;000270000000000;1331;;105509;5;0
0001;10;00;M;000270000000000;1331;;105090;3;0
0001;10;00;M;000270000000000;1331;;101546;5;0
0001;10;00;M;000270000000000;1331;;101927;5;647222
0001;10;00;M;000270000000000;1331;;101050;1;46111
0001;10;00;M;000270000000000;1331;;106337;3;0
0001;10;00;M;000270000000000;1331;;101035;2;40370
0001;10;00;M;000270000000000;1331;;104211;1;23889
0001;10;00;M;000270000000000;1331;;106077;1;35000
0001;10;00;M;000270000000000;1331;;101026;5;175000
0001;10;00;M;000270000000000;1331;;101885;1;31296
0001;10;00;M;000270000000000;1331;;101929;8;124444
0001;10;00;M;000270000000000;1331;;104261;1;21111
0001;10;00;M;000270000000000;1331;;101323;4;117778
0001;10;00;M;000270000000000;1331;;103023;1;47963
0001;10;00;M;000270000000000;1331;;103800;1;63704
0001;10;00;M;000270000000000;1331;;100990;1;73889
0001;10;00;M;000270000000000;1331;;103962;2;127407
0001;10;00;M;000270000000000;1331;;104216;2;32963
0001;10;00;M;000270000000000;1331;;101408;2;0
0001;10;00;M;000270000000000;1331;;102790;3;105000
0001;10;00;M;000270000000000;1331;;103679;1;184074
0001;10;00;M;000270000000000;1331;;102542;2;0
0001;10;00;M;000270000000000;1331;;105731;1;0
0001;10;00;M;000270000000000;1331;;105730;1;0
0001;10;00;M;000270000000000;1331;;103691;1;0
0001;10;00;M;000270000000000;1331;;103867;13;346667
0001;10;00;M;000270000000000;1331;;102447;2;31111
0001;10;00;M;000270000000000;1331;;100954;1;41481
0001;10;00;M;000270000000000;1331;;100953;6;276667
0001;10;00;M;000030000000000;1331;;201269;7;44074
0001;10;00;M;000270000000000;1331;;104749;12;0
0001;10;00;M;000270000000000;1331;;101270;1;0
0001;10;00;M;000270000000000;1331;;101996;7;102407
0001;10;00;M;000270000000000;1331;;102143;1;5185
0001;10;00;M;000030000000000;1331;;200008;4;58519
0001;10;00;M;000270000000000;1331;;102459;1;17407
0001;10;00;M;000270000000000;1331;;103596;2;162593
0001;10;00;M;000270000000000;1331;;105010;3;0
0001;10;00;M;000270000000000;1331;;101045;1;62778
0001;10;00;M;000270000000000;1331;;106922;3;0
0001;10;00;M;000270000000000;1331;;106922;8;0
0001;10;00;M;000030000000000;1331;;102663;1;10000
0001;10;00;M;000270000000000;1331;;102770;1;14630
0001;10;00;M;000030000000000;1331;;100596;3;16111
0001;10;00;M;000030000000000;1331;;100613;1;6019
0001;10;00;M;000270000000000;1331;;103864;1;79444
0001;10;00;M;000270000000000;1331;;103615;7;251481
0001;10;00;M;000270000000000;1331;;108429;1;71111
0001;10;00;M;000030000000000;1331;;202570;4;32593
0001;10;00;M;000270000000000;1331;;102692;2;68148
0001;10;00;M;000270000000000;1331;;103547;1;69259
0001;10;00;M;000270000000000;1331;;103548;1;58148
0001;10;00;M;000030000000000;1331;;102616;1;6296
0001;10;00;M;000030000000000;1331;;102747;8;57778
0001;10;00;M;000030000000000;1331;;104446;6;48889
0001;10;00;M;000030000000000;1331;;102635;3;24444
0002;10;00;M;000170000000000;1331;;105451;1;73889
0001;10;00;M;000270000000000;1331;;102840;1;92407
0001;10;00;M;000270000000000;1331;;103536;2;73704
0001;10;00;M;000270000000000;1331;;101316;1;34074
0002;10;00;M;000170000000000;1331;;201615;1;13704
0002;10;00;M;000170000000000;1331;;201187;3;30000
0001;10;00;M;000270000000000;1331;;103057;1;54444
0001;10;00;M;000030000000000;1331;;100614;11;59074
0001;10;00;M;000030000000000;1331;;102637;3;27222
0001;10;00;M;000270000000000;1331;;109501;1;26667
0001;10;00;M;000270000000000;1331;;102800;1;70185
0001;10;00;M;000270000000000;1331;;102797;2;105185
0001;10;00;M;000270000000000;1331;;101953;1;43333
0001;10;00;M;000270000000000;1331;;102169;1;3519
0001;10;00;M;000270000000000;1331;;101011;2;42222
0001;10;00;M;000270000000000;1331;;103780;2;31111
0002;10;00;M;000170000000000;1331;;202599;2;266296
0001;10;00;M;000030000000000;1331;;201704;2;29259
0001;10;00;M;000270000000000;1331;;101048;1;41481
0001;10;00;M;000270000000000;1331;;103595;2;68148
0001;10;00;M;000270000000000;1331;;103940;2;110741
0001;10;00;M;000270000000000;1331;;103944;1;19259
0001;10;00;M;000270000000000;1331;;102456;2;31111
0001;10;00;M;000270000000000;1331;;103539;1;32222
0001;10;00;M;000270000000000;1331;;103813;1;55370
0002;10;00;M;000170000000000;1331;;202558;4;632593
0001;10;00;M;000270000000000;1331;;101425;3;49444
0001;10;00;M;000030000000000;1331;;103912;1;7222
0001;10;00;M;000030000000000;1331;;102619;1;8148
0001;10;00;M;000270000000000;1331;;101047;1;43333
0001;10;00;M;000030000000000;1331;;201312;3;13333
0001;10;00;M;000270000000000;1331;;102997;2;21852
0001;10;00;M;000270000000000;1331;;101891;1;15556
0001;10;00;M;000270000000000;1331;;103866;1;27593
0001;10;00;M;000270000000000;1331;;103695;1;73889
0001;10;00;M;000030000000000;1331;;102748;4;58519
0001;10;00;M;000030000000000;1331;;201237;1;6296
0020;10;00;M;000180000000000;1331;;108191;3;0
0002;10;00;M;000170000000000;1331;;202379;2;288519
0001;10;00;M;000270000000000;1331;;102919;1;68333
0001;10;00;M;000270000000000;1331;;102458;1;18333
0001;10;00;M;000270000000000;1331;;107334;1;83148
0001;10;00;M;000270000000000;1331;;104308;1;81296
0002;10;00;M;000170000000000;1331;;201960;2;25556
0001;10;00;M;000270000000000;1331;;103058;1;30370
0001;10;00;M;000270000000000;1331;;101051;1;46111
0001;10;00;M;000270000000000;1331;;107168;1;34074
0001;10;00;M;000270000000000;1331;;104215;1;17407
0001;10;00;M;000270000000000;1331;;109510;1;38704
0001;10;00;M;000030000000000;1331;;200007;4;47407
0001;10;00;M;000270000000000;1331;;102778;1;18333
0001;10;00;M;000270000000000;1331;;101883;1;50741
0001;10;00;M;000270000000000;1331;;102457;1;17407
0001;10;00;M;000270000000000;1331;;100939;1;20648
0001;10;00;M;000270000000000;1331;;105424;1;73889
0002;10;00;M;000170000000000;1331;;102605;1;44259
0001;10;00;M;000270000000000;1331;;102540;1;34074
0001;10;00;M;000270000000000;1331;;103612;1;14630
0001;10;00;M;000270000000000;1331;;103165;1;33148
0001;10;00;M;000270000000000;1331;;102594;1;57222
0001;10;00;M;000270000000000;1331;;102850;1;41481
0001;10;00;M;000270000000000;1331;;105636;1;0
0001;10;00;M;000270000000000;1331;;103953;1;15556
0001;10;00;M;000030000000000;1331;;201206;2;10741
0001;10;00;M;000030000000000;1331;;201277;1;5370
0010;10;00;M;;1331;;;;193815
0007;10;00;;;1331;;;;664575
0005;10;00;;;1331;;;;702216
