0001;10;00;M;000270000000000;1820;;106272;406;0
0001;10;00;M;000270000000000;1820;;104873;24;840000
0001;10;00;M;000030000000000;1820;;201704;33;476926
0001;10;00;M;000270000000000;1820;;107010;50;4574074
0001;10;00;M;000270000000000;1820;;101433;224;0
0001;10;00;M;000270000000000;1820;;101589;256;0
0001;10;00;M;000270000000000;1820;;104719;13;479074
0001;10;00;M;000270000000000;1820;;109266;7;147778
0001;10;00;M;000270000000000;1820;;102172;26;115556
0001;10;00;M;000030000000000;1820;;201269;86;541481
0001;10;00;M;000030000000000;1820;;101641;192;0
0002;10;00;M;000170000000000;1820;;202574;1;155370
0001;10;00;M;000270000000000;1820;;101931;14;282593
0001;10;00;M;000270000000000;1820;;102424;11;405370
0001;10;00;M;000270000000000;1820;;108668;64;1291852
0001;10;00;M;000270000000000;1820;;109166;28;591111
0001;10;00;M;000270000000000;1820;;101494;99;0
0002;10;00;M;000170000000000;1820;;201187;104;1040000
0001;10;00;M;000270000000000;1820;;109680;7;193148
0001;10;00;M;000270000000000;1820;;103171;14;373333
0001;10;00;M;000270000000000;1820;;101522;247;0
0001;10;00;M;000270000000000;1820;;109422;26;404444
0002;10;00;M;000170000000000;1820;;108726;1;55370
0002;10;00;M;000170000000000;1820;;108126;1;49815
0001;10;00;M;000270000000000;1820;;102477;8;391111
0001;10;00;M;000270000000000;1820;;101370;8;1183704
0001;10;00;M;000270000000000;1820;;101552;189;0
0001;10;00;M;000270000000000;1820;;102884;18;346667
0001;10;00;M;000270000000000;1820;;107904;9;1706667
0002;10;00;M;000170000000000;1820;;201615;147;2014444
0001;10;00;M;000270000000000;1820;;101062;38;3159630
0001;10;00;M;000270000000000;1820;;106372;7;212593
0001;10;00;M;000270000000000;1820;;108071;66;6037778
0002;10;00;M;000170000000000;1820;;103225;8;361481
0002;10;00;M;000170000000000;1820;;107767;21;987778
0001;10;00;M;000270000000000;1820;;102629;3;0
0001;10;00;M;000270000000000;1820;;104893;64;9469630
0001;10;00;M;000270000000000;1820;;101604;106;0
0001;10;00;M;000270000000000;1820;;105631;37;0
0001;10;00;M;000270000000000;1820;;105421;35;771296
0001;10;00;M;000030000000000;1820;;100614;218;1170741
0001;10;00;M;000030000000000;1820;;104554;43;191111
0002;10;00;M;000170000000000;1820;;202408;3;480000
0001;10;00;M;000270000000000;1820;;102460;4;117778
0001;10;00;M;000270000000000;1820;;101176;26;1078519
0001;10;00;M;000270000000000;1820;;101585;22;0
0001;10;00;M;000030000000000;1820;;201146;162;1020000
0001;10;00;M;000030000000000;1820;;200644;122;768148
0002;10;00;M;000170000000000;1820;;202405;1;157222
0001;10;00;M;000270000000000;1820;;103818;10;1192593
0001;10;00;M;000270000000000;1820;;102132;43;310556
0001;10;00;M;000030000000000;1820;;104446;38;309630
0001;10;00;M;000030000000000;1820;;102631;11;79444
0001;10;00;M;000270000000000;1820;;100967;51;1213556
0001;10;00;M;000270000000000;1820;;103160;42;653333
0001;10;00;M;000270000000000;1820;;109681;8;213333
0001;10;00;M;000270000000000;1820;;105224;7;614444
0001;10;00;M;000030000000000;1820;;201211;103;648519
0001;10;00;M;000270000000000;1820;;102403;7;147778
0001;10;00;M;000030000000000;1820;;100606;34;214074
0001;10;00;M;000030000000000;1820;;100613;24;144444
0002;10;00;M;000170000000000;1820;;101722;1;26667
0002;10;00;M;000170000000000;1820;;101728;30;938889
0001;10;00;M;000270000000000;1820;;107002;29;1954815
0001;10;00;M;000270000000000;1820;;107007;23;1592963
0001;10;00;M;000030000000000;1820;;200008;38;555926
0001;10;00;M;000030000000000;1820;;102637;23;208704
0001;10;00;M;000270000000000;1820;;103756;10;248148
0001;10;00;M;000270000000000;1820;;102070;5;272222
0002;10;00;M;000170000000000;1820;;108839;4;147407
0001;10;00;M;000270000000000;1820;;103902;12;1053333
0001;10;00;M;000270000000000;1820;;103946;24;1995556
0001;10;00;M;000270000000000;1820;;101477;35;0
0002;10;00;M;000170000000000;1820;;105918;8;205926
0001;10;00;M;000270000000000;1820;;101891;51;793333
0002;10;00;M;000170000000000;1820;;200480;46;545185
0001;10;00;M;000270000000000;1820;;102480;8;346667
0001;10;00;M;000030000000000;1820;;102635;112;910963
0001;10;00;M;000030000000000;1820;;201206;74;465926
0001;10;00;M;000270000000000;1820;;103773;15;233333
0001;10;00;M;000270000000000;1820;;104294;57;3947778
0001;10;00;M;000030000000000;1820;;102644;4;25185
0001;10;00;M;000030000000000;1820;;102619;12;97778
0001;10;00;M;000270000000000;1820;;102330;8;368889
0001;10;00;M;000270000000000;1820;;109689;10;0
0001;10;00;M;000270000000000;1820;;107404;8;0
0001;10;00;M;000270000000000;1820;;103345;9;481667
0001;10;00;M;000270000000000;1820;;101297;16;737778
0001;10;00;M;000030000000000;1820;;102748;39;570556
0001;10;00;M;000270000000000;1820;;102082;10;294444
0001;10;00;M;000030000000000;1820;;102749;19;154815
0001;10;00;M;000030000000000;1820;;108531;9;65000
0001;10;00;M;000270000000000;1820;;102423;7;296852
0001;10;00;M;000270000000000;1820;;102498;11;405370
0001;10;00;M;000270000000000;1820;;101563;15;0
0001;10;00;M;000270000000000;1820;;101487;33;0
0001;10;00;M;000270000000000;1820;;101583;33;0
0001;10;00;M;000270000000000;1820;;101592;43;0
0001;10;00;M;000270000000000;1820;;107006;50;2722222
0002;10;00;M;000170000000000;1820;;102774;6;254444
0002;10;00;M;000170000000000;1820;;200151;2;321852
0001;10;00;M;000270000000000;1820;;109224;14;645556
0001;10;00;M;000270000000000;1820;;102065;3;110556
0001;10;00;M;000030000000000;1820;;102102;23;230000
0001;10;00;M;000270000000000;1820;;103166;10;183333
0002;10;00;M;000170000000000;1820;;202495;1;137778
0002;10;00;M;000170000000000;1820;;108132;26;572963
0001;10;00;M;000270000000000;1820;;103592;37;2596852
0001;10;00;M;000030000000000;1820;;102747;88;635556
0001;10;00;M;000270000000000;1820;;101659;34;1567778
0001;10;00;M;000030000000000;1820;;102402;6;43333
0001;10;00;M;000030000000000;1820;;102620;2;18148
0001;10;00;M;000270000000000;1820;;109552;6;254444
0001;10;00;M;000270000000000;1820;;107008;47;2558889
0001;10;00;M;000270000000000;1820;;103995;10;229630
0001;10;00;M;000030000000000;1820;;200009;7;63519
0001;10;00;M;000270000000000;1820;;104315;20;1477778
0001;10;00;M;000270000000000;1820;;103389;16;871111
0002;10;00;M;000170000000000;1820;;106012;18;830000
0001;10;00;M;000270000000000;1820;;101114;16;189630
0001;10;00;M;000270000000000;1820;;107005;25;1717630
0001;10;00;M;000270000000000;1820;;101300;3;74444
0001;10;00;M;000270000000000;1820;;101302;5;128704
0002;10;00;M;000170000000000;1820;;101693;1;22037
0002;10;00;M;000170000000000;1820;;201961;14;178889
0001;10;00;M;000270000000000;1820;;108700;19;524259
0002;10;00;M;000170000000000;1820;;201959;17;217222
0001;10;00;M;000030000000000;1820;;100596;18;96667
0001;10;00;M;000030000000000;1820;;201237;31;195185
0001;10;00;M;000270000000000;1820;;101425;3;49444
0001;10;00;M;000270000000000;1820;;102683;1;19259
0001;10;00;M;000270000000000;1820;;107053;14;502963
0001;10;00;M;000270000000000;1820;;103750;8;213333
0001;10;00;M;000030000000000;1820;;102616;5;31481
0001;10;00;M;000030000000000;1820;;102641;1;10000
0001;10;00;M;000270000000000;1820;;103749;6;93333
0001;10;00;M;000030000000000;1820;;201277;3;18889
0001;10;00;M;000030000000000;1820;;108191;41;0
0001;10;00;M;000030000000000;1820;;102639;30;383333
0001;10;00;M;000270000000000;1820;;102499;7;309815
0001;10;00;M;000270000000000;1820;;103488;15;0
0001;10;00;M;000270000000000;1820;;104206;14;256667
0002;10;00;M;000170000000000;1820;;101727;12;364444
0001;10;00;M;000270000000000;1820;;103114;1;6296
0001;10;00;M;000270000000000;1820;;104233;3;75278
0001;10;00;M;000270000000000;1820;;104873;9;330833
0001;10;00;M;000270000000000;1820;;101299;3;84167
0001;10;00;M;000270000000000;1820;;104010;23;400370
0001;10;00;M;000270000000000;1820;;102028;1;22037
0001;10;00;M;000270000000000;1820;;104886;11;303519
0001;10;00;M;000270000000000;1820;;108486;1;22963
0001;10;00;M;000270000000000;1820;;107004;23;1252222
0002;10;00;M;000170000000000;1820;;202413;7;2675556
0001;10;00;M;000270000000000;1820;;105864;17;743556
0001;10;00;M;000270000000000;1820;;101962;7;445926
0001;10;00;M;000270000000000;1820;;101958;6;382222
0001;10;00;M;000270000000000;1820;;103192;33;2438333
0001;10;00;M;000270000000000;1820;;106352;9;665000
0001;10;00;M;000270000000000;1820;;103993;17;280185
0002;10;00;M;000170000000000;1820;;200039;0;0
0002;10;00;M;000170000000000;1820;;108836;7;199630
0001;10;00;M;000270000000000;1820;;102141;8;28148
0002;10;00;M;000170000000000;1820;;201387;2;275556
0001;10;00;M;000270000000000;1820;;100974;5;82407
0001;10;00;M;000270000000000;1820;;103810;1;28519
0001;10;00;M;000270000000000;1820;;102035;7;251481
0001;10;00;M;000270000000000;1820;;109681;1;28056
0001;10;00;M;000270000000000;1820;;101046;5;216667
0001;10;00;M;000030000000000;1820;;100601;34;182593
0002;10;00;M;000170000000000;1820;;200168;2;258889
0001;10;00;M;000270000000000;1820;;100978;3;86944
0001;10;00;M;000270000000000;1820;;101661;1;53333
0001;10;00;M;000270000000000;1820;;101301;5;261574
0001;10;00;M;000030000000000;1820;;201210;3;21667
0001;10;00;M;000270000000000;1820;;107052;1;33148
0001;10;00;M;000270000000000;1820;;101092;7;452407
0001;10;00;M;000270000000000;1820;;102053;13;455000
0001;10;00;M;000270000000000;1820;;101302;5;135185
0001;10;00;M;000270000000000;1820;;101033;5;124074
0001;10;00;M;000270000000000;1820;;103392;14;1073333
0001;10;00;M;000270000000000;1820;;103135;18;178000
0001;10;00;M;000270000000000;1820;;102293;3;10556
0001;10;00;M;000270000000000;1820;;102677;2;62593
0001;10;00;M;000270000000000;1820;;102238;1;2593
0001;10;00;M;000270000000000;1820;;102261;4;17778
0001;10;00;M;000270000000000;1820;;102907;1;15556
0001;10;00;M;000270000000000;1820;;100968;10;303704
0001;10;00;M;000270000000000;1820;;103106;10;229630
0001;10;00;M;000270000000000;1820;;102298;2;5185
0001;10;00;M;000270000000000;1820;;103400;8;102222
0002;10;00;M;000170000000000;1820;;200179;1;129444
0001;10;00;M;000270000000000;1820;;102476;17;626481
0001;10;00;M;000270000000000;1820;;108486;2;48333
0001;10;00;M;000270000000000;1820;;103774;3;186111
0001;10;00;M;000270000000000;1820;;102755;1;40648
0001;10;00;M;000270000000000;1820;;102008;4;125185
0001;10;00;M;000270000000000;1820;;104632;5;73148
0002;10;00;M;000170000000000;1820;;108101;2;68148
0001;10;00;M;000270000000000;1820;;101291;15;400000
0001;10;00;M;000270000000000;1820;;101303;1;22037
0001;10;00;M;000270000000000;1820;;101945;3;116111
0002;10;00;M;000170000000000;1820;;109656;6;198889
0002;10;00;M;000170000000000;1820;;107578;2;79259
0001;10;00;M;000270000000000;1820;;109486;3;91111
0001;10;00;M;000270000000000;1820;;103123;8;117037
0001;10;00;M;000270000000000;1820;;105221;3;5000
0002;10;00;M;000170000000000;1820;;109636;9;248333
0001;10;00;M;000270000000000;1820;;105446;9;0
0002;10;00;M;000170000000000;1820;;107581;7;186667
0002;10;00;M;000170000000000;1820;;101844;6;176667
0001;10;00;M;000270000000000;1820;;105520;12;0
0002;10;00;M;000170000000000;1820;;102775;2;82963
0001;10;00;M;000270000000000;1820;;109614;2;84815
0001;10;00;M;000270000000000;1820;;102484;4;140000
0001;10;00;M;000270000000000;1820;;102569;15;413889
0001;10;00;M;000270000000000;1820;;102913;5;137963
0001;10;00;M;000270000000000;1820;;107058;1;15556
0001;10;00;M;000270000000000;1820;;103876;9;323333
0001;10;00;M;000270000000000;1820;;201555;22;11705770
0001;10;00;M;000270000000000;1820;;103396;21;1746111
0001;10;00;M;000270000000000;1820;;102602;9;231667
0002;10;00;M;000170000000000;1820;;200173;3;407778
0002;10;00;M;000170000000000;1820;;101822;3;107778
0002;10;00;M;000170000000000;1820;;202412;2;545926
0001;10;00;M;000270000000000;1820;;108452;13;298519
0001;10;00;M;000270000000000;1820;;103541;2;31111
0002;10;00;M;000170000000000;1820;;103072;0;0
0002;10;00;M;000170000000000;1820;;109774;2;57037
0002;10;00;M;000170000000000;1820;;102848;12;497778
0002;10;00;M;000170000000000;1820;;101794;1;45185
0001;10;00;M;000030000000000;1820;;105735;2;0
0001;10;00;M;000270000000000;1820;;102050;4;132593
0001;10;00;M;000270000000000;1820;;102283;1;5370
0001;10;00;M;000270000000000;1820;;101088;3;10556
0002;10;00;M;000170000000000;1820;;202406;5;786111
0002;10;00;M;000170000000000;1820;;101739;1;32222
0001;10;00;M;000270000000000;1820;;101303;2;46296
0001;10;00;M;000270000000000;1820;;103861;2;149444
0001;10;00;M;000270000000000;1820;;100978;1;27593
0002;10;00;M;000170000000000;1820;;109585;6;171111
0001;10;00;M;000270000000000;1820;;102284;1;3519
0001;10;00;M;000270000000000;1820;;109408;5;175000
0001;10;00;M;000270000000000;1820;;103771;14;230741
0001;10;00;M;000270000000000;1820;;103945;10;692593
0002;10;00;M;000170000000000;1820;;200141;1;101667
0001;10;00;M;000270000000000;1820;;101569;1;0
0001;10;00;M;000270000000000;1820;;102680;4;136296
0001;10;00;M;000270000000000;1820;;101111;8;361481
0001;10;00;M;000270000000000;1820;;102483;2;86667
0001;10;00;M;000270000000000;1820;;101301;12;597778
0001;10;00;M;000270000000000;1820;;101661;4;202963
0002;10;00;M;000170000000000;1820;;101878;2;55185
0001;10;00;M;000270000000000;1820;;105188;13;394815
0001;10;00;M;000270000000000;1820;;104233;6;143333
0001;10;00;M;000270000000000;1820;;101390;9;0
0001;10;00;M;000270000000000;1820;;102856;8;0
0001;10;00;M;000270000000000;1820;;108453;4;69630
0001;10;00;M;000270000000000;1820;;109409;2;82963
0001;10;00;M;000270000000000;1820;;102485;3;127222
0001;10;00;M;000270000000000;1820;;102239;4;21481
0001;10;00;M;000030000000000;1820;;102750;2;16296
0001;10;00;M;000270000000000;1820;;107839;6;243333
0001;10;00;M;000270000000000;1820;;102903;9;323333
0001;10;00;M;000270000000000;1820;;102460;1;30926
0001;10;00;M;000270000000000;1820;;106353;8;613333
0001;10;00;M;000030000000000;1820;;102651;5;45370
0001;10;00;M;000270000000000;1820;;102912;2;45926
0001;10;00;M;000270000000000;1820;;105054;4;84444
0001;10;00;M;000270000000000;1820;;101482;8;0
0002;10;00;M;000170000000000;1820;;108118;4;147407
0001;10;00;M;000270000000000;1820;;103901;2;138519
0001;10;00;M;000270000000000;1820;;103856;4;143333
0002;10;00;M;000170000000000;1820;;200067;1;229444
0001;10;00;M;000270000000000;1820;;109680;2;57963
0001;10;00;M;000270000000000;1820;;105224;1;92222
0001;10;00;M;000030000000000;1820;;102638;6;60000
0001;10;00;M;000270000000000;1820;;108352;1;22037
0001;10;00;M;000270000000000;1820;;102523;1;13704
0001;10;00;M;000270000000000;1820;;103116;7;95926
0001;10;00;M;000270000000000;1820;;102148;1;1852
0001;10;00;M;000030000000000;1820;;100607;19;119630
0001;10;00;M;000030000000000;1820;;102630;3;24444
0001;10;00;M;000270000000000;1820;;102178;1;3519
0001;10;00;M;000270000000000;1820;;100995;8;87407
0001;10;00;M;000270000000000;1820;;103034;3;49444
0001;10;00;M;000270000000000;1820;;102163;1;4444
0001;10;00;M;000270000000000;1820;;102676;10;285185
0001;10;00;M;000270000000000;1820;;104306;2;27407
0001;10;00;M;000270000000000;1820;;101181;6;165556
0002;10;00;M;000170000000000;1820;;102890;7;264444
0001;10;00;M;000270000000000;1820;;102522;1;9074
0001;10;00;M;000270000000000;1820;;101197;2;34815
0001;10;00;M;000270000000000;1820;;103360;1;16481
0001;10;00;M;000270000000000;1820;;103365;1;9074
0001;10;00;M;000270000000000;1820;;103050;3;57778
0001;10;00;M;000270000000000;1820;;103030;1;13704
0001;10;00;M;000270000000000;1820;;102554;5;45370
0001;10;00;M;000270000000000;1820;;108353;1;22037
0001;10;00;M;000030000000000;1820;;101333;3;49444
0001;10;00;M;000270000000000;1820;;109640;3;60556
0001;10;00;M;000270000000000;1820;;107059;2;36667
0001;10;00;M;000270000000000;1820;;104013;1;17407
0001;10;00;M;000270000000000;1820;;100624;1;926
0001;10;00;M;000270000000000;1820;;102672;5;156481
0002;10;00;M;000170000000000;1820;;200608;1;97037
0001;10;00;M;000270000000000;1820;;102571;1;18333
0001;10;00;M;000270000000000;1820;;102314;5;45370
0001;10;00;M;000270000000000;1820;;102173;2;10741
0001;10;00;M;000270000000000;1820;;103364;1;9074
0001;10;00;M;000270000000000;1820;;102555;1;21111
0001;10;00;M;000270000000000;1820;;104660;1;22963
0001;10;00;M;000270000000000;1820;;103163;5;82407
0001;10;00;M;000270000000000;1820;;107771;4;375778
0001;10;00;M;000270000000000;1820;;102339;4;202963
0001;10;00;M;000270000000000;1820;;106357;5;151852
0001;10;00;M;000270000000000;1820;;101647;3;30000
0002;10;00;M;000170000000000;1820;;109659;2;73704
0001;10;00;M;000270000000000;1820;;107829;0;0
0001;10;00;M;000270000000000;1820;;103856;2;68148
0002;10;00;M;000170000000000;1820;;101080;1;23889
0001;10;00;M;000270000000000;1820;;101344;3;166111
0001;10;00;M;000270000000000;1820;;102906;2;10185
0001;10;00;M;000270000000000;1820;;103855;2;88519
0001;10;00;M;000270000000000;1820;;102678;7;238519
0002;10;00;M;000170000000000;1820;;109385;2;64444
0002;10;00;M;000170000000000;1820;;100988;1;28519
0001;10;00;M;000270000000000;1820;;109655;7;0
0001;10;00;M;000270000000000;1820;;102910;2;10185
0002;10;00;M;000170000000000;1820;;109770;1;35926
0001;10;00;M;000030000000000;1820;;202135;4;43704
0002;10;00;M;000170000000000;1820;;108416;1;70185
0001;10;00;M;000270000000000;1820;;102506;1;40556
0001;10;00;M;000270000000000;1820;;101300;1;26111
0001;10;00;M;000270000000000;1820;;101299;8;213333
0001;10;00;M;000270000000000;1820;;104638;12;831111
0002;10;00;M;000170000000000;1820;;101819;4;106667
0001;10;00;M;000270000000000;1820;;109679;6;382222
0002;10;00;M;000170000000000;1820;;200611;1;98889
0001;10;00;M;000270000000000;1820;;109771;1;30370
0001;10;00;M;000270000000000;1820;;109458;13;394815
0001;10;00;M;000270000000000;1820;;108314;2;82963
0001;10;00;M;000270000000000;1820;;102481;8;398519
0002;10;00;M;000170000000000;1820;;101839;2;68148
0001;10;00;M;000270000000000;1820;;103344;3;135556
0002;10;00;M;000170000000000;1820;;201960;9;115000
0001;10;00;M;000270000000000;1820;;102675;3;80000
0001;10;00;M;000270000000000;1820;;109685;1;32222
0002;10;00;M;000170000000000;1820;;108473;1;31296
0001;10;00;M;000270000000000;1820;;105474;8;0
0002;10;00;M;000170000000000;1820;;202411;8;1961481
0002;10;00;M;000170000000000;1820;;108100;2;82963
0001;10;00;M;000270000000000;1820;;102673;4;136296
0002;10;00;M;000170000000000;1820;;101719;13;358704
0001;10;00;M;000270000000000;1820;;102286;1;2593
0002;10;00;M;000170000000000;1820;;108103;1;63704
0001;10;00;M;000270000000000;1820;;102908;1;5093
0001;10;00;M;000030000000000;1820;;100626;1;9074
0001;10;00;M;000030000000000;1820;;102111;1;10000
0002;10;00;M;000170000000000;1820;;200627;7;484815
0001;10;00;M;000270000000000;1820;;101483;4;0
0002;10;00;M;000170000000000;1820;;101783;2;57037
0001;10;00;M;000270000000000;1820;;105530;12;0
0001;10;00;M;000270000000000;1820;;101888;1;30370
0001;10;00;M;000030000000000;1820;;200000;3;35556
0001;10;00;M;000030000000000;1820;;100628;1;6296
0001;10;00;M;000030000000000;1820;;102751;2;16296
0001;10;00;M;000270000000000;1820;;109051;5;1989815
0001;10;00;M;000030000000000;1820;;200004;6;54444
0002;10;00;M;000170000000000;1820;;100948;1;44259
0002;10;00;M;000170000000000;1820;;101775;2;45926
0002;10;00;M;000170000000000;1820;;101689;6;210000
0001;10;00;M;000270000000000;1820;;100888;4;491852
0001;10;00;M;000270000000000;1820;;104741;0;0
0020;10;00;M;000180000000000;1820;;201604;61;250100
0002;10;00;M;000170000000000;1820;;200137;2;207037
0001;10;00;M;000270000000000;1820;;103823;2;64444
0001;10;00;M;000270000000000;1820;;102682;2;32963
0001;10;00;M;000270000000000;1820;;103774;2;118148
0002;10;00;M;000170000000000;1820;;201405;4;910370
0001;10;00;M;000270000000000;1820;;104632;2;30741
0001;10;00;M;000270000000000;1820;;109688;4;0
0001;10;00;M;000270000000000;1820;;109687;3;0
0002;10;00;M;000170000000000;1820;;202613;2;214444
0001;10;00;M;000270000000000;1820;;103648;1;24815
0002;10;00;M;000170000000000;1820;;104099;8;235556
0001;10;00;M;000270000000000;1820;;101516;2;0
0001;10;00;M;000270000000000;1820;;104447;0;0
0002;10;00;M;000170000000000;1820;;102979;1;31296
0002;10;00;M;000170000000000;1820;;202486;6;1010000
0001;10;00;M;000270000000000;1820;;103337;2;85185
0001;10;00;M;000270000000000;1820;;101033;1;24815
0001;10;00;M;000270000000000;1820;;109683;1;46481
0002;10;00;M;000170000000000;1820;;202670;1;185000
0001;10;00;M;000270000000000;1820;;103369;5;739815
0002;10;00;M;000170000000000;1820;;108119;1;51667
0002;10;00;M;000170000000000;1820;;202404;3;430000
0001;10;00;M;000270000000000;1820;;101961;4;254815
0001;10;00;M;000030000000000;1820;;108533;1;9074
0002;10;00;M;000170000000000;1820;;108840;1;90556
0001;10;00;M;000270000000000;1820;;106736;1;1852
0001;10;00;M;000270000000000;1820;;102315;1;2593
0002;10;00;M;000170000000000;1820;;202599;1;133148
0002;10;00;M;000170000000000;1820;;101726;4;121481
0002;10;00;M;000170000000000;1820;;109535;11;853519
0001;10;00;M;000270000000000;1820;;202572;5;25463
0002;10;00;M;000170000000000;1820;;200142;1;104444
0001;10;00;M;000270000000000;1820;;109677;5;304630
0001;10;00;M;000270000000000;1820;;109682;2;58889
0001;10;00;M;000270000000000;1820;;105082;1;3519
0001;10;00;M;000270000000000;1820;;101479;2;0
0002;10;00;M;000170000000000;1820;;108120;2;81111
0001;10;00;M;000270000000000;1820;;109653;3;82778
0002;10;00;M;000170000000000;1820;;101712;4;206667
0001;10;00;M;000270000000000;1820;;109686;6;0
0002;10;00;M;000170000000000;1820;;200573;2;418148
0001;10;00;M;000270000000000;1820;;102281;2;3333
0002;10;00;M;000170000000000;1820;;200466;1;152593
0002;10;00;M;000170000000000;1820;;202403;1;124815
0002;10;00;M;000170000000000;1820;;109639;1;63704
0001;10;00;M;000270000000000;1820;;107382;1;0
0002;10;00;M;000170000000000;1820;;200129;1;354444
0001;10;00;M;000270000000000;1820;;104623;4;147407
0002;10;00;M;000170000000000;1820;;101786;1;35926
0002;10;00;M;000170000000000;1820;;109187;1;40556
0002;10;00;M;000170000000000;1820;;202365;2;295926
0002;10;00;M;000170000000000;1820;;109792;2;75259
0002;10;00;M;000170000000000;1820;;109791;2;75259
0002;10;00;M;000170000000000;1820;;107095;4;91852
0002;10;00;M;000170000000000;1820;;107563;1;25741
0002;10;00;M;000170000000000;1820;;200146;3;485556
0002;10;00;M;000170000000000;1820;;200150;3;496667
0002;10;00;M;000170000000000;1820;;108116;1;41481
0002;10;00;M;000170000000000;1820;;101672;1;22963
0002;10;00;M;000170000000000;1820;;101709;4;106667
0002;10;00;M;000170000000000;1820;;108232;8;465185
0001;10;00;M;000270000000000;1820;;102198;4;14074
0002;10;00;M;000170000000000;1820;;101658;2;79259
0002;10;00;M;000170000000000;1820;;200152;2;203333
0002;10;00;M;000170000000000;1820;;101784;4;173333
0002;10;00;M;000170000000000;1820;;101881;3;402222
0001;10;00;M;000270000000000;1820;;109772;2;60741
0002;10;00;M;000170000000000;1820;;202636;2;364444
0002;10;00;M;000170000000000;1820;;201613;1;314630
0001;10;00;M;000270000000000;1820;;105419;1;0
0002;10;00;M;000170000000000;1820;;202614;1;135000
0001;10;00;M;000270000000000;1820;;102278;1;1667
0002;10;00;M;000170000000000;1820;;101718;3;80000
0002;10;00;M;000170000000000;1820;;200033;2;364444
0001;10;00;M;000270000000000;1820;;102684;1;16481
0001;10;00;M;000030000000000;1820;;102112;2;10741
0002;10;00;M;000170000000000;1820;;101772;2;29259
0002;10;00;M;000170000000000;1820;;200140;1;66481
0001;10;00;M;000270000000000;1820;;109684;1;23889
0001;10;00;M;000270000000000;1820;;100788;2;10185
0002;10;00;M;000170000000000;1820;;101193;2;53333
0001;10;00;M;000270000000000;1820;;101475;2;0
0001;10;00;M;000030000000000;1820;;102645;1;7222
0001;10;00;M;000030000000000;1820;;202133;0;0
0001;10;00;M;000270000000000;1820;;102836;1;12778
0001;10;00;M;000270000000000;1820;;103100;0;0
0002;10;00;M;000170000000000;1820;;202296;2;262593
0001;10;00;M;000270000000000;1820;;101955;1;104444
0001;10;00;M;000270000000000;1820;;102220;1;6296
0001;10;00;M;000030000000000;1820;;102887;4;47407
0001;10;00;M;000030000000000;1820;;102617;1;7222
0002;10;00;M;000170000000000;1820;;200630;1;117407
0007;10;00;;;1820;;;;14800305
0005;10;00;;;1820;;;;12134993
