0002;10;00;M;000170000000000;1820;;108726;1;55370
0002;10;00;M;000170000000000;1820;;108126;1;49815
0001;10;00;M;000270000000000;1820;;106272;67;0
0001;10;00;M;000270000000000;1820;;102477;4;195556
0001;10;00;M;000270000000000;1820;;101370;2;295926
0001;10;00;M;000270000000000;1820;;101552;36;0
0001;10;00;M;000270000000000;1820;;102884;3;57778
0001;10;00;M;000270000000000;1820;;107904;2;379259
0002;10;00;M;000170000000000;1820;;201615;16;219259
0001;10;00;M;000270000000000;1820;;104873;3;105000
0001;10;00;M;000270000000000;1820;;101062;5;415741
0001;10;00;M;000270000000000;1820;;101589;38;0
0001;10;00;M;000270000000000;1820;;101522;42;0
0001;10;00;M;000270000000000;1820;;106372;3;91111
0001;10;00;M;000270000000000;1820;;108071;10;914815
0002;10;00;M;000170000000000;1820;;103225;2;90370
0002;10;00;M;000170000000000;1820;;107767;8;376296
0001;10;00;M;000270000000000;1820;;102629;2;0
0001;10;00;M;000270000000000;1820;;104893;10;1479630
0001;10;00;M;000270000000000;1820;;107010;9;823333
0001;10;00;M;000270000000000;1820;;101604;20;0
0001;10;00;M;000270000000000;1820;;102172;9;40000
0001;10;00;M;000270000000000;1820;;105631;6;0
0001;10;00;M;000270000000000;1820;;108668;7;141296
0001;10;00;M;000270000000000;1820;;105421;7;154259
0001;10;00;M;000030000000000;1820;;100614;63;338333
0001;10;00;M;000030000000000;1820;;104554;8;35556
0001;10;00;M;000030000000000;1820;;200644;14;88148
0001;10;00;M;000030000000000;1820;;101641;30;0
0001;10;00;M;000270000000000;1820;;108453;2;34815
0001;10;00;M;000030000000000;1820;;201146;27;170000
0001;10;00;M;000030000000000;1820;;102639;10;127778
0001;10;00;M;000270000000000;1820;;102569;6;165556
0001;10;00;M;000270000000000;1820;;107005;5;346296
0001;10;00;M;000270000000000;1820;;101482;2;0
0001;10;00;M;000030000000000;1820;;102747;25;180556
0001;10;00;M;000030000000000;1820;;201211;20;125926
0002;10;00;M;000170000000000;1820;;106012;4;184444
0001;10;00;M;000270000000000;1820;;102082;1;29444
0001;10;00;M;000270000000000;1820;;103106;3;68889
0001;10;00;M;000270000000000;1820;;100968;3;91111
0002;10;00;M;000170000000000;1820;;201960;4;51111
0001;10;00;M;000270000000000;1820;;103192;8;591111
0001;10;00;M;000270000000000;1820;;101433;26;0
0001;10;00;M;000270000000000;1820;;102423;3;127222
0001;10;00;M;000270000000000;1820;;107002;5;337037
0001;10;00;M;000270000000000;1820;;100974;1;16481
0001;10;00;M;000270000000000;1820;;103135;4;40000
0001;10;00;M;000270000000000;1820;;105224;1;87778
0002;10;00;M;000170000000000;1820;;200630;1;117407
0001;10;00;M;000270000000000;1820;;101114;4;47407
0001;10;00;M;000270000000000;1820;;101891;11;171111
0001;10;00;M;000270000000000;1820;;104315;1;73889
0001;10;00;M;000270000000000;1820;;103389;3;163333
0001;10;00;M;000030000000000;1820;;102749;4;32593
0001;10;00;M;000030000000000;1820;;201269;18;113333
0001;10;00;M;000270000000000;1820;;107008;9;490000
0001;10;00;M;000270000000000;1820;;109422;4;62222
0001;10;00;M;000270000000000;1820;;107006;10;544444
0002;10;00;M;000170000000000;1820;;200480;9;106667
0001;10;00;M;000030000000000;1820;;102635;20;162963
0001;10;00;M;000270000000000;1820;;109166;4;84444
0001;10;00;M;000270000000000;1820;;107007;3;207778
0002;10;00;M;000170000000000;1820;;201187;15;150000
0001;10;00;M;000270000000000;1820;;101300;2;49630
0001;10;00;M;000270000000000;1820;;101302;2;51481
0001;10;00;M;000270000000000;1820;;101659;11;507222
0001;10;00;M;000270000000000;1820;;103946;2;166296
0001;10;00;M;000270000000000;1820;;102070;2;108889
0002;10;00;M;000170000000000;1820;;101693;1;22037
0001;10;00;M;000030000000000;1820;;200008;5;73148
0002;10;00;M;000170000000000;1820;;201961;2;25556
0002;10;00;M;000170000000000;1820;;108132;1;22037
0001;10;00;M;000270000000000;1820;;101494;7;0
0002;10;00;M;000170000000000;1820;;101728;4;125185
0001;10;00;M;000270000000000;1820;;108700;7;193148
0002;10;00;M;000170000000000;1820;;201959;4;51111
0001;10;00;M;000030000000000;1820;;100596;4;21481
0001;10;00;M;000030000000000;1820;;102748;9;131667
0001;10;00;M;000030000000000;1820;;201237;9;56667
0001;10;00;M;000030000000000;1820;;102637;6;54444
0001;10;00;M;000270000000000;1820;;101477;2;0
0001;10;00;M;000270000000000;1820;;101425;1;16481
0001;10;00;M;000030000000000;1820;;201704;3;43889
0001;10;00;M;000270000000000;1820;;102683;1;19259
0001;10;00;M;000270000000000;1820;;107053;2;71852
0001;10;00;M;000270000000000;1820;;103750;1;26667
0001;10;00;M;000030000000000;1820;;102616;3;18889
0001;10;00;M;000030000000000;1820;;102641;1;10000
0001;10;00;M;000270000000000;1820;;103749;1;15556
0001;10;00;M;000270000000000;1820;;104719;1;36852
0001;10;00;M;000270000000000;1820;;102132;8;57778
0001;10;00;M;000030000000000;1820;;100606;8;50370
0001;10;00;M;000270000000000;1820;;103160;5;77778
0001;10;00;M;000030000000000;1820;;201277;2;12593
0001;10;00;M;000030000000000;1820;;108191;8;0
0001;10;00;M;000270000000000;1820;;102499;3;132778
0001;10;00;M;000270000000000;1820;;103488;4;0
0001;10;00;M;000270000000000;1820;;101487;7;0
0001;10;00;M;000270000000000;1820;;101583;7;0
0001;10;00;M;000270000000000;1820;;101592;11;0
0001;10;00;M;000270000000000;1820;;103592;8;561481
0001;10;00;M;000270000000000;1820;;103171;2;53333
0001;10;00;M;000270000000000;1820;;104206;3;55000
0001;10;00;M;000270000000000;1820;;108352;1;22037
0001;10;00;M;000270000000000;1820;;102523;1;13704
0001;10;00;M;000270000000000;1820;;103116;4;54815
0001;10;00;M;000270000000000;1820;;102148;1;1852
0001;10;00;M;000030000000000;1820;;100607;11;69259
0001;10;00;M;000030000000000;1820;;102630;3;24444
0001;10;00;M;000270000000000;1820;;102178;1;3519
0001;10;00;M;000270000000000;1820;;100995;8;87407
0001;10;00;M;000270000000000;1820;;103034;3;49444
0001;10;00;M;000270000000000;1820;;102163;1;4444
0001;10;00;M;000270000000000;1820;;102676;3;85556
0001;10;00;M;000270000000000;1820;;104306;2;27407
0001;10;00;M;000270000000000;1820;;101181;6;165556
0002;10;00;M;000170000000000;1820;;102890;6;226667
0001;10;00;M;000270000000000;1820;;102522;1;9074
0001;10;00;M;000270000000000;1820;;101197;2;34815
0001;10;00;M;000270000000000;1820;;103360;1;16481
0001;10;00;M;000270000000000;1820;;103365;1;9074
0001;10;00;M;000270000000000;1820;;103050;2;38519
0001;10;00;M;000270000000000;1820;;103030;1;13704
0001;10;00;M;000270000000000;1820;;102554;3;27222
0001;10;00;M;000270000000000;1820;;108353;1;22037
0001;10;00;M;000030000000000;1820;;101333;3;49444
0001;10;00;M;000270000000000;1820;;109640;3;60556
0001;10;00;M;000270000000000;1820;;107059;1;18333
0001;10;00;M;000270000000000;1820;;104013;1;17407
0001;10;00;M;000030000000000;1820;;102638;1;10000
0001;10;00;M;000030000000000;1820;;102402;2;14444
0001;10;00;M;000270000000000;1820;;100624;1;926
0001;10;00;M;000270000000000;1820;;102672;3;93889
0002;10;00;M;000170000000000;1820;;200608;1;97037
0001;10;00;M;000030000000000;1820;;108531;1;7222
0001;10;00;M;000270000000000;1820;;102571;1;18333
0001;10;00;M;000270000000000;1820;;102314;1;9074
0001;10;00;M;000270000000000;1820;;102173;1;5370
0001;10;00;M;000270000000000;1820;;103364;1;9074
0001;10;00;M;000270000000000;1820;;102555;1;21111
0001;10;00;M;000270000000000;1820;;104660;1;22963
0001;10;00;M;000270000000000;1820;;103163;2;32963
0001;10;00;M;000270000000000;1820;;107771;1;98889
0001;10;00;M;000270000000000;1820;;102483;1;43333
0001;10;00;M;000270000000000;1820;;102903;2;71852
0001;10;00;M;000270000000000;1820;;101563;3;0
0001;10;00;M;000270000000000;1820;;100967;6;143333
0001;10;00;M;000270000000000;1820;;102339;4;202963
0001;10;00;M;000270000000000;1820;;104010;4;69630
0001;10;00;M;000270000000000;1820;;106357;3;91111
0001;10;00;M;000270000000000;1820;;101647;2;20000
0001;10;00;M;000030000000000;1820;;102102;3;30000
0002;10;00;M;000170000000000;1820;;109659;1;36852
0001;10;00;M;000030000000000;1820;;102631;1;7222
0001;10;00;M;000270000000000;1820;;107829;0;0
0001;10;00;M;000270000000000;1820;;103856;1;34074
0002;10;00;M;000170000000000;1820;;101080;1;23889
0001;10;00;M;000270000000000;1820;;101111;1;45185
0001;10;00;M;000270000000000;1820;;101344;2;110741
0001;10;00;M;000270000000000;1820;;102906;1;5093
0001;10;00;M;000270000000000;1820;;103392;2;153333
0001;10;00;M;000270000000000;1820;;103855;1;44259
0001;10;00;M;000270000000000;1820;;102476;2;73704
0001;10;00;M;000270000000000;1820;;102678;3;102222
0002;10;00;M;000170000000000;1820;;109385;1;32222
0002;10;00;M;000170000000000;1820;;100988;1;28519
0001;10;00;M;000270000000000;1820;;109655;1;0
0001;10;00;M;000030000000000;1820;;102619;2;16296
0001;10;00;M;000270000000000;1820;;109266;1;21111
0001;10;00;M;000270000000000;1820;;104294;4;277037
0001;10;00;M;000270000000000;1820;;103396;1;83148
0001;10;00;M;000270000000000;1820;;103166;1;18333
0001;10;00;M;000270000000000;1820;;102910;2;10185
0002;10;00;M;000170000000000;1820;;202412;2;545926
0001;10;00;M;000270000000000;1820;;101291;2;53333
0001;10;00;M;000270000000000;1820;;105054;1;21111
0002;10;00;M;000170000000000;1820;;109770;1;35926
0001;10;00;M;000030000000000;1820;;202135;1;10926
0001;10;00;M;000030000000000;1820;;100613;1;6019
0002;10;00;M;000170000000000;1820;;108416;1;70185
0001;10;00;M;000270000000000;1820;;102506;1;40556
0001;10;00;M;000270000000000;1820;;107004;3;163333
0001;10;00;M;000270000000000;1820;;105188;2;60741
0001;10;00;M;000030000000000;1820;;201206;8;50370
0001;10;00;M;000270000000000;1820;;103773;2;31111
0001;10;00;M;000270000000000;1820;;103771;4;65926
0001;10;00;M;000270000000000;1820;;102484;2;70000
0001;10;00;M;000270000000000;1820;;102912;1;22963
0001;10;00;M;000270000000000;1820;;108452;2;45926
0001;10;00;M;000270000000000;1820;;102053;1;35000
0001;10;00;M;000270000000000;1820;;104873;1;36759
0001;10;00;M;000270000000000;1820;;101301;2;104630
0001;10;00;M;000270000000000;1820;;101300;1;26111
0001;10;00;M;000270000000000;1820;;101299;1;26667
0001;10;00;M;000270000000000;1820;;104638;4;277037
0002;10;00;M;000170000000000;1820;;101819;2;53333
0002;10;00;M;000170000000000;1820;;101727;4;121481
0001;10;00;M;000270000000000;1820;;102424;2;73704
0001;10;00;M;000270000000000;1820;;100978;1;28981
0001;10;00;M;000270000000000;1820;;103345;1;53519
0001;10;00;M;000270000000000;1820;;109679;2;127407
0002;10;00;M;000170000000000;1820;;200611;1;98889
0001;10;00;M;000270000000000;1820;;102008;1;31296
0001;10;00;M;000270000000000;1820;;109771;1;30370
0001;10;00;M;000030000000000;1820;;200009;1;9074
0001;10;00;M;000270000000000;1820;;109458;1;30370
0001;10;00;M;000030000000000;1820;;102644;1;6296
0001;10;00;M;000030000000000;1820;;104446;1;8148
0001;10;00;M;000270000000000;1820;;108314;1;41481
0001;10;00;M;000270000000000;1820;;101297;1;46111
0001;10;00;M;000270000000000;1820;;103902;1;87778
0001;10;00;M;000270000000000;1820;;102481;1;49815
0001;10;00;M;000270000000000;1820;;106353;3;230000
0001;10;00;M;000270000000000;1820;;103945;1;69259
0002;10;00;M;000170000000000;1820;;200151;1;160926
0001;10;00;M;000270000000000;1820;;104233;2;47778
0002;10;00;M;000170000000000;1820;;101839;2;68148
0001;10;00;M;000270000000000;1820;;109680;1;27593
0001;10;00;M;000270000000000;1820;;103344;1;45185
0001;10;00;M;000270000000000;1820;;102675;1;26667
0001;10;00;M;000270000000000;1820;;103400;1;12778
0001;10;00;M;000270000000000;1820;;102498;2;73704
0001;10;00;M;000270000000000;1820;;109685;1;32222
0001;10;00;M;000270000000000;1820;;103756;3;74444
0001;10;00;M;000270000000000;1820;;104886;1;27593
0001;10;00;M;000270000000000;1820;;102141;1;3519
0002;10;00;M;000170000000000;1820;;101878;1;27593
0002;10;00;M;000170000000000;1820;;108473;1;31296
0001;10;00;M;000270000000000;1820;;105520;1;0
0001;10;00;M;000270000000000;1820;;105474;1;0
0001;10;00;M;000030000000000;1820;;100601;2;10741
0001;10;00;M;000270000000000;1820;;103995;1;22963
0001;10;00;M;000270000000000;1820;;103818;1;119259
0002;10;00;M;000170000000000;1820;;202411;1;245185
0001;10;00;M;000270000000000;1820;;101033;1;24815
0002;10;00;M;000170000000000;1820;;108100;1;41481
0001;10;00;M;000270000000000;1820;;102602;2;51481
0001;10;00;M;000270000000000;1820;;105864;3;132778
0002;10;00;M;000170000000000;1820;;200168;1;129444
0001;10;00;M;000270000000000;1820;;102677;1;31296
0001;10;00;M;000270000000000;1820;;102680;1;34074
0001;10;00;M;000270000000000;1820;;102673;2;68148
0001;10;00;M;000270000000000;1820;;109681;2;53333
0002;10;00;M;000170000000000;1820;;107581;1;26667
0002;10;00;M;000170000000000;1820;;109636;1;27593
0001;10;00;M;000270000000000;1820;;102286;1;2593
0002;10;00;M;000170000000000;1820;;108103;1;63704
0002;10;00;M;000170000000000;1820;;107578;1;39630
0001;10;00;M;000270000000000;1820;;102908;1;5093
0001;10;00;M;000270000000000;1820;;102460;1;29444
0001;10;00;M;000270000000000;1820;;101301;1;49815
0007;10;00;;;1820;;;;2191275
0005;10;00;;;1820;;;;1798970
